COUNTRY	Burkina_Faso	Cape_Verde	Dominican_Republic	Fiji	Honduras	Namibia	albania	angola	arab-emirates	argentina	australia	austria	bangladesh	belgium	bhutan	brazil	bulgaria	canada	chile	china	colombia	costa-rica	croatia	czech-republic	denmark	ecuador	egypt	el-salvador	estonia	ethiopia	finland	france	germany	ghana	greece	guatemala	hong-kong	hungary	iceland	india	indonesia	iran	iraq	ireland	israel	italy	jamaica	japan	jordan	kenya	kuwait	latvia	lebanon	libya	lithuania	luxemburg	malawi	malaysia	malta	mexico	morocco	mozambique	nepal	netherlands	new-zealand	nigeria	norway	pakistan	panama	peru	philippines	poland	portugal	romania	russia	saudi-arabia	senegal	serbia	sierra-leone	singapore	slovakia	slovenia	south-africa	south-korea	spain	sri_lanka	surinam	sweden	switzerland	syria	taiwan	tanzania	thailand	trinidad	turkey	ukraine	united-kingdom	united-states	uruguay	venezuela	vietnam	zambia
Burkina_Faso	1.00	0.75	0.50	1.07	0.75	0.50	0.75	0.83	0.60	0.33	0.17	0.27	0.75	0.20	0.29	0.39	0.50	0.19	0.65	0.75	1.15	1.00	0.45	0.26	0.20	1.88	0.60	0.79	0.25	0.75	0.24	0.21	0.22	1.00	0.43	2.50	0.60	0.19	0.25	0.31	1.07	0.37	0.50	0.21	0.28	0.20	0.38	0.33	0.50	0.60	0.60	0.21	0.38	0.39	0.25	0.25	0.50	0.58	0.25	0.50	0.33	1.00	0.50	0.19	0.19	0.50	0.22	1.07	1.36	0.94	0.47	0.25	0.56	0.50	0.38	0.60	0.60	0.60	0.75	0.75	0.29	0.56	0.23	0.83	0.29	0.43	0.32	0.21	0.22	0.43	0.88	0.60	0.75	0.94	0.41	0.60	0.17	0.16	0.42	1.25	0.75	0.43
Cape_Verde	1.33	1.00	0.67	1.43	1.00	0.67	1.00	1.11	0.80	0.43	0.22	0.36	1.00	0.27	0.38	0.53	0.67	0.25	0.87	1.00	1.54	1.33	0.61	0.34	0.27	2.50	0.80	1.05	0.33	1.00	0.32	0.28	0.30	1.33	0.57	3.33	0.80	0.25	0.33	0.42	1.43	0.49	0.67	0.29	0.37	0.26	0.51	0.43	0.67	0.80	0.80	0.29	0.50	0.53	0.33	0.33	0.67	0.77	0.34	0.67	0.43	1.33	0.67	0.25	0.25	0.67	0.29	1.43	1.82	1.25	0.62	0.33	0.74	0.67	0.51	0.80	0.80	0.80	1.00	1.00	0.38	0.74	0.31	1.11	0.39	0.57	0.43	0.28	0.29	0.57	1.18	0.80	1.00	1.25	0.54	0.80	0.22	0.22	0.56	1.67	1.00	0.57
Dominican_Republic	2.00	1.50	1.00	2.14	1.50	1.00	1.50	1.67	1.20	0.65	0.33	0.55	1.50	0.40	0.58	0.79	1.00	0.38	1.30	1.50	2.31	2.00	0.91	0.52	0.41	3.75	1.20	1.58	0.50	1.50	0.48	0.42	0.45	2.00	0.86	5.00	1.20	0.38	0.50	0.62	2.14	0.73	1.00	0.43	0.56	0.39	0.77	0.65	1.00	1.20	1.20	0.43	0.75	0.79	0.50	0.50	1.00	1.15	0.51	1.00	0.65	2.00	1.00	0.38	0.38	1.00	0.43	2.14	2.73	1.88	0.94	0.50	1.11	1.00	0.77	1.20	1.20	1.20	1.50	1.50	0.58	1.11	0.46	1.67	0.59	0.86	0.64	0.42	0.44	0.86	1.76	1.20	1.50	1.88	0.81	1.20	0.34	0.33	0.83	2.50	1.50	0.86
Fiji	0.93	0.70	0.47	1.00	0.70	0.47	0.70	0.78	0.56	0.30	0.16	0.25	0.70	0.19	0.27	0.37	0.47	0.17	0.61	0.70	1.08	0.93	0.42	0.24	0.19	1.75	0.56	0.74	0.23	0.70	0.22	0.20	0.21	0.93	0.40	2.33	0.56	0.17	0.23	0.29	1.00	0.34	0.47	0.20	0.26	0.18	0.36	0.30	0.47	0.56	0.56	0.20	0.35	0.37	0.23	0.23	0.47	0.54	0.24	0.47	0.30	0.93	0.47	0.17	0.18	0.47	0.20	1.00	1.27	0.88	0.44	0.23	0.52	0.47	0.36	0.56	0.56	0.56	0.70	0.70	0.27	0.52	0.22	0.78	0.27	0.40	0.30	0.20	0.21	0.40	0.82	0.56	0.70	0.88	0.38	0.56	0.16	0.15	0.39	1.17	0.70	0.40
Honduras	1.33	1.00	0.67	1.43	1.00	0.67	1.00	1.11	0.80	0.43	0.22	0.36	1.00	0.27	0.38	0.53	0.67	0.25	0.87	1.00	1.54	1.33	0.61	0.34	0.27	2.50	0.80	1.05	0.33	1.00	0.32	0.28	0.30	1.33	0.57	3.33	0.80	0.25	0.33	0.42	1.43	0.49	0.67	0.29	0.37	0.26	0.51	0.43	0.67	0.80	0.80	0.29	0.50	0.53	0.33	0.33	0.67	0.77	0.34	0.67	0.43	1.33	0.67	0.25	0.25	0.67	0.29	1.43	1.82	1.25	0.62	0.33	0.74	0.67	0.51	0.80	0.80	0.80	1.00	1.00	0.38	0.74	0.31	1.11	0.39	0.57	0.43	0.28	0.29	0.57	1.18	0.80	1.00	1.25	0.54	0.80	0.22	0.22	0.56	1.67	1.00	0.57
Namibia	2.00	1.50	1.00	2.14	1.50	1.00	1.50	1.67	1.20	0.65	0.33	0.55	1.50	0.40	0.58	0.79	1.00	0.38	1.30	1.50	2.31	2.00	0.91	0.52	0.41	3.75	1.20	1.58	0.50	1.50	0.48	0.42	0.45	2.00	0.86	5.00	1.20	0.38	0.50	0.62	2.14	0.73	1.00	0.43	0.56	0.39	0.77	0.65	1.00	1.20	1.20	0.43	0.75	0.79	0.50	0.50	1.00	1.15	0.51	1.00	0.65	2.00	1.00	0.38	0.38	1.00	0.43	2.14	2.73	1.88	0.94	0.50	1.11	1.00	0.77	1.20	1.20	1.20	1.50	1.50	0.58	1.11	0.46	1.67	0.59	0.86	0.64	0.42	0.44	0.86	1.76	1.20	1.50	1.88	0.81	1.20	0.34	0.33	0.83	2.50	1.50	0.86
albania	1.33	1.00	0.67	1.43	1.00	0.67	1.00	1.11	0.80	0.43	0.22	0.36	1.00	0.27	0.38	0.53	0.67	0.25	0.87	1.00	1.54	1.33	0.61	0.34	0.27	2.50	0.80	1.05	0.33	1.00	0.32	0.28	0.30	1.33	0.57	3.33	0.80	0.25	0.33	0.42	1.43	0.49	0.67	0.29	0.37	0.26	0.51	0.43	0.67	0.80	0.80	0.29	0.50	0.53	0.33	0.33	0.67	0.77	0.34	0.67	0.43	1.33	0.67	0.25	0.25	0.67	0.29	1.43	1.82	1.25	0.62	0.33	0.74	0.67	0.51	0.80	0.80	0.80	1.00	1.00	0.38	0.74	0.31	1.11	0.39	0.57	0.43	0.28	0.29	0.57	1.18	0.80	1.00	1.25	0.54	0.80	0.22	0.22	0.56	1.67	1.00	0.57
angola	1.20	0.90	0.60	1.29	0.90	0.60	0.90	1.00	0.72	0.39	0.20	0.33	0.90	0.24	0.35	0.47	0.60	0.23	0.78	0.90	1.38	1.20	0.55	0.31	0.24	2.25	0.72	0.95	0.30	0.90	0.29	0.25	0.27	1.20	0.51	3.00	0.72	0.23	0.30	0.38	1.29	0.44	0.60	0.26	0.33	0.24	0.46	0.39	0.60	0.72	0.72	0.26	0.45	0.47	0.30	0.30	0.60	0.69	0.31	0.60	0.39	1.20	0.60	0.23	0.23	0.60	0.26	1.29	1.64	1.12	0.56	0.30	0.67	0.60	0.46	0.72	0.72	0.72	0.90	0.90	0.35	0.67	0.28	1.00	0.35	0.51	0.38	0.25	0.26	0.51	1.06	0.72	0.90	1.12	0.49	0.72	0.20	0.20	0.50	1.50	0.90	0.51
arab-emirates	1.67	1.25	0.83	1.79	1.25	0.83	1.25	1.39	1.00	0.54	0.28	0.45	1.25	0.33	0.48	0.66	0.83	0.31	1.09	1.25	1.92	1.67	0.76	0.43	0.34	3.12	1.00	1.32	0.42	1.25	0.40	0.35	0.37	1.67	0.71	4.17	1.00	0.31	0.42	0.52	1.79	0.61	0.83	0.36	0.46	0.33	0.64	0.54	0.83	1.00	1.00	0.36	0.62	0.66	0.42	0.42	0.83	0.96	0.42	0.83	0.54	1.67	0.83	0.31	0.32	0.83	0.36	1.79	2.27	1.56	0.78	0.42	0.93	0.83	0.64	1.00	1.00	1.00	1.25	1.25	0.48	0.93	0.38	1.39	0.49	0.71	0.53	0.35	0.37	0.71	1.47	1.00	1.25	1.56	0.68	1.00	0.28	0.27	0.69	2.08	1.25	0.71
argentina	3.07	2.30	1.53	3.29	2.30	1.53	2.30	2.56	1.84	1.00	0.51	0.84	2.30	0.61	0.88	1.21	1.53	0.57	2.00	2.30	3.54	3.07	1.39	0.79	0.62	5.75	1.84	2.42	0.77	2.30	0.73	0.65	0.69	3.07	1.31	7.67	1.84	0.57	0.77	0.96	3.29	1.12	1.53	0.66	0.85	0.61	1.18	1.00	1.53	1.84	1.84	0.66	1.15	1.21	0.77	0.77	1.53	1.77	0.78	1.53	1.00	3.07	1.53	0.57	0.58	1.53	0.67	3.29	4.18	2.88	1.44	0.77	1.70	1.53	1.18	1.84	1.84	1.84	2.30	2.30	0.88	1.70	0.71	2.56	0.90	1.31	0.98	0.65	0.68	1.31	2.71	1.84	2.30	2.88	1.24	1.84	0.52	0.51	1.28	3.83	2.30	1.31
australia	6.00	4.50	3.00	6.43	4.50	3.00	4.50	5.00	3.60	1.96	1.00	1.64	4.50	1.20	1.73	2.37	3.00	1.12	3.91	4.50	6.92	6.00	2.73	1.55	1.22	11.25	3.60	4.74	1.50	4.50	1.43	1.27	1.34	6.00	2.57	15.00	3.60	1.12	1.50	1.88	6.43	2.20	3.00	1.29	1.67	1.18	2.31	1.96	3.00	3.60	3.60	1.29	2.25	2.37	1.50	1.50	3.00	3.46	1.53	3.00	1.96	6.00	3.00	1.12	1.14	3.00	1.30	6.43	8.18	5.62	2.81	1.50	3.33	3.00	2.31	3.60	3.60	3.60	4.50	4.50	1.73	3.33	1.38	5.00	1.76	2.57	1.91	1.27	1.32	2.57	5.29	3.60	4.50	5.62	2.43	3.60	1.01	0.99	2.50	7.50	4.50	2.57
austria	3.67	2.75	1.83	3.93	2.75	1.83	2.75	3.06	2.20	1.20	0.61	1.00	2.75	0.73	1.06	1.45	1.83	0.69	2.39	2.75	4.23	3.67	1.67	0.95	0.74	6.88	2.20	2.89	0.92	2.75	0.87	0.77	0.82	3.67	1.57	9.17	2.20	0.69	0.92	1.15	3.93	1.34	1.83	0.79	1.02	0.72	1.41	1.20	1.83	2.20	2.20	0.79	1.38	1.45	0.92	0.92	1.83	2.12	0.93	1.83	1.20	3.67	1.83	0.69	0.70	1.83	0.80	3.93	5.00	3.44	1.72	0.92	2.04	1.83	1.41	2.20	2.20	2.20	2.75	2.75	1.06	2.04	0.85	3.06	1.08	1.57	1.17	0.77	0.81	1.57	3.24	2.20	2.75	3.44	1.49	2.20	0.62	0.60	1.53	4.58	2.75	1.57
bangladesh	1.33	1.00	0.67	1.43	1.00	0.67	1.00	1.11	0.80	0.43	0.22	0.36	1.00	0.27	0.38	0.53	0.67	0.25	0.87	1.00	1.54	1.33	0.61	0.34	0.27	2.50	0.80	1.05	0.33	1.00	0.32	0.28	0.30	1.33	0.57	3.33	0.80	0.25	0.33	0.42	1.43	0.49	0.67	0.29	0.37	0.26	0.51	0.43	0.67	0.80	0.80	0.29	0.50	0.53	0.33	0.33	0.67	0.77	0.34	0.67	0.43	1.33	0.67	0.25	0.25	0.67	0.29	1.43	1.82	1.25	0.62	0.33	0.74	0.67	0.51	0.80	0.80	0.80	1.00	1.00	0.38	0.74	0.31	1.11	0.39	0.57	0.43	0.28	0.29	0.57	1.18	0.80	1.00	1.25	0.54	0.80	0.22	0.22	0.56	1.67	1.00	0.57
belgium	5.00	3.75	2.50	5.36	3.75	2.50	3.75	4.17	3.00	1.63	0.83	1.36	3.75	1.00	1.44	1.97	2.50	0.94	3.26	3.75	5.77	5.00	2.27	1.29	1.01	9.38	3.00	3.95	1.25	3.75	1.19	1.06	1.12	5.00	2.14	12.50	3.00	0.94	1.25	1.56	5.36	1.83	2.50	1.07	1.39	0.99	1.92	1.63	2.50	3.00	3.00	1.07	1.88	1.97	1.25	1.25	2.50	2.88	1.27	2.50	1.63	5.00	2.50	0.94	0.95	2.50	1.09	5.36	6.82	4.69	2.34	1.25	2.78	2.50	1.92	3.00	3.00	3.00	3.75	3.75	1.44	2.78	1.15	4.17	1.47	2.14	1.60	1.06	1.10	2.14	4.41	3.00	3.75	4.69	2.03	3.00	0.84	0.82	2.08	6.25	3.75	2.14
bhutan	3.47	2.60	1.73	3.71	2.60	1.73	2.60	2.89	2.08	1.13	0.58	0.95	2.60	0.69	1.00	1.37	1.73	0.65	2.26	2.60	4.00	3.47	1.58	0.90	0.70	6.50	2.08	2.74	0.87	2.60	0.83	0.73	0.78	3.47	1.49	8.67	2.08	0.65	0.87	1.08	3.71	1.27	1.73	0.74	0.96	0.68	1.33	1.13	1.73	2.08	2.08	0.74	1.30	1.37	0.87	0.87	1.73	2.00	0.88	1.73	1.13	3.47	1.73	0.65	0.66	1.73	0.75	3.71	4.73	3.25	1.62	0.87	1.93	1.73	1.33	2.08	2.08	2.08	2.60	2.60	1.00	1.93	0.80	2.89	1.02	1.49	1.11	0.73	0.76	1.49	3.06	2.08	2.60	3.25	1.41	2.08	0.58	0.57	1.44	4.33	2.60	1.49
brazil	2.53	1.90	1.27	2.71	1.90	1.27	1.90	2.11	1.52	0.83	0.42	0.69	1.90	0.51	0.73	1.00	1.27	0.47	1.65	1.90	2.92	2.53	1.15	0.66	0.51	4.75	1.52	2.00	0.63	1.90	0.60	0.54	0.57	2.53	1.09	6.33	1.52	0.47	0.63	0.79	2.71	0.93	1.27	0.54	0.70	0.50	0.97	0.83	1.27	1.52	1.52	0.54	0.95	1.00	0.63	0.63	1.27	1.46	0.64	1.27	0.83	2.53	1.27	0.47	0.48	1.27	0.55	2.71	3.45	2.38	1.19	0.63	1.41	1.27	0.97	1.52	1.52	1.52	1.90	1.90	0.73	1.41	0.58	2.11	0.75	1.09	0.81	0.54	0.56	1.09	2.24	1.52	1.90	2.38	1.03	1.52	0.43	0.42	1.06	3.17	1.90	1.09
bulgaria	2.00	1.50	1.00	2.14	1.50	1.00	1.50	1.67	1.20	0.65	0.33	0.55	1.50	0.40	0.58	0.79	1.00	0.38	1.30	1.50	2.31	2.00	0.91	0.52	0.41	3.75	1.20	1.58	0.50	1.50	0.48	0.42	0.45	2.00	0.86	5.00	1.20	0.38	0.50	0.62	2.14	0.73	1.00	0.43	0.56	0.39	0.77	0.65	1.00	1.20	1.20	0.43	0.75	0.79	0.50	0.50	1.00	1.15	0.51	1.00	0.65	2.00	1.00	0.38	0.38	1.00	0.43	2.14	2.73	1.88	0.94	0.50	1.11	1.00	0.77	1.20	1.20	1.20	1.50	1.50	0.58	1.11	0.46	1.67	0.59	0.86	0.64	0.42	0.44	0.86	1.76	1.20	1.50	1.88	0.81	1.20	0.34	0.33	0.83	2.50	1.50	0.86
canada	5.33	4.00	2.67	5.71	4.00	2.67	4.00	4.44	3.20	1.74	0.89	1.45	4.00	1.07	1.54	2.11	2.67	1.00	3.48	4.00	6.15	5.33	2.42	1.38	1.08	10.00	3.20	4.21	1.33	4.00	1.27	1.13	1.19	5.33	2.29	13.33	3.20	1.00	1.33	1.67	5.71	1.95	2.67	1.14	1.48	1.05	2.05	1.74	2.67	3.20	3.20	1.14	2.00	2.11	1.33	1.33	2.67	3.08	1.36	2.67	1.74	5.33	2.67	1.00	1.01	2.67	1.16	5.71	7.27	5.00	2.50	1.33	2.96	2.67	2.05	3.20	3.20	3.20	4.00	4.00	1.54	2.96	1.23	4.44	1.57	2.29	1.70	1.13	1.18	2.29	4.71	3.20	4.00	5.00	2.16	3.20	0.90	0.88	2.22	6.67	4.00	2.29
chile	1.53	1.15	0.77	1.64	1.15	0.77	1.15	1.28	0.92	0.50	0.26	0.42	1.15	0.31	0.44	0.61	0.77	0.29	1.00	1.15	1.77	1.53	0.70	0.40	0.31	2.88	0.92	1.21	0.38	1.15	0.37	0.32	0.34	1.53	0.66	3.83	0.92	0.29	0.38	0.48	1.64	0.56	0.77	0.33	0.43	0.30	0.59	0.50	0.77	0.92	0.92	0.33	0.57	0.61	0.38	0.38	0.77	0.88	0.39	0.77	0.50	1.53	0.77	0.29	0.29	0.77	0.33	1.64	2.09	1.44	0.72	0.38	0.85	0.77	0.59	0.92	0.92	0.92	1.15	1.15	0.44	0.85	0.35	1.28	0.45	0.66	0.49	0.32	0.34	0.66	1.35	0.92	1.15	1.44	0.62	0.92	0.26	0.25	0.64	1.92	1.15	0.66
china	1.33	1.00	0.67	1.43	1.00	0.67	1.00	1.11	0.80	0.43	0.22	0.36	1.00	0.27	0.38	0.53	0.67	0.25	0.87	1.00	1.54	1.33	0.61	0.34	0.27	2.50	0.80	1.05	0.33	1.00	0.32	0.28	0.30	1.33	0.57	3.33	0.80	0.25	0.33	0.42	1.43	0.49	0.67	0.29	0.37	0.26	0.51	0.43	0.67	0.80	0.80	0.29	0.50	0.53	0.33	0.33	0.67	0.77	0.34	0.67	0.43	1.33	0.67	0.25	0.25	0.67	0.29	1.43	1.82	1.25	0.62	0.33	0.74	0.67	0.51	0.80	0.80	0.80	1.00	1.00	0.38	0.74	0.31	1.11	0.39	0.57	0.43	0.28	0.29	0.57	1.18	0.80	1.00	1.25	0.54	0.80	0.22	0.22	0.56	1.67	1.00	0.57
colombia	0.87	0.65	0.43	0.93	0.65	0.43	0.65	0.72	0.52	0.28	0.14	0.24	0.65	0.17	0.25	0.34	0.43	0.16	0.57	0.65	1.00	0.87	0.39	0.22	0.18	1.62	0.52	0.68	0.22	0.65	0.21	0.18	0.19	0.87	0.37	2.17	0.52	0.16	0.22	0.27	0.93	0.32	0.43	0.19	0.24	0.17	0.33	0.28	0.43	0.52	0.52	0.19	0.33	0.34	0.22	0.22	0.43	0.50	0.22	0.43	0.28	0.87	0.43	0.16	0.16	0.43	0.19	0.93	1.18	0.81	0.41	0.22	0.48	0.43	0.33	0.52	0.52	0.52	0.65	0.65	0.25	0.48	0.20	0.72	0.25	0.37	0.28	0.18	0.19	0.37	0.76	0.52	0.65	0.81	0.35	0.52	0.15	0.14	0.36	1.08	0.65	0.37
costa-rica	1.00	0.75	0.50	1.07	0.75	0.50	0.75	0.83	0.60	0.33	0.17	0.27	0.75	0.20	0.29	0.39	0.50	0.19	0.65	0.75	1.15	1.00	0.45	0.26	0.20	1.88	0.60	0.79	0.25	0.75	0.24	0.21	0.22	1.00	0.43	2.50	0.60	0.19	0.25	0.31	1.07	0.37	0.50	0.21	0.28	0.20	0.38	0.33	0.50	0.60	0.60	0.21	0.38	0.39	0.25	0.25	0.50	0.58	0.25	0.50	0.33	1.00	0.50	0.19	0.19	0.50	0.22	1.07	1.36	0.94	0.47	0.25	0.56	0.50	0.38	0.60	0.60	0.60	0.75	0.75	0.29	0.56	0.23	0.83	0.29	0.43	0.32	0.21	0.22	0.43	0.88	0.60	0.75	0.94	0.41	0.60	0.17	0.16	0.42	1.25	0.75	0.43
croatia	2.20	1.65	1.10	2.36	1.65	1.10	1.65	1.83	1.32	0.72	0.37	0.60	1.65	0.44	0.63	0.87	1.10	0.41	1.43	1.65	2.54	2.20	1.00	0.57	0.45	4.12	1.32	1.74	0.55	1.65	0.52	0.46	0.49	2.20	0.94	5.50	1.32	0.41	0.55	0.69	2.36	0.80	1.10	0.47	0.61	0.43	0.85	0.72	1.10	1.32	1.32	0.47	0.82	0.87	0.55	0.55	1.10	1.27	0.56	1.10	0.72	2.20	1.10	0.41	0.42	1.10	0.48	2.36	3.00	2.06	1.03	0.55	1.22	1.10	0.85	1.32	1.32	1.32	1.65	1.65	0.63	1.22	0.51	1.83	0.65	0.94	0.70	0.46	0.49	0.94	1.94	1.32	1.65	2.06	0.89	1.32	0.37	0.36	0.92	2.75	1.65	0.94
czech-republic	3.87	2.90	1.93	4.14	2.90	1.93	2.90	3.22	2.32	1.26	0.64	1.05	2.90	0.77	1.12	1.53	1.93	0.72	2.52	2.90	4.46	3.87	1.76	1.00	0.78	7.25	2.32	3.05	0.97	2.90	0.92	0.82	0.87	3.87	1.66	9.67	2.32	0.72	0.97	1.21	4.14	1.41	1.93	0.83	1.07	0.76	1.49	1.26	1.93	2.32	2.32	0.83	1.45	1.53	0.97	0.97	1.93	2.23	0.98	1.93	1.26	3.87	1.93	0.72	0.73	1.93	0.84	4.14	5.27	3.62	1.81	0.97	2.15	1.93	1.49	2.32	2.32	2.32	2.90	2.90	1.12	2.15	0.89	3.22	1.14	1.66	1.23	0.82	0.85	1.66	3.41	2.32	2.90	3.62	1.57	2.32	0.65	0.64	1.61	4.83	2.90	1.66
denmark	4.93	3.70	2.47	5.29	3.70	2.47	3.70	4.11	2.96	1.61	0.82	1.35	3.70	0.99	1.42	1.95	2.47	0.93	3.22	3.70	5.69	4.93	2.24	1.28	1.00	9.25	2.96	3.89	1.23	3.70	1.17	1.04	1.10	4.93	2.11	12.33	2.96	0.93	1.23	1.54	5.29	1.80	2.47	1.06	1.37	0.97	1.90	1.61	2.47	2.96	2.96	1.06	1.85	1.95	1.23	1.23	2.47	2.85	1.25	2.47	1.61	4.93	2.47	0.93	0.94	2.47	1.07	5.29	6.73	4.62	2.31	1.23	2.74	2.47	1.90	2.96	2.96	2.96	3.70	3.70	1.42	2.74	1.14	4.11	1.45	2.11	1.57	1.04	1.09	2.11	4.35	2.96	3.70	4.62	2.00	2.96	0.83	0.81	2.06	6.17	3.70	2.11
ecuador	0.53	0.40	0.27	0.57	0.40	0.27	0.40	0.44	0.32	0.17	0.09	0.15	0.40	0.11	0.15	0.21	0.27	0.10	0.35	0.40	0.62	0.53	0.24	0.14	0.11	1.00	0.32	0.42	0.13	0.40	0.13	0.11	0.12	0.53	0.23	1.33	0.32	0.10	0.13	0.17	0.57	0.20	0.27	0.11	0.15	0.11	0.21	0.17	0.27	0.32	0.32	0.11	0.20	0.21	0.13	0.13	0.27	0.31	0.14	0.27	0.17	0.53	0.27	0.10	0.10	0.27	0.12	0.57	0.73	0.50	0.25	0.13	0.30	0.27	0.21	0.32	0.32	0.32	0.40	0.40	0.15	0.30	0.12	0.44	0.16	0.23	0.17	0.11	0.12	0.23	0.47	0.32	0.40	0.50	0.22	0.32	0.09	0.09	0.22	0.67	0.40	0.23
egypt	1.67	1.25	0.83	1.79	1.25	0.83	1.25	1.39	1.00	0.54	0.28	0.45	1.25	0.33	0.48	0.66	0.83	0.31	1.09	1.25	1.92	1.67	0.76	0.43	0.34	3.12	1.00	1.32	0.42	1.25	0.40	0.35	0.37	1.67	0.71	4.17	1.00	0.31	0.42	0.52	1.79	0.61	0.83	0.36	0.46	0.33	0.64	0.54	0.83	1.00	1.00	0.36	0.62	0.66	0.42	0.42	0.83	0.96	0.42	0.83	0.54	1.67	0.83	0.31	0.32	0.83	0.36	1.79	2.27	1.56	0.78	0.42	0.93	0.83	0.64	1.00	1.00	1.00	1.25	1.25	0.48	0.93	0.38	1.39	0.49	0.71	0.53	0.35	0.37	0.71	1.47	1.00	1.25	1.56	0.68	1.00	0.28	0.27	0.69	2.08	1.25	0.71
el-salvador	1.27	0.95	0.63	1.36	0.95	0.63	0.95	1.06	0.76	0.41	0.21	0.35	0.95	0.25	0.37	0.50	0.63	0.24	0.83	0.95	1.46	1.27	0.58	0.33	0.26	2.38	0.76	1.00	0.32	0.95	0.30	0.27	0.28	1.27	0.54	3.17	0.76	0.24	0.32	0.40	1.36	0.46	0.63	0.27	0.35	0.25	0.49	0.41	0.63	0.76	0.76	0.27	0.47	0.50	0.32	0.32	0.63	0.73	0.32	0.63	0.41	1.27	0.63	0.24	0.24	0.63	0.28	1.36	1.73	1.19	0.59	0.32	0.70	0.63	0.49	0.76	0.76	0.76	0.95	0.95	0.37	0.70	0.29	1.06	0.37	0.54	0.40	0.27	0.28	0.54	1.12	0.76	0.95	1.19	0.51	0.76	0.21	0.21	0.53	1.58	0.95	0.54
estonia	4.00	3.00	2.00	4.29	3.00	2.00	3.00	3.33	2.40	1.30	0.67	1.09	3.00	0.80	1.15	1.58	2.00	0.75	2.61	3.00	4.62	4.00	1.82	1.03	0.81	7.50	2.40	3.16	1.00	3.00	0.95	0.85	0.90	4.00	1.71	10.00	2.40	0.75	1.00	1.25	4.29	1.46	2.00	0.86	1.11	0.79	1.54	1.30	2.00	2.40	2.40	0.86	1.50	1.58	1.00	1.00	2.00	2.31	1.02	2.00	1.30	4.00	2.00	0.75	0.76	2.00	0.87	4.29	5.45	3.75	1.88	1.00	2.22	2.00	1.54	2.40	2.40	2.40	3.00	3.00	1.15	2.22	0.92	3.33	1.18	1.71	1.28	0.85	0.88	1.71	3.53	2.40	3.00	3.75	1.62	2.40	0.67	0.66	1.67	5.00	3.00	1.71
ethiopia	1.33	1.00	0.67	1.43	1.00	0.67	1.00	1.11	0.80	0.43	0.22	0.36	1.00	0.27	0.38	0.53	0.67	0.25	0.87	1.00	1.54	1.33	0.61	0.34	0.27	2.50	0.80	1.05	0.33	1.00	0.32	0.28	0.30	1.33	0.57	3.33	0.80	0.25	0.33	0.42	1.43	0.49	0.67	0.29	0.37	0.26	0.51	0.43	0.67	0.80	0.80	0.29	0.50	0.53	0.33	0.33	0.67	0.77	0.34	0.67	0.43	1.33	0.67	0.25	0.25	0.67	0.29	1.43	1.82	1.25	0.62	0.33	0.74	0.67	0.51	0.80	0.80	0.80	1.00	1.00	0.38	0.74	0.31	1.11	0.39	0.57	0.43	0.28	0.29	0.57	1.18	0.80	1.00	1.25	0.54	0.80	0.22	0.22	0.56	1.67	1.00	0.57
finland	4.20	3.15	2.10	4.50	3.15	2.10	3.15	3.50	2.52	1.37	0.70	1.15	3.15	0.84	1.21	1.66	2.10	0.79	2.74	3.15	4.85	4.20	1.91	1.09	0.85	7.88	2.52	3.32	1.05	3.15	1.00	0.89	0.94	4.20	1.80	10.50	2.52	0.79	1.05	1.31	4.50	1.54	2.10	0.90	1.17	0.83	1.62	1.37	2.10	2.52	2.52	0.90	1.57	1.66	1.05	1.05	2.10	2.42	1.07	2.10	1.37	4.20	2.10	0.79	0.80	2.10	0.91	4.50	5.73	3.94	1.97	1.05	2.33	2.10	1.62	2.52	2.52	2.52	3.15	3.15	1.21	2.33	0.97	3.50	1.24	1.80	1.34	0.89	0.93	1.80	3.71	2.52	3.15	3.94	1.70	2.52	0.71	0.69	1.75	5.25	3.15	1.80
france	4.73	3.55	2.37	5.07	3.55	2.37	3.55	3.94	2.84	1.54	0.79	1.29	3.55	0.95	1.37	1.87	2.37	0.89	3.09	3.55	5.46	4.73	2.15	1.22	0.96	8.88	2.84	3.74	1.18	3.55	1.13	1.00	1.06	4.73	2.03	11.83	2.84	0.89	1.18	1.48	5.07	1.73	2.37	1.01	1.31	0.93	1.82	1.54	2.37	2.84	2.84	1.01	1.77	1.87	1.18	1.18	2.37	2.73	1.20	2.37	1.54	4.73	2.37	0.89	0.90	2.37	1.03	5.07	6.45	4.44	2.22	1.18	2.63	2.37	1.82	2.84	2.84	2.84	3.55	3.55	1.37	2.63	1.09	3.94	1.39	2.03	1.51	1.00	1.04	2.03	4.18	2.84	3.55	4.44	1.92	2.84	0.80	0.78	1.97	5.92	3.55	2.03
germany	4.47	3.35	2.23	4.79	3.35	2.23	3.35	3.72	2.68	1.46	0.74	1.22	3.35	0.89	1.29	1.76	2.23	0.84	2.91	3.35	5.15	4.47	2.03	1.16	0.91	8.38	2.68	3.53	1.12	3.35	1.06	0.94	1.00	4.47	1.91	11.17	2.68	0.84	1.12	1.40	4.79	1.63	2.23	0.96	1.24	0.88	1.72	1.46	2.23	2.68	2.68	0.96	1.68	1.76	1.12	1.12	2.23	2.58	1.14	2.23	1.46	4.47	2.23	0.84	0.85	2.23	0.97	4.79	6.09	4.19	2.09	1.12	2.48	2.23	1.72	2.68	2.68	2.68	3.35	3.35	1.29	2.48	1.03	3.72	1.31	1.91	1.43	0.94	0.99	1.91	3.94	2.68	3.35	4.19	1.81	2.68	0.75	0.74	1.86	5.58	3.35	1.91
ghana	1.00	0.75	0.50	1.07	0.75	0.50	0.75	0.83	0.60	0.33	0.17	0.27	0.75	0.20	0.29	0.39	0.50	0.19	0.65	0.75	1.15	1.00	0.45	0.26	0.20	1.88	0.60	0.79	0.25	0.75	0.24	0.21	0.22	1.00	0.43	2.50	0.60	0.19	0.25	0.31	1.07	0.37	0.50	0.21	0.28	0.20	0.38	0.33	0.50	0.60	0.60	0.21	0.38	0.39	0.25	0.25	0.50	0.58	0.25	0.50	0.33	1.00	0.50	0.19	0.19	0.50	0.22	1.07	1.36	0.94	0.47	0.25	0.56	0.50	0.38	0.60	0.60	0.60	0.75	0.75	0.29	0.56	0.23	0.83	0.29	0.43	0.32	0.21	0.22	0.43	0.88	0.60	0.75	0.94	0.41	0.60	0.17	0.16	0.42	1.25	0.75	0.43
greece	2.33	1.75	1.17	2.50	1.75	1.17	1.75	1.94	1.40	0.76	0.39	0.64	1.75	0.47	0.67	0.92	1.17	0.44	1.52	1.75	2.69	2.33	1.06	0.60	0.47	4.38	1.40	1.84	0.58	1.75	0.56	0.49	0.52	2.33	1.00	5.83	1.40	0.44	0.58	0.73	2.50	0.85	1.17	0.50	0.65	0.46	0.90	0.76	1.17	1.40	1.40	0.50	0.88	0.92	0.58	0.58	1.17	1.35	0.59	1.17	0.76	2.33	1.17	0.44	0.44	1.17	0.51	2.50	3.18	2.19	1.09	0.58	1.30	1.17	0.90	1.40	1.40	1.40	1.75	1.75	0.67	1.30	0.54	1.94	0.69	1.00	0.74	0.49	0.51	1.00	2.06	1.40	1.75	2.19	0.95	1.40	0.39	0.38	0.97	2.92	1.75	1.00
guatemala	0.40	0.30	0.20	0.43	0.30	0.20	0.30	0.33	0.24	0.13	0.07	0.11	0.30	0.08	0.12	0.16	0.20	0.07	0.26	0.30	0.46	0.40	0.18	0.10	0.08	0.75	0.24	0.32	0.10	0.30	0.10	0.08	0.09	0.40	0.17	1.00	0.24	0.07	0.10	0.12	0.43	0.15	0.20	0.09	0.11	0.08	0.15	0.13	0.20	0.24	0.24	0.09	0.15	0.16	0.10	0.10	0.20	0.23	0.10	0.20	0.13	0.40	0.20	0.07	0.08	0.20	0.09	0.43	0.55	0.38	0.19	0.10	0.22	0.20	0.15	0.24	0.24	0.24	0.30	0.30	0.12	0.22	0.09	0.33	0.12	0.17	0.13	0.08	0.09	0.17	0.35	0.24	0.30	0.38	0.16	0.24	0.07	0.07	0.17	0.50	0.30	0.17
hong-kong	1.67	1.25	0.83	1.79	1.25	0.83	1.25	1.39	1.00	0.54	0.28	0.45	1.25	0.33	0.48	0.66	0.83	0.31	1.09	1.25	1.92	1.67	0.76	0.43	0.34	3.12	1.00	1.32	0.42	1.25	0.40	0.35	0.37	1.67	0.71	4.17	1.00	0.31	0.42	0.52	1.79	0.61	0.83	0.36	0.46	0.33	0.64	0.54	0.83	1.00	1.00	0.36	0.62	0.66	0.42	0.42	0.83	0.96	0.42	0.83	0.54	1.67	0.83	0.31	0.32	0.83	0.36	1.79	2.27	1.56	0.78	0.42	0.93	0.83	0.64	1.00	1.00	1.00	1.25	1.25	0.48	0.93	0.38	1.39	0.49	0.71	0.53	0.35	0.37	0.71	1.47	1.00	1.25	1.56	0.68	1.00	0.28	0.27	0.69	2.08	1.25	0.71
hungary	5.33	4.00	2.67	5.71	4.00	2.67	4.00	4.44	3.20	1.74	0.89	1.45	4.00	1.07	1.54	2.11	2.67	1.00	3.48	4.00	6.15	5.33	2.42	1.38	1.08	10.00	3.20	4.21	1.33	4.00	1.27	1.13	1.19	5.33	2.29	13.33	3.20	1.00	1.33	1.67	5.71	1.95	2.67	1.14	1.48	1.05	2.05	1.74	2.67	3.20	3.20	1.14	2.00	2.11	1.33	1.33	2.67	3.08	1.36	2.67	1.74	5.33	2.67	1.00	1.01	2.67	1.16	5.71	7.27	5.00	2.50	1.33	2.96	2.67	2.05	3.20	3.20	3.20	4.00	4.00	1.54	2.96	1.23	4.44	1.57	2.29	1.70	1.13	1.18	2.29	4.71	3.20	4.00	5.00	2.16	3.20	0.90	0.88	2.22	6.67	4.00	2.29
iceland	4.00	3.00	2.00	4.29	3.00	2.00	3.00	3.33	2.40	1.30	0.67	1.09	3.00	0.80	1.15	1.58	2.00	0.75	2.61	3.00	4.62	4.00	1.82	1.03	0.81	7.50	2.40	3.16	1.00	3.00	0.95	0.85	0.90	4.00	1.71	10.00	2.40	0.75	1.00	1.25	4.29	1.46	2.00	0.86	1.11	0.79	1.54	1.30	2.00	2.40	2.40	0.86	1.50	1.58	1.00	1.00	2.00	2.31	1.02	2.00	1.30	4.00	2.00	0.75	0.76	2.00	0.87	4.29	5.45	3.75	1.88	1.00	2.22	2.00	1.54	2.40	2.40	2.40	3.00	3.00	1.15	2.22	0.92	3.33	1.18	1.71	1.28	0.85	0.88	1.71	3.53	2.40	3.00	3.75	1.62	2.40	0.67	0.66	1.67	5.00	3.00	1.71
india	3.20	2.40	1.60	3.43	2.40	1.60	2.40	2.67	1.92	1.04	0.53	0.87	2.40	0.64	0.92	1.26	1.60	0.60	2.09	2.40	3.69	3.20	1.45	0.83	0.65	6.00	1.92	2.53	0.80	2.40	0.76	0.68	0.72	3.20	1.37	8.00	1.92	0.60	0.80	1.00	3.43	1.17	1.60	0.69	0.89	0.63	1.23	1.04	1.60	1.92	1.92	0.69	1.20	1.26	0.80	0.80	1.60	1.85	0.81	1.60	1.04	3.20	1.60	0.60	0.61	1.60	0.70	3.43	4.36	3.00	1.50	0.80	1.78	1.60	1.23	1.92	1.92	1.92	2.40	2.40	0.92	1.78	0.74	2.67	0.94	1.37	1.02	0.68	0.71	1.37	2.82	1.92	2.40	3.00	1.30	1.92	0.54	0.53	1.33	4.00	2.40	1.37
indonesia	0.93	0.70	0.47	1.00	0.70	0.47	0.70	0.78	0.56	0.30	0.16	0.25	0.70	0.19	0.27	0.37	0.47	0.17	0.61	0.70	1.08	0.93	0.42	0.24	0.19	1.75	0.56	0.74	0.23	0.70	0.22	0.20	0.21	0.93	0.40	2.33	0.56	0.17	0.23	0.29	1.00	0.34	0.47	0.20	0.26	0.18	0.36	0.30	0.47	0.56	0.56	0.20	0.35	0.37	0.23	0.23	0.47	0.54	0.24	0.47	0.30	0.93	0.47	0.17	0.18	0.47	0.20	1.00	1.27	0.88	0.44	0.23	0.52	0.47	0.36	0.56	0.56	0.56	0.70	0.70	0.27	0.52	0.22	0.78	0.27	0.40	0.30	0.20	0.21	0.40	0.82	0.56	0.70	0.88	0.38	0.56	0.16	0.15	0.39	1.17	0.70	0.40
iran	2.73	2.05	1.37	2.93	2.05	1.37	2.05	2.28	1.64	0.89	0.46	0.75	2.05	0.55	0.79	1.08	1.37	0.51	1.78	2.05	3.15	2.73	1.24	0.71	0.55	5.12	1.64	2.16	0.68	2.05	0.65	0.58	0.61	2.73	1.17	6.83	1.64	0.51	0.68	0.85	2.93	1.00	1.37	0.59	0.76	0.54	1.05	0.89	1.37	1.64	1.64	0.59	1.02	1.08	0.68	0.68	1.37	1.58	0.69	1.37	0.89	2.73	1.37	0.51	0.52	1.37	0.59	2.93	3.73	2.56	1.28	0.68	1.52	1.37	1.05	1.64	1.64	1.64	2.05	2.05	0.79	1.52	0.63	2.28	0.80	1.17	0.87	0.58	0.60	1.17	2.41	1.64	2.05	2.56	1.11	1.64	0.46	0.45	1.14	3.42	2.05	1.17
iraq	2.00	1.50	1.00	2.14	1.50	1.00	1.50	1.67	1.20	0.65	0.33	0.55	1.50	0.40	0.58	0.79	1.00	0.38	1.30	1.50	2.31	2.00	0.91	0.52	0.41	3.75	1.20	1.58	0.50	1.50	0.48	0.42	0.45	2.00	0.86	5.00	1.20	0.38	0.50	0.62	2.14	0.73	1.00	0.43	0.56	0.39	0.77	0.65	1.00	1.20	1.20	0.43	0.75	0.79	0.50	0.50	1.00	1.15	0.51	1.00	0.65	2.00	1.00	0.38	0.38	1.00	0.43	2.14	2.73	1.88	0.94	0.50	1.11	1.00	0.77	1.20	1.20	1.20	1.50	1.50	0.58	1.11	0.46	1.67	0.59	0.86	0.64	0.42	0.44	0.86	1.76	1.20	1.50	1.88	0.81	1.20	0.34	0.33	0.83	2.50	1.50	0.86
ireland	4.67	3.50	2.33	5.00	3.50	2.33	3.50	3.89	2.80	1.52	0.78	1.27	3.50	0.93	1.35	1.84	2.33	0.88	3.04	3.50	5.38	4.67	2.12	1.21	0.95	8.75	2.80	3.68	1.17	3.50	1.11	0.99	1.04	4.67	2.00	11.67	2.80	0.88	1.17	1.46	5.00	1.71	2.33	1.00	1.30	0.92	1.79	1.52	2.33	2.80	2.80	1.00	1.75	1.84	1.17	1.17	2.33	2.69	1.19	2.33	1.52	4.67	2.33	0.88	0.89	2.33	1.01	5.00	6.36	4.38	2.19	1.17	2.59	2.33	1.79	2.80	2.80	2.80	3.50	3.50	1.35	2.59	1.08	3.89	1.37	2.00	1.49	0.99	1.03	2.00	4.12	2.80	3.50	4.38	1.89	2.80	0.79	0.77	1.94	5.83	3.50	2.00
israel	3.60	2.70	1.80	3.86	2.70	1.80	2.70	3.00	2.16	1.17	0.60	0.98	2.70	0.72	1.04	1.42	1.80	0.68	2.35	2.70	4.15	3.60	1.64	0.93	0.73	6.75	2.16	2.84	0.90	2.70	0.86	0.76	0.81	3.60	1.54	9.00	2.16	0.68	0.90	1.12	3.86	1.32	1.80	0.77	1.00	0.71	1.38	1.17	1.80	2.16	2.16	0.77	1.35	1.42	0.90	0.90	1.80	2.08	0.92	1.80	1.17	3.60	1.80	0.68	0.68	1.80	0.78	3.86	4.91	3.38	1.69	0.90	2.00	1.80	1.38	2.16	2.16	2.16	2.70	2.70	1.04	2.00	0.83	3.00	1.06	1.54	1.15	0.76	0.79	1.54	3.18	2.16	2.70	3.38	1.46	2.16	0.61	0.59	1.50	4.50	2.70	1.54
italy	5.07	3.80	2.53	5.43	3.80	2.53	3.80	4.22	3.04	1.65	0.84	1.38	3.80	1.01	1.46	2.00	2.53	0.95	3.30	3.80	5.85	5.07	2.30	1.31	1.03	9.50	3.04	4.00	1.27	3.80	1.21	1.07	1.13	5.07	2.17	12.67	3.04	0.95	1.27	1.58	5.43	1.85	2.53	1.09	1.41	1.00	1.95	1.65	2.53	3.04	3.04	1.09	1.90	2.00	1.27	1.27	2.53	2.92	1.29	2.53	1.65	5.07	2.53	0.95	0.96	2.53	1.10	5.43	6.91	4.75	2.38	1.27	2.81	2.53	1.95	3.04	3.04	3.04	3.80	3.80	1.46	2.81	1.17	4.22	1.49	2.17	1.62	1.07	1.12	2.17	4.47	3.04	3.80	4.75	2.05	3.04	0.85	0.84	2.11	6.33	3.80	2.17
jamaica	2.60	1.95	1.30	2.79	1.95	1.30	1.95	2.17	1.56	0.85	0.43	0.71	1.95	0.52	0.75	1.03	1.30	0.49	1.70	1.95	3.00	2.60	1.18	0.67	0.53	4.88	1.56	2.05	0.65	1.95	0.62	0.55	0.58	2.60	1.11	6.50	1.56	0.49	0.65	0.81	2.79	0.95	1.30	0.56	0.72	0.51	1.00	0.85	1.30	1.56	1.56	0.56	0.97	1.03	0.65	0.65	1.30	1.50	0.66	1.30	0.85	2.60	1.30	0.49	0.49	1.30	0.57	2.79	3.55	2.44	1.22	0.65	1.44	1.30	1.00	1.56	1.56	1.56	1.95	1.95	0.75	1.44	0.60	2.17	0.76	1.11	0.83	0.55	0.57	1.11	2.29	1.56	1.95	2.44	1.05	1.56	0.44	0.43	1.08	3.25	1.95	1.11
japan	3.07	2.30	1.53	3.29	2.30	1.53	2.30	2.56	1.84	1.00	0.51	0.84	2.30	0.61	0.88	1.21	1.53	0.57	2.00	2.30	3.54	3.07	1.39	0.79	0.62	5.75	1.84	2.42	0.77	2.30	0.73	0.65	0.69	3.07	1.31	7.67	1.84	0.57	0.77	0.96	3.29	1.12	1.53	0.66	0.85	0.61	1.18	1.00	1.53	1.84	1.84	0.66	1.15	1.21	0.77	0.77	1.53	1.77	0.78	1.53	1.00	3.07	1.53	0.57	0.58	1.53	0.67	3.29	4.18	2.88	1.44	0.77	1.70	1.53	1.18	1.84	1.84	1.84	2.30	2.30	0.88	1.70	0.71	2.56	0.90	1.31	0.98	0.65	0.68	1.31	2.71	1.84	2.30	2.88	1.24	1.84	0.52	0.51	1.28	3.83	2.30	1.31
jordan	2.00	1.50	1.00	2.14	1.50	1.00	1.50	1.67	1.20	0.65	0.33	0.55	1.50	0.40	0.58	0.79	1.00	0.38	1.30	1.50	2.31	2.00	0.91	0.52	0.41	3.75	1.20	1.58	0.50	1.50	0.48	0.42	0.45	2.00	0.86	5.00	1.20	0.38	0.50	0.62	2.14	0.73	1.00	0.43	0.56	0.39	0.77	0.65	1.00	1.20	1.20	0.43	0.75	0.79	0.50	0.50	1.00	1.15	0.51	1.00	0.65	2.00	1.00	0.38	0.38	1.00	0.43	2.14	2.73	1.88	0.94	0.50	1.11	1.00	0.77	1.20	1.20	1.20	1.50	1.50	0.58	1.11	0.46	1.67	0.59	0.86	0.64	0.42	0.44	0.86	1.76	1.20	1.50	1.88	0.81	1.20	0.34	0.33	0.83	2.50	1.50	0.86
kenya	1.67	1.25	0.83	1.79	1.25	0.83	1.25	1.39	1.00	0.54	0.28	0.45	1.25	0.33	0.48	0.66	0.83	0.31	1.09	1.25	1.92	1.67	0.76	0.43	0.34	3.12	1.00	1.32	0.42	1.25	0.40	0.35	0.37	1.67	0.71	4.17	1.00	0.31	0.42	0.52	1.79	0.61	0.83	0.36	0.46	0.33	0.64	0.54	0.83	1.00	1.00	0.36	0.62	0.66	0.42	0.42	0.83	0.96	0.42	0.83	0.54	1.67	0.83	0.31	0.32	0.83	0.36	1.79	2.27	1.56	0.78	0.42	0.93	0.83	0.64	1.00	1.00	1.00	1.25	1.25	0.48	0.93	0.38	1.39	0.49	0.71	0.53	0.35	0.37	0.71	1.47	1.00	1.25	1.56	0.68	1.00	0.28	0.27	0.69	2.08	1.25	0.71
kuwait	1.67	1.25	0.83	1.79	1.25	0.83	1.25	1.39	1.00	0.54	0.28	0.45	1.25	0.33	0.48	0.66	0.83	0.31	1.09	1.25	1.92	1.67	0.76	0.43	0.34	3.12	1.00	1.32	0.42	1.25	0.40	0.35	0.37	1.67	0.71	4.17	1.00	0.31	0.42	0.52	1.79	0.61	0.83	0.36	0.46	0.33	0.64	0.54	0.83	1.00	1.00	0.36	0.62	0.66	0.42	0.42	0.83	0.96	0.42	0.83	0.54	1.67	0.83	0.31	0.32	0.83	0.36	1.79	2.27	1.56	0.78	0.42	0.93	0.83	0.64	1.00	1.00	1.00	1.25	1.25	0.48	0.93	0.38	1.39	0.49	0.71	0.53	0.35	0.37	0.71	1.47	1.00	1.25	1.56	0.68	1.00	0.28	0.27	0.69	2.08	1.25	0.71
latvia	4.67	3.50	2.33	5.00	3.50	2.33	3.50	3.89	2.80	1.52	0.78	1.27	3.50	0.93	1.35	1.84	2.33	0.88	3.04	3.50	5.38	4.67	2.12	1.21	0.95	8.75	2.80	3.68	1.17	3.50	1.11	0.99	1.04	4.67	2.00	11.67	2.80	0.88	1.17	1.46	5.00	1.71	2.33	1.00	1.30	0.92	1.79	1.52	2.33	2.80	2.80	1.00	1.75	1.84	1.17	1.17	2.33	2.69	1.19	2.33	1.52	4.67	2.33	0.88	0.89	2.33	1.01	5.00	6.36	4.38	2.19	1.17	2.59	2.33	1.79	2.80	2.80	2.80	3.50	3.50	1.35	2.59	1.08	3.89	1.37	2.00	1.49	0.99	1.03	2.00	4.12	2.80	3.50	4.38	1.89	2.80	0.79	0.77	1.94	5.83	3.50	2.00
lebanon	2.67	2.00	1.33	2.86	2.00	1.33	2.00	2.22	1.60	0.87	0.44	0.73	2.00	0.53	0.77	1.05	1.33	0.50	1.74	2.00	3.08	2.67	1.21	0.69	0.54	5.00	1.60	2.11	0.67	2.00	0.63	0.56	0.60	2.67	1.14	6.67	1.60	0.50	0.67	0.83	2.86	0.98	1.33	0.57	0.74	0.53	1.03	0.87	1.33	1.60	1.60	0.57	1.00	1.05	0.67	0.67	1.33	1.54	0.68	1.33	0.87	2.67	1.33	0.50	0.51	1.33	0.58	2.86	3.64	2.50	1.25	0.67	1.48	1.33	1.03	1.60	1.60	1.60	2.00	2.00	0.77	1.48	0.62	2.22	0.78	1.14	0.85	0.56	0.59	1.14	2.35	1.60	2.00	2.50	1.08	1.60	0.45	0.44	1.11	3.33	2.00	1.14
libya	2.53	1.90	1.27	2.71	1.90	1.27	1.90	2.11	1.52	0.83	0.42	0.69	1.90	0.51	0.73	1.00	1.27	0.47	1.65	1.90	2.92	2.53	1.15	0.66	0.51	4.75	1.52	2.00	0.63	1.90	0.60	0.54	0.57	2.53	1.09	6.33	1.52	0.47	0.63	0.79	2.71	0.93	1.27	0.54	0.70	0.50	0.97	0.83	1.27	1.52	1.52	0.54	0.95	1.00	0.63	0.63	1.27	1.46	0.64	1.27	0.83	2.53	1.27	0.47	0.48	1.27	0.55	2.71	3.45	2.38	1.19	0.63	1.41	1.27	0.97	1.52	1.52	1.52	1.90	1.90	0.73	1.41	0.58	2.11	0.75	1.09	0.81	0.54	0.56	1.09	2.24	1.52	1.90	2.38	1.03	1.52	0.43	0.42	1.06	3.17	1.90	1.09
lithuania	4.00	3.00	2.00	4.29	3.00	2.00	3.00	3.33	2.40	1.30	0.67	1.09	3.00	0.80	1.15	1.58	2.00	0.75	2.61	3.00	4.62	4.00	1.82	1.03	0.81	7.50	2.40	3.16	1.00	3.00	0.95	0.85	0.90	4.00	1.71	10.00	2.40	0.75	1.00	1.25	4.29	1.46	2.00	0.86	1.11	0.79	1.54	1.30	2.00	2.40	2.40	0.86	1.50	1.58	1.00	1.00	2.00	2.31	1.02	2.00	1.30	4.00	2.00	0.75	0.76	2.00	0.87	4.29	5.45	3.75	1.88	1.00	2.22	2.00	1.54	2.40	2.40	2.40	3.00	3.00	1.15	2.22	0.92	3.33	1.18	1.71	1.28	0.85	0.88	1.71	3.53	2.40	3.00	3.75	1.62	2.40	0.67	0.66	1.67	5.00	3.00	1.71
luxemburg	4.00	3.00	2.00	4.29	3.00	2.00	3.00	3.33	2.40	1.30	0.67	1.09	3.00	0.80	1.15	1.58	2.00	0.75	2.61	3.00	4.62	4.00	1.82	1.03	0.81	7.50	2.40	3.16	1.00	3.00	0.95	0.85	0.90	4.00	1.71	10.00	2.40	0.75	1.00	1.25	4.29	1.46	2.00	0.86	1.11	0.79	1.54	1.30	2.00	2.40	2.40	0.86	1.50	1.58	1.00	1.00	2.00	2.31	1.02	2.00	1.30	4.00	2.00	0.75	0.76	2.00	0.87	4.29	5.45	3.75	1.88	1.00	2.22	2.00	1.54	2.40	2.40	2.40	3.00	3.00	1.15	2.22	0.92	3.33	1.18	1.71	1.28	0.85	0.88	1.71	3.53	2.40	3.00	3.75	1.62	2.40	0.67	0.66	1.67	5.00	3.00	1.71
malawi	2.00	1.50	1.00	2.14	1.50	1.00	1.50	1.67	1.20	0.65	0.33	0.55	1.50	0.40	0.58	0.79	1.00	0.38	1.30	1.50	2.31	2.00	0.91	0.52	0.41	3.75	1.20	1.58	0.50	1.50	0.48	0.42	0.45	2.00	0.86	5.00	1.20	0.38	0.50	0.62	2.14	0.73	1.00	0.43	0.56	0.39	0.77	0.65	1.00	1.20	1.20	0.43	0.75	0.79	0.50	0.50	1.00	1.15	0.51	1.00	0.65	2.00	1.00	0.38	0.38	1.00	0.43	2.14	2.73	1.88	0.94	0.50	1.11	1.00	0.77	1.20	1.20	1.20	1.50	1.50	0.58	1.11	0.46	1.67	0.59	0.86	0.64	0.42	0.44	0.86	1.76	1.20	1.50	1.88	0.81	1.20	0.34	0.33	0.83	2.50	1.50	0.86
malaysia	1.73	1.30	0.87	1.86	1.30	0.87	1.30	1.44	1.04	0.57	0.29	0.47	1.30	0.35	0.50	0.68	0.87	0.33	1.13	1.30	2.00	1.73	0.79	0.45	0.35	3.25	1.04	1.37	0.43	1.30	0.41	0.37	0.39	1.73	0.74	4.33	1.04	0.33	0.43	0.54	1.86	0.63	0.87	0.37	0.48	0.34	0.67	0.57	0.87	1.04	1.04	0.37	0.65	0.68	0.43	0.43	0.87	1.00	0.44	0.87	0.57	1.73	0.87	0.33	0.33	0.87	0.38	1.86	2.36	1.62	0.81	0.43	0.96	0.87	0.67	1.04	1.04	1.04	1.30	1.30	0.50	0.96	0.40	1.44	0.51	0.74	0.55	0.37	0.38	0.74	1.53	1.04	1.30	1.62	0.70	1.04	0.29	0.29	0.72	2.17	1.30	0.74
malta	3.93	2.95	1.97	4.21	2.95	1.97	2.95	3.28	2.36	1.28	0.66	1.07	2.95	0.79	1.13	1.55	1.97	0.74	2.57	2.95	4.54	3.93	1.79	1.02	0.80	7.38	2.36	3.11	0.98	2.95	0.94	0.83	0.88	3.93	1.69	9.83	2.36	0.74	0.98	1.23	4.21	1.44	1.97	0.84	1.09	0.78	1.51	1.28	1.97	2.36	2.36	0.84	1.48	1.55	0.98	0.98	1.97	2.27	1.00	1.97	1.28	3.93	1.97	0.74	0.75	1.97	0.86	4.21	5.36	3.69	1.84	0.98	2.19	1.97	1.51	2.36	2.36	2.36	2.95	2.95	1.13	2.19	0.91	3.28	1.16	1.69	1.26	0.83	0.87	1.69	3.47	2.36	2.95	3.69	1.59	2.36	0.66	0.65	1.64	4.92	2.95	1.69
mexico	2.00	1.50	1.00	2.14	1.50	1.00	1.50	1.67	1.20	0.65	0.33	0.55	1.50	0.40	0.58	0.79	1.00	0.38	1.30	1.50	2.31	2.00	0.91	0.52	0.41	3.75	1.20	1.58	0.50	1.50	0.48	0.42	0.45	2.00	0.86	5.00	1.20	0.38	0.50	0.62	2.14	0.73	1.00	0.43	0.56	0.39	0.77	0.65	1.00	1.20	1.20	0.43	0.75	0.79	0.50	0.50	1.00	1.15	0.51	1.00	0.65	2.00	1.00	0.38	0.38	1.00	0.43	2.14	2.73	1.88	0.94	0.50	1.11	1.00	0.77	1.20	1.20	1.20	1.50	1.50	0.58	1.11	0.46	1.67	0.59	0.86	0.64	0.42	0.44	0.86	1.76	1.20	1.50	1.88	0.81	1.20	0.34	0.33	0.83	2.50	1.50	0.86
morocco	3.07	2.30	1.53	3.29	2.30	1.53	2.30	2.56	1.84	1.00	0.51	0.84	2.30	0.61	0.88	1.21	1.53	0.57	2.00	2.30	3.54	3.07	1.39	0.79	0.62	5.75	1.84	2.42	0.77	2.30	0.73	0.65	0.69	3.07	1.31	7.67	1.84	0.57	0.77	0.96	3.29	1.12	1.53	0.66	0.85	0.61	1.18	1.00	1.53	1.84	1.84	0.66	1.15	1.21	0.77	0.77	1.53	1.77	0.78	1.53	1.00	3.07	1.53	0.57	0.58	1.53	0.67	3.29	4.18	2.88	1.44	0.77	1.70	1.53	1.18	1.84	1.84	1.84	2.30	2.30	0.88	1.70	0.71	2.56	0.90	1.31	0.98	0.65	0.68	1.31	2.71	1.84	2.30	2.88	1.24	1.84	0.52	0.51	1.28	3.83	2.30	1.31
mozambique	1.00	0.75	0.50	1.07	0.75	0.50	0.75	0.83	0.60	0.33	0.17	0.27	0.75	0.20	0.29	0.39	0.50	0.19	0.65	0.75	1.15	1.00	0.45	0.26	0.20	1.88	0.60	0.79	0.25	0.75	0.24	0.21	0.22	1.00	0.43	2.50	0.60	0.19	0.25	0.31	1.07	0.37	0.50	0.21	0.28	0.20	0.38	0.33	0.50	0.60	0.60	0.21	0.38	0.39	0.25	0.25	0.50	0.58	0.25	0.50	0.33	1.00	0.50	0.19	0.19	0.50	0.22	1.07	1.36	0.94	0.47	0.25	0.56	0.50	0.38	0.60	0.60	0.60	0.75	0.75	0.29	0.56	0.23	0.83	0.29	0.43	0.32	0.21	0.22	0.43	0.88	0.60	0.75	0.94	0.41	0.60	0.17	0.16	0.42	1.25	0.75	0.43
nepal	2.00	1.50	1.00	2.14	1.50	1.00	1.50	1.67	1.20	0.65	0.33	0.55	1.50	0.40	0.58	0.79	1.00	0.38	1.30	1.50	2.31	2.00	0.91	0.52	0.41	3.75	1.20	1.58	0.50	1.50	0.48	0.42	0.45	2.00	0.86	5.00	1.20	0.38	0.50	0.62	2.14	0.73	1.00	0.43	0.56	0.39	0.77	0.65	1.00	1.20	1.20	0.43	0.75	0.79	0.50	0.50	1.00	1.15	0.51	1.00	0.65	2.00	1.00	0.38	0.38	1.00	0.43	2.14	2.73	1.88	0.94	0.50	1.11	1.00	0.77	1.20	1.20	1.20	1.50	1.50	0.58	1.11	0.46	1.67	0.59	0.86	0.64	0.42	0.44	0.86	1.76	1.20	1.50	1.88	0.81	1.20	0.34	0.33	0.83	2.50	1.50	0.86
netherlands	5.33	4.00	2.67	5.71	4.00	2.67	4.00	4.44	3.20	1.74	0.89	1.45	4.00	1.07	1.54	2.11	2.67	1.00	3.48	4.00	6.15	5.33	2.42	1.38	1.08	10.00	3.20	4.21	1.33	4.00	1.27	1.13	1.19	5.33	2.29	13.33	3.20	1.00	1.33	1.67	5.71	1.95	2.67	1.14	1.48	1.05	2.05	1.74	2.67	3.20	3.20	1.14	2.00	2.11	1.33	1.33	2.67	3.08	1.36	2.67	1.74	5.33	2.67	1.00	1.01	2.67	1.16	5.71	7.27	5.00	2.50	1.33	2.96	2.67	2.05	3.20	3.20	3.20	4.00	4.00	1.54	2.96	1.23	4.44	1.57	2.29	1.70	1.13	1.18	2.29	4.71	3.20	4.00	5.00	2.16	3.20	0.90	0.88	2.22	6.67	4.00	2.29
new-zealand	5.27	3.95	2.63	5.64	3.95	2.63	3.95	4.39	3.16	1.72	0.88	1.44	3.95	1.05	1.52	2.08	2.63	0.99	3.43	3.95	6.08	5.27	2.39	1.36	1.07	9.88	3.16	4.16	1.32	3.95	1.25	1.11	1.18	5.27	2.26	13.17	3.16	0.99	1.32	1.65	5.64	1.93	2.63	1.13	1.46	1.04	2.03	1.72	2.63	3.16	3.16	1.13	1.98	2.08	1.32	1.32	2.63	3.04	1.34	2.63	1.72	5.27	2.63	0.99	1.00	2.63	1.14	5.64	7.18	4.94	2.47	1.32	2.93	2.63	2.03	3.16	3.16	3.16	3.95	3.95	1.52	2.93	1.22	4.39	1.55	2.26	1.68	1.11	1.16	2.26	4.65	3.16	3.95	4.94	2.14	3.16	0.89	0.87	2.19	6.58	3.95	2.26
nigeria	2.00	1.50	1.00	2.14	1.50	1.00	1.50	1.67	1.20	0.65	0.33	0.55	1.50	0.40	0.58	0.79	1.00	0.38	1.30	1.50	2.31	2.00	0.91	0.52	0.41	3.75	1.20	1.58	0.50	1.50	0.48	0.42	0.45	2.00	0.86	5.00	1.20	0.38	0.50	0.62	2.14	0.73	1.00	0.43	0.56	0.39	0.77	0.65	1.00	1.20	1.20	0.43	0.75	0.79	0.50	0.50	1.00	1.15	0.51	1.00	0.65	2.00	1.00	0.38	0.38	1.00	0.43	2.14	2.73	1.88	0.94	0.50	1.11	1.00	0.77	1.20	1.20	1.20	1.50	1.50	0.58	1.11	0.46	1.67	0.59	0.86	0.64	0.42	0.44	0.86	1.76	1.20	1.50	1.88	0.81	1.20	0.34	0.33	0.83	2.50	1.50	0.86
norway	4.60	3.45	2.30	4.93	3.45	2.30	3.45	3.83	2.76	1.50	0.77	1.25	3.45	0.92	1.33	1.82	2.30	0.86	3.00	3.45	5.31	4.60	2.09	1.19	0.93	8.62	2.76	3.63	1.15	3.45	1.10	0.97	1.03	4.60	1.97	11.50	2.76	0.86	1.15	1.44	4.93	1.68	2.30	0.99	1.28	0.91	1.77	1.50	2.30	2.76	2.76	0.99	1.73	1.82	1.15	1.15	2.30	2.65	1.17	2.30	1.50	4.60	2.30	0.86	0.87	2.30	1.00	4.93	6.27	4.31	2.16	1.15	2.56	2.30	1.77	2.76	2.76	2.76	3.45	3.45	1.33	2.56	1.06	3.83	1.35	1.97	1.47	0.97	1.01	1.97	4.06	2.76	3.45	4.31	1.86	2.76	0.78	0.76	1.92	5.75	3.45	1.97
pakistan	0.93	0.70	0.47	1.00	0.70	0.47	0.70	0.78	0.56	0.30	0.16	0.25	0.70	0.19	0.27	0.37	0.47	0.17	0.61	0.70	1.08	0.93	0.42	0.24	0.19	1.75	0.56	0.74	0.23	0.70	0.22	0.20	0.21	0.93	0.40	2.33	0.56	0.17	0.23	0.29	1.00	0.34	0.47	0.20	0.26	0.18	0.36	0.30	0.47	0.56	0.56	0.20	0.35	0.37	0.23	0.23	0.47	0.54	0.24	0.47	0.30	0.93	0.47	0.17	0.18	0.47	0.20	1.00	1.27	0.88	0.44	0.23	0.52	0.47	0.36	0.56	0.56	0.56	0.70	0.70	0.27	0.52	0.22	0.78	0.27	0.40	0.30	0.20	0.21	0.40	0.82	0.56	0.70	0.88	0.38	0.56	0.16	0.15	0.39	1.17	0.70	0.40
panama	0.73	0.55	0.37	0.79	0.55	0.37	0.55	0.61	0.44	0.24	0.12	0.20	0.55	0.15	0.21	0.29	0.37	0.14	0.48	0.55	0.85	0.73	0.33	0.19	0.15	1.38	0.44	0.58	0.18	0.55	0.17	0.15	0.16	0.73	0.31	1.83	0.44	0.14	0.18	0.23	0.79	0.27	0.37	0.16	0.20	0.14	0.28	0.24	0.37	0.44	0.44	0.16	0.28	0.29	0.18	0.18	0.37	0.42	0.19	0.37	0.24	0.73	0.37	0.14	0.14	0.37	0.16	0.79	1.00	0.69	0.34	0.18	0.41	0.37	0.28	0.44	0.44	0.44	0.55	0.55	0.21	0.41	0.17	0.61	0.22	0.31	0.23	0.15	0.16	0.31	0.65	0.44	0.55	0.69	0.30	0.44	0.12	0.12	0.31	0.92	0.55	0.31
peru	1.07	0.80	0.53	1.14	0.80	0.53	0.80	0.89	0.64	0.35	0.18	0.29	0.80	0.21	0.31	0.42	0.53	0.20	0.70	0.80	1.23	1.07	0.48	0.28	0.22	2.00	0.64	0.84	0.27	0.80	0.25	0.23	0.24	1.07	0.46	2.67	0.64	0.20	0.27	0.33	1.14	0.39	0.53	0.23	0.30	0.21	0.41	0.35	0.53	0.64	0.64	0.23	0.40	0.42	0.27	0.27	0.53	0.62	0.27	0.53	0.35	1.07	0.53	0.20	0.20	0.53	0.23	1.14	1.45	1.00	0.50	0.27	0.59	0.53	0.41	0.64	0.64	0.64	0.80	0.80	0.31	0.59	0.25	0.89	0.31	0.46	0.34	0.23	0.24	0.46	0.94	0.64	0.80	1.00	0.43	0.64	0.18	0.18	0.44	1.33	0.80	0.46
philippines	2.13	1.60	1.07	2.29	1.60	1.07	1.60	1.78	1.28	0.70	0.36	0.58	1.60	0.43	0.62	0.84	1.07	0.40	1.39	1.60	2.46	2.13	0.97	0.55	0.43	4.00	1.28	1.68	0.53	1.60	0.51	0.45	0.48	2.13	0.91	5.33	1.28	0.40	0.53	0.67	2.29	0.78	1.07	0.46	0.59	0.42	0.82	0.70	1.07	1.28	1.28	0.46	0.80	0.84	0.53	0.53	1.07	1.23	0.54	1.07	0.70	2.13	1.07	0.40	0.41	1.07	0.46	2.29	2.91	2.00	1.00	0.53	1.19	1.07	0.82	1.28	1.28	1.28	1.60	1.60	0.62	1.19	0.49	1.78	0.63	0.91	0.68	0.45	0.47	0.91	1.88	1.28	1.60	2.00	0.86	1.28	0.36	0.35	0.89	2.67	1.60	0.91
poland	4.00	3.00	2.00	4.29	3.00	2.00	3.00	3.33	2.40	1.30	0.67	1.09	3.00	0.80	1.15	1.58	2.00	0.75	2.61	3.00	4.62	4.00	1.82	1.03	0.81	7.50	2.40	3.16	1.00	3.00	0.95	0.85	0.90	4.00	1.71	10.00	2.40	0.75	1.00	1.25	4.29	1.46	2.00	0.86	1.11	0.79	1.54	1.30	2.00	2.40	2.40	0.86	1.50	1.58	1.00	1.00	2.00	2.31	1.02	2.00	1.30	4.00	2.00	0.75	0.76	2.00	0.87	4.29	5.45	3.75	1.88	1.00	2.22	2.00	1.54	2.40	2.40	2.40	3.00	3.00	1.15	2.22	0.92	3.33	1.18	1.71	1.28	0.85	0.88	1.71	3.53	2.40	3.00	3.75	1.62	2.40	0.67	0.66	1.67	5.00	3.00	1.71
portugal	1.80	1.35	0.90	1.93	1.35	0.90	1.35	1.50	1.08	0.59	0.30	0.49	1.35	0.36	0.52	0.71	0.90	0.34	1.17	1.35	2.08	1.80	0.82	0.47	0.36	3.38	1.08	1.42	0.45	1.35	0.43	0.38	0.40	1.80	0.77	4.50	1.08	0.34	0.45	0.56	1.93	0.66	0.90	0.39	0.50	0.36	0.69	0.59	0.90	1.08	1.08	0.39	0.68	0.71	0.45	0.45	0.90	1.04	0.46	0.90	0.59	1.80	0.90	0.34	0.34	0.90	0.39	1.93	2.45	1.69	0.84	0.45	1.00	0.90	0.69	1.08	1.08	1.08	1.35	1.35	0.52	1.00	0.42	1.50	0.53	0.77	0.57	0.38	0.40	0.77	1.59	1.08	1.35	1.69	0.73	1.08	0.30	0.30	0.75	2.25	1.35	0.77
romania	2.00	1.50	1.00	2.14	1.50	1.00	1.50	1.67	1.20	0.65	0.33	0.55	1.50	0.40	0.58	0.79	1.00	0.38	1.30	1.50	2.31	2.00	0.91	0.52	0.41	3.75	1.20	1.58	0.50	1.50	0.48	0.42	0.45	2.00	0.86	5.00	1.20	0.38	0.50	0.62	2.14	0.73	1.00	0.43	0.56	0.39	0.77	0.65	1.00	1.20	1.20	0.43	0.75	0.79	0.50	0.50	1.00	1.15	0.51	1.00	0.65	2.00	1.00	0.38	0.38	1.00	0.43	2.14	2.73	1.88	0.94	0.50	1.11	1.00	0.77	1.20	1.20	1.20	1.50	1.50	0.58	1.11	0.46	1.67	0.59	0.86	0.64	0.42	0.44	0.86	1.76	1.20	1.50	1.88	0.81	1.20	0.34	0.33	0.83	2.50	1.50	0.86
russia	2.60	1.95	1.30	2.79	1.95	1.30	1.95	2.17	1.56	0.85	0.43	0.71	1.95	0.52	0.75	1.03	1.30	0.49	1.70	1.95	3.00	2.60	1.18	0.67	0.53	4.88	1.56	2.05	0.65	1.95	0.62	0.55	0.58	2.60	1.11	6.50	1.56	0.49	0.65	0.81	2.79	0.95	1.30	0.56	0.72	0.51	1.00	0.85	1.30	1.56	1.56	0.56	0.97	1.03	0.65	0.65	1.30	1.50	0.66	1.30	0.85	2.60	1.30	0.49	0.49	1.30	0.57	2.79	3.55	2.44	1.22	0.65	1.44	1.30	1.00	1.56	1.56	1.56	1.95	1.95	0.75	1.44	0.60	2.17	0.76	1.11	0.83	0.55	0.57	1.11	2.29	1.56	1.95	2.44	1.05	1.56	0.44	0.43	1.08	3.25	1.95	1.11
saudi-arabia	1.67	1.25	0.83	1.79	1.25	0.83	1.25	1.39	1.00	0.54	0.28	0.45	1.25	0.33	0.48	0.66	0.83	0.31	1.09	1.25	1.92	1.67	0.76	0.43	0.34	3.12	1.00	1.32	0.42	1.25	0.40	0.35	0.37	1.67	0.71	4.17	1.00	0.31	0.42	0.52	1.79	0.61	0.83	0.36	0.46	0.33	0.64	0.54	0.83	1.00	1.00	0.36	0.62	0.66	0.42	0.42	0.83	0.96	0.42	0.83	0.54	1.67	0.83	0.31	0.32	0.83	0.36	1.79	2.27	1.56	0.78	0.42	0.93	0.83	0.64	1.00	1.00	1.00	1.25	1.25	0.48	0.93	0.38	1.39	0.49	0.71	0.53	0.35	0.37	0.71	1.47	1.00	1.25	1.56	0.68	1.00	0.28	0.27	0.69	2.08	1.25	0.71
senegal	1.67	1.25	0.83	1.79	1.25	0.83	1.25	1.39	1.00	0.54	0.28	0.45	1.25	0.33	0.48	0.66	0.83	0.31	1.09	1.25	1.92	1.67	0.76	0.43	0.34	3.12	1.00	1.32	0.42	1.25	0.40	0.35	0.37	1.67	0.71	4.17	1.00	0.31	0.42	0.52	1.79	0.61	0.83	0.36	0.46	0.33	0.64	0.54	0.83	1.00	1.00	0.36	0.62	0.66	0.42	0.42	0.83	0.96	0.42	0.83	0.54	1.67	0.83	0.31	0.32	0.83	0.36	1.79	2.27	1.56	0.78	0.42	0.93	0.83	0.64	1.00	1.00	1.00	1.25	1.25	0.48	0.93	0.38	1.39	0.49	0.71	0.53	0.35	0.37	0.71	1.47	1.00	1.25	1.56	0.68	1.00	0.28	0.27	0.69	2.08	1.25	0.71
serbia	1.67	1.25	0.83	1.79	1.25	0.83	1.25	1.39	1.00	0.54	0.28	0.45	1.25	0.33	0.48	0.66	0.83	0.31	1.09	1.25	1.92	1.67	0.76	0.43	0.34	3.12	1.00	1.32	0.42	1.25	0.40	0.35	0.37	1.67	0.71	4.17	1.00	0.31	0.42	0.52	1.79	0.61	0.83	0.36	0.46	0.33	0.64	0.54	0.83	1.00	1.00	0.36	0.62	0.66	0.42	0.42	0.83	0.96	0.42	0.83	0.54	1.67	0.83	0.31	0.32	0.83	0.36	1.79	2.27	1.56	0.78	0.42	0.93	0.83	0.64	1.00	1.00	1.00	1.25	1.25	0.48	0.93	0.38	1.39	0.49	0.71	0.53	0.35	0.37	0.71	1.47	1.00	1.25	1.56	0.68	1.00	0.28	0.27	0.69	2.08	1.25	0.71
sierra-leone	1.33	1.00	0.67	1.43	1.00	0.67	1.00	1.11	0.80	0.43	0.22	0.36	1.00	0.27	0.38	0.53	0.67	0.25	0.87	1.00	1.54	1.33	0.61	0.34	0.27	2.50	0.80	1.05	0.33	1.00	0.32	0.28	0.30	1.33	0.57	3.33	0.80	0.25	0.33	0.42	1.43	0.49	0.67	0.29	0.37	0.26	0.51	0.43	0.67	0.80	0.80	0.29	0.50	0.53	0.33	0.33	0.67	0.77	0.34	0.67	0.43	1.33	0.67	0.25	0.25	0.67	0.29	1.43	1.82	1.25	0.62	0.33	0.74	0.67	0.51	0.80	0.80	0.80	1.00	1.00	0.38	0.74	0.31	1.11	0.39	0.57	0.43	0.28	0.29	0.57	1.18	0.80	1.00	1.25	0.54	0.80	0.22	0.22	0.56	1.67	1.00	0.57
singapore	1.33	1.00	0.67	1.43	1.00	0.67	1.00	1.11	0.80	0.43	0.22	0.36	1.00	0.27	0.38	0.53	0.67	0.25	0.87	1.00	1.54	1.33	0.61	0.34	0.27	2.50	0.80	1.05	0.33	1.00	0.32	0.28	0.30	1.33	0.57	3.33	0.80	0.25	0.33	0.42	1.43	0.49	0.67	0.29	0.37	0.26	0.51	0.43	0.67	0.80	0.80	0.29	0.50	0.53	0.33	0.33	0.67	0.77	0.34	0.67	0.43	1.33	0.67	0.25	0.25	0.67	0.29	1.43	1.82	1.25	0.62	0.33	0.74	0.67	0.51	0.80	0.80	0.80	1.00	1.00	0.38	0.74	0.31	1.11	0.39	0.57	0.43	0.28	0.29	0.57	1.18	0.80	1.00	1.25	0.54	0.80	0.22	0.22	0.56	1.67	1.00	0.57
slovakia	3.47	2.60	1.73	3.71	2.60	1.73	2.60	2.89	2.08	1.13	0.58	0.95	2.60	0.69	1.00	1.37	1.73	0.65	2.26	2.60	4.00	3.47	1.58	0.90	0.70	6.50	2.08	2.74	0.87	2.60	0.83	0.73	0.78	3.47	1.49	8.67	2.08	0.65	0.87	1.08	3.71	1.27	1.73	0.74	0.96	0.68	1.33	1.13	1.73	2.08	2.08	0.74	1.30	1.37	0.87	0.87	1.73	2.00	0.88	1.73	1.13	3.47	1.73	0.65	0.66	1.73	0.75	3.71	4.73	3.25	1.62	0.87	1.93	1.73	1.33	2.08	2.08	2.08	2.60	2.60	1.00	1.93	0.80	2.89	1.02	1.49	1.11	0.73	0.76	1.49	3.06	2.08	2.60	3.25	1.41	2.08	0.58	0.57	1.44	4.33	2.60	1.49
slovenia	1.80	1.35	0.90	1.93	1.35	0.90	1.35	1.50	1.08	0.59	0.30	0.49	1.35	0.36	0.52	0.71	0.90	0.34	1.17	1.35	2.08	1.80	0.82	0.47	0.36	3.38	1.08	1.42	0.45	1.35	0.43	0.38	0.40	1.80	0.77	4.50	1.08	0.34	0.45	0.56	1.93	0.66	0.90	0.39	0.50	0.36	0.69	0.59	0.90	1.08	1.08	0.39	0.68	0.71	0.45	0.45	0.90	1.04	0.46	0.90	0.59	1.80	0.90	0.34	0.34	0.90	0.39	1.93	2.45	1.69	0.84	0.45	1.00	0.90	0.69	1.08	1.08	1.08	1.35	1.35	0.52	1.00	0.42	1.50	0.53	0.77	0.57	0.38	0.40	0.77	1.59	1.08	1.35	1.69	0.73	1.08	0.30	0.30	0.75	2.25	1.35	0.77
south-africa	4.33	3.25	2.17	4.64	3.25	2.17	3.25	3.61	2.60	1.41	0.72	1.18	3.25	0.87	1.25	1.71	2.17	0.81	2.83	3.25	5.00	4.33	1.97	1.12	0.88	8.12	2.60	3.42	1.08	3.25	1.03	0.92	0.97	4.33	1.86	10.83	2.60	0.81	1.08	1.35	4.64	1.59	2.17	0.93	1.20	0.86	1.67	1.41	2.17	2.60	2.60	0.93	1.62	1.71	1.08	1.08	2.17	2.50	1.10	2.17	1.41	4.33	2.17	0.81	0.82	2.17	0.94	4.64	5.91	4.06	2.03	1.08	2.41	2.17	1.67	2.60	2.60	2.60	3.25	3.25	1.25	2.41	1.00	3.61	1.27	1.86	1.38	0.92	0.96	1.86	3.82	2.60	3.25	4.06	1.76	2.60	0.73	0.71	1.81	5.42	3.25	1.86
south-korea	1.20	0.90	0.60	1.29	0.90	0.60	0.90	1.00	0.72	0.39	0.20	0.33	0.90	0.24	0.35	0.47	0.60	0.23	0.78	0.90	1.38	1.20	0.55	0.31	0.24	2.25	0.72	0.95	0.30	0.90	0.29	0.25	0.27	1.20	0.51	3.00	0.72	0.23	0.30	0.38	1.29	0.44	0.60	0.26	0.33	0.24	0.46	0.39	0.60	0.72	0.72	0.26	0.45	0.47	0.30	0.30	0.60	0.69	0.31	0.60	0.39	1.20	0.60	0.23	0.23	0.60	0.26	1.29	1.64	1.12	0.56	0.30	0.67	0.60	0.46	0.72	0.72	0.72	0.90	0.90	0.35	0.67	0.28	1.00	0.35	0.51	0.38	0.25	0.26	0.51	1.06	0.72	0.90	1.12	0.49	0.72	0.20	0.20	0.50	1.50	0.90	0.51
spain	3.40	2.55	1.70	3.64	2.55	1.70	2.55	2.83	2.04	1.11	0.57	0.93	2.55	0.68	0.98	1.34	1.70	0.64	2.22	2.55	3.92	3.40	1.55	0.88	0.69	6.38	2.04	2.68	0.85	2.55	0.81	0.72	0.76	3.40	1.46	8.50	2.04	0.64	0.85	1.06	3.64	1.24	1.70	0.73	0.94	0.67	1.31	1.11	1.70	2.04	2.04	0.73	1.27	1.34	0.85	0.85	1.70	1.96	0.86	1.70	1.11	3.40	1.70	0.64	0.65	1.70	0.74	3.64	4.64	3.19	1.59	0.85	1.89	1.70	1.31	2.04	2.04	2.04	2.55	2.55	0.98	1.89	0.78	2.83	1.00	1.46	1.09	0.72	0.75	1.46	3.00	2.04	2.55	3.19	1.38	2.04	0.57	0.56	1.42	4.25	2.55	1.46
sri_lanka	2.33	1.75	1.17	2.50	1.75	1.17	1.75	1.94	1.40	0.76	0.39	0.64	1.75	0.47	0.67	0.92	1.17	0.44	1.52	1.75	2.69	2.33	1.06	0.60	0.47	4.38	1.40	1.84	0.58	1.75	0.56	0.49	0.52	2.33	1.00	5.83	1.40	0.44	0.58	0.73	2.50	0.85	1.17	0.50	0.65	0.46	0.90	0.76	1.17	1.40	1.40	0.50	0.88	0.92	0.58	0.58	1.17	1.35	0.59	1.17	0.76	2.33	1.17	0.44	0.44	1.17	0.51	2.50	3.18	2.19	1.09	0.58	1.30	1.17	0.90	1.40	1.40	1.40	1.75	1.75	0.67	1.30	0.54	1.94	0.69	1.00	0.74	0.49	0.51	1.00	2.06	1.40	1.75	2.19	0.95	1.40	0.39	0.38	0.97	2.92	1.75	1.00
surinam	3.13	2.35	1.57	3.36	2.35	1.57	2.35	2.61	1.88	1.02	0.52	0.85	2.35	0.63	0.90	1.24	1.57	0.59	2.04	2.35	3.62	3.13	1.42	0.81	0.64	5.88	1.88	2.47	0.78	2.35	0.75	0.66	0.70	3.13	1.34	7.83	1.88	0.59	0.78	0.98	3.36	1.15	1.57	0.67	0.87	0.62	1.21	1.02	1.57	1.88	1.88	0.67	1.18	1.24	0.78	0.78	1.57	1.81	0.80	1.57	1.02	3.13	1.57	0.59	0.59	1.57	0.68	3.36	4.27	2.94	1.47	0.78	1.74	1.57	1.21	1.88	1.88	1.88	2.35	2.35	0.90	1.74	0.72	2.61	0.92	1.34	1.00	0.66	0.69	1.34	2.76	1.88	2.35	2.94	1.27	1.88	0.53	0.52	1.31	3.92	2.35	1.34
sweden	4.73	3.55	2.37	5.07	3.55	2.37	3.55	3.94	2.84	1.54	0.79	1.29	3.55	0.95	1.37	1.87	2.37	0.89	3.09	3.55	5.46	4.73	2.15	1.22	0.96	8.88	2.84	3.74	1.18	3.55	1.13	1.00	1.06	4.73	2.03	11.83	2.84	0.89	1.18	1.48	5.07	1.73	2.37	1.01	1.31	0.93	1.82	1.54	2.37	2.84	2.84	1.01	1.77	1.87	1.18	1.18	2.37	2.73	1.20	2.37	1.54	4.73	2.37	0.89	0.90	2.37	1.03	5.07	6.45	4.44	2.22	1.18	2.63	2.37	1.82	2.84	2.84	2.84	3.55	3.55	1.37	2.63	1.09	3.94	1.39	2.03	1.51	1.00	1.04	2.03	4.18	2.84	3.55	4.44	1.92	2.84	0.80	0.78	1.97	5.92	3.55	2.03
switzerland	4.53	3.40	2.27	4.86	3.40	2.27	3.40	3.78	2.72	1.48	0.76	1.24	3.40	0.91	1.31	1.79	2.27	0.85	2.96	3.40	5.23	4.53	2.06	1.17	0.92	8.50	2.72	3.58	1.13	3.40	1.08	0.96	1.01	4.53	1.94	11.33	2.72	0.85	1.13	1.42	4.86	1.66	2.27	0.97	1.26	0.89	1.74	1.48	2.27	2.72	2.72	0.97	1.70	1.79	1.13	1.13	2.27	2.62	1.15	2.27	1.48	4.53	2.27	0.85	0.86	2.27	0.99	4.86	6.18	4.25	2.12	1.13	2.52	2.27	1.74	2.72	2.72	2.72	3.40	3.40	1.31	2.52	1.05	3.78	1.33	1.94	1.45	0.96	1.00	1.94	4.00	2.72	3.40	4.25	1.84	2.72	0.76	0.75	1.89	5.67	3.40	1.94
syria	2.33	1.75	1.17	2.50	1.75	1.17	1.75	1.94	1.40	0.76	0.39	0.64	1.75	0.47	0.67	0.92	1.17	0.44	1.52	1.75	2.69	2.33	1.06	0.60	0.47	4.38	1.40	1.84	0.58	1.75	0.56	0.49	0.52	2.33	1.00	5.83	1.40	0.44	0.58	0.73	2.50	0.85	1.17	0.50	0.65	0.46	0.90	0.76	1.17	1.40	1.40	0.50	0.88	0.92	0.58	0.58	1.17	1.35	0.59	1.17	0.76	2.33	1.17	0.44	0.44	1.17	0.51	2.50	3.18	2.19	1.09	0.58	1.30	1.17	0.90	1.40	1.40	1.40	1.75	1.75	0.67	1.30	0.54	1.94	0.69	1.00	0.74	0.49	0.51	1.00	2.06	1.40	1.75	2.19	0.95	1.40	0.39	0.38	0.97	2.92	1.75	1.00
taiwan	1.13	0.85	0.57	1.21	0.85	0.57	0.85	0.94	0.68	0.37	0.19	0.31	0.85	0.23	0.33	0.45	0.57	0.21	0.74	0.85	1.31	1.13	0.52	0.29	0.23	2.12	0.68	0.89	0.28	0.85	0.27	0.24	0.25	1.13	0.49	2.83	0.68	0.21	0.28	0.35	1.21	0.41	0.57	0.24	0.31	0.22	0.44	0.37	0.57	0.68	0.68	0.24	0.42	0.45	0.28	0.28	0.57	0.65	0.29	0.57	0.37	1.13	0.57	0.21	0.22	0.57	0.25	1.21	1.55	1.06	0.53	0.28	0.63	0.57	0.44	0.68	0.68	0.68	0.85	0.85	0.33	0.63	0.26	0.94	0.33	0.49	0.36	0.24	0.25	0.49	1.00	0.68	0.85	1.06	0.46	0.68	0.19	0.19	0.47	1.42	0.85	0.49
tanzania	1.67	1.25	0.83	1.79	1.25	0.83	1.25	1.39	1.00	0.54	0.28	0.45	1.25	0.33	0.48	0.66	0.83	0.31	1.09	1.25	1.92	1.67	0.76	0.43	0.34	3.12	1.00	1.32	0.42	1.25	0.40	0.35	0.37	1.67	0.71	4.17	1.00	0.31	0.42	0.52	1.79	0.61	0.83	0.36	0.46	0.33	0.64	0.54	0.83	1.00	1.00	0.36	0.62	0.66	0.42	0.42	0.83	0.96	0.42	0.83	0.54	1.67	0.83	0.31	0.32	0.83	0.36	1.79	2.27	1.56	0.78	0.42	0.93	0.83	0.64	1.00	1.00	1.00	1.25	1.25	0.48	0.93	0.38	1.39	0.49	0.71	0.53	0.35	0.37	0.71	1.47	1.00	1.25	1.56	0.68	1.00	0.28	0.27	0.69	2.08	1.25	0.71
thailand	1.33	1.00	0.67	1.43	1.00	0.67	1.00	1.11	0.80	0.43	0.22	0.36	1.00	0.27	0.38	0.53	0.67	0.25	0.87	1.00	1.54	1.33	0.61	0.34	0.27	2.50	0.80	1.05	0.33	1.00	0.32	0.28	0.30	1.33	0.57	3.33	0.80	0.25	0.33	0.42	1.43	0.49	0.67	0.29	0.37	0.26	0.51	0.43	0.67	0.80	0.80	0.29	0.50	0.53	0.33	0.33	0.67	0.77	0.34	0.67	0.43	1.33	0.67	0.25	0.25	0.67	0.29	1.43	1.82	1.25	0.62	0.33	0.74	0.67	0.51	0.80	0.80	0.80	1.00	1.00	0.38	0.74	0.31	1.11	0.39	0.57	0.43	0.28	0.29	0.57	1.18	0.80	1.00	1.25	0.54	0.80	0.22	0.22	0.56	1.67	1.00	0.57
trinidad	1.07	0.80	0.53	1.14	0.80	0.53	0.80	0.89	0.64	0.35	0.18	0.29	0.80	0.21	0.31	0.42	0.53	0.20	0.70	0.80	1.23	1.07	0.48	0.28	0.22	2.00	0.64	0.84	0.27	0.80	0.25	0.23	0.24	1.07	0.46	2.67	0.64	0.20	0.27	0.33	1.14	0.39	0.53	0.23	0.30	0.21	0.41	0.35	0.53	0.64	0.64	0.23	0.40	0.42	0.27	0.27	0.53	0.62	0.27	0.53	0.35	1.07	0.53	0.20	0.20	0.53	0.23	1.14	1.45	1.00	0.50	0.27	0.59	0.53	0.41	0.64	0.64	0.64	0.80	0.80	0.31	0.59	0.25	0.89	0.31	0.46	0.34	0.23	0.24	0.46	0.94	0.64	0.80	1.00	0.43	0.64	0.18	0.18	0.44	1.33	0.80	0.46
turkey	2.47	1.85	1.23	2.64	1.85	1.23	1.85	2.06	1.48	0.80	0.41	0.67	1.85	0.49	0.71	0.97	1.23	0.46	1.61	1.85	2.85	2.47	1.12	0.64	0.50	4.62	1.48	1.95	0.62	1.85	0.59	0.52	0.55	2.47	1.06	6.17	1.48	0.46	0.62	0.77	2.64	0.90	1.23	0.53	0.69	0.49	0.95	0.80	1.23	1.48	1.48	0.53	0.93	0.97	0.62	0.62	1.23	1.42	0.63	1.23	0.80	2.47	1.23	0.46	0.47	1.23	0.54	2.64	3.36	2.31	1.16	0.62	1.37	1.23	0.95	1.48	1.48	1.48	1.85	1.85	0.71	1.37	0.57	2.06	0.73	1.06	0.79	0.52	0.54	1.06	2.18	1.48	1.85	2.31	1.00	1.48	0.42	0.41	1.03	3.08	1.85	1.06
ukraine	1.67	1.25	0.83	1.79	1.25	0.83	1.25	1.39	1.00	0.54	0.28	0.45	1.25	0.33	0.48	0.66	0.83	0.31	1.09	1.25	1.92	1.67	0.76	0.43	0.34	3.12	1.00	1.32	0.42	1.25	0.40	0.35	0.37	1.67	0.71	4.17	1.00	0.31	0.42	0.52	1.79	0.61	0.83	0.36	0.46	0.33	0.64	0.54	0.83	1.00	1.00	0.36	0.62	0.66	0.42	0.42	0.83	0.96	0.42	0.83	0.54	1.67	0.83	0.31	0.32	0.83	0.36	1.79	2.27	1.56	0.78	0.42	0.93	0.83	0.64	1.00	1.00	1.00	1.25	1.25	0.48	0.93	0.38	1.39	0.49	0.71	0.53	0.35	0.37	0.71	1.47	1.00	1.25	1.56	0.68	1.00	0.28	0.27	0.69	2.08	1.25	0.71
united-kingdom	5.93	4.45	2.97	6.36	4.45	2.97	4.45	4.94	3.56	1.93	0.99	1.62	4.45	1.19	1.71	2.34	2.97	1.11	3.87	4.45	6.85	5.93	2.70	1.53	1.20	11.12	3.56	4.68	1.48	4.45	1.41	1.25	1.33	5.93	2.54	14.83	3.56	1.11	1.48	1.85	6.36	2.17	2.97	1.27	1.65	1.17	2.28	1.93	2.97	3.56	3.56	1.27	2.23	2.34	1.48	1.48	2.97	3.42	1.51	2.97	1.93	5.93	2.97	1.11	1.13	2.97	1.29	6.36	8.09	5.56	2.78	1.48	3.30	2.97	2.28	3.56	3.56	3.56	4.45	4.45	1.71	3.30	1.37	4.94	1.75	2.54	1.89	1.25	1.31	2.54	5.24	3.56	4.45	5.56	2.41	3.56	1.00	0.98	2.47	7.42	4.45	2.54
united-states	6.07	4.55	3.03	6.50	4.55	3.03	4.55	5.06	3.64	1.98	1.01	1.65	4.55	1.21	1.75	2.39	3.03	1.14	3.96	4.55	7.00	6.07	2.76	1.57	1.23	11.38	3.64	4.79	1.52	4.55	1.44	1.28	1.36	6.07	2.60	15.17	3.64	1.14	1.52	1.90	6.50	2.22	3.03	1.30	1.69	1.20	2.33	1.98	3.03	3.64	3.64	1.30	2.27	2.39	1.52	1.52	3.03	3.50	1.54	3.03	1.98	6.07	3.03	1.14	1.15	3.03	1.32	6.50	8.27	5.69	2.84	1.52	3.37	3.03	2.33	3.64	3.64	3.64	4.55	4.55	1.75	3.37	1.40	5.06	1.78	2.60	1.94	1.28	1.34	2.60	5.35	3.64	4.55	5.69	2.46	3.64	1.02	1.00	2.53	7.58	4.55	2.60
uruguay	2.40	1.80	1.20	2.57	1.80	1.20	1.80	2.00	1.44	0.78	0.40	0.65	1.80	0.48	0.69	0.95	1.20	0.45	1.57	1.80	2.77	2.40	1.09	0.62	0.49	4.50	1.44	1.89	0.60	1.80	0.57	0.51	0.54	2.40	1.03	6.00	1.44	0.45	0.60	0.75	2.57	0.88	1.20	0.51	0.67	0.47	0.92	0.78	1.20	1.44	1.44	0.51	0.90	0.95	0.60	0.60	1.20	1.38	0.61	1.20	0.78	2.40	1.20	0.45	0.46	1.20	0.52	2.57	3.27	2.25	1.12	0.60	1.33	1.20	0.92	1.44	1.44	1.44	1.80	1.80	0.69	1.33	0.55	2.00	0.71	1.03	0.77	0.51	0.53	1.03	2.12	1.44	1.80	2.25	0.97	1.44	0.40	0.40	1.00	3.00	1.80	1.03
venezuela	0.80	0.60	0.40	0.86	0.60	0.40	0.60	0.67	0.48	0.26	0.13	0.22	0.60	0.16	0.23	0.32	0.40	0.15	0.52	0.60	0.92	0.80	0.36	0.21	0.16	1.50	0.48	0.63	0.20	0.60	0.19	0.17	0.18	0.80	0.34	2.00	0.48	0.15	0.20	0.25	0.86	0.29	0.40	0.17	0.22	0.16	0.31	0.26	0.40	0.48	0.48	0.17	0.30	0.32	0.20	0.20	0.40	0.46	0.20	0.40	0.26	0.80	0.40	0.15	0.15	0.40	0.17	0.86	1.09	0.75	0.38	0.20	0.44	0.40	0.31	0.48	0.48	0.48	0.60	0.60	0.23	0.44	0.18	0.67	0.24	0.34	0.26	0.17	0.18	0.34	0.71	0.48	0.60	0.75	0.32	0.48	0.13	0.13	0.33	1.00	0.60	0.34
vietnam	1.33	1.00	0.67	1.43	1.00	0.67	1.00	1.11	0.80	0.43	0.22	0.36	1.00	0.27	0.38	0.53	0.67	0.25	0.87	1.00	1.54	1.33	0.61	0.34	0.27	2.50	0.80	1.05	0.33	1.00	0.32	0.28	0.30	1.33	0.57	3.33	0.80	0.25	0.33	0.42	1.43	0.49	0.67	0.29	0.37	0.26	0.51	0.43	0.67	0.80	0.80	0.29	0.50	0.53	0.33	0.33	0.67	0.77	0.34	0.67	0.43	1.33	0.67	0.25	0.25	0.67	0.29	1.43	1.82	1.25	0.62	0.33	0.74	0.67	0.51	0.80	0.80	0.80	1.00	1.00	0.38	0.74	0.31	1.11	0.39	0.57	0.43	0.28	0.29	0.57	1.18	0.80	1.00	1.25	0.54	0.80	0.22	0.22	0.56	1.67	1.00	0.57
zambia	2.33	1.75	1.17	2.50	1.75	1.17	1.75	1.94	1.40	0.76	0.39	0.64	1.75	0.47	0.67	0.92	1.17	0.44	1.52	1.75	2.69	2.33	1.06	0.60	0.47	4.38	1.40	1.84	0.58	1.75	0.56	0.49	0.52	2.33	1.00	5.83	1.40	0.44	0.58	0.73	2.50	0.85	1.17	0.50	0.65	0.46	0.90	0.76	1.17	1.40	1.40	0.50	0.88	0.92	0.58	0.58	1.17	1.35	0.59	1.17	0.76	2.33	1.17	0.44	0.44	1.17	0.51	2.50	3.18	2.19	1.09	0.58	1.30	1.17	0.90	1.40	1.40	1.40	1.75	1.75	0.67	1.30	0.54	1.94	0.69	1.00	0.74	0.49	0.51	1.00	2.06	1.40	1.75	2.19	0.95	1.40	0.39	0.38	0.97	2.92	1.75	1.00
