COUNTRY	Albania	Angola	Argentina	Australia	Austria	Bangladesh	Belgium	Bhutan	Brazil	Bulgaria	Burkina Faso	Canada	Cape+Verde	Chile	China	China, Hong Kong SAR	Colombia	Costa Rica	Croatia	Czech Republic	Denmark	Dominican Republic	Ecuador	Egypt	El Salvador	Estonia	Ethiopia	Fiji	Finland	France	Germany	Ghana	Greece	Guatemala	Honduras	Hungary	Iceland	India	Indonesia	Iran	Iraq	Ireland	Israel	Italy	Jamaica	Japan	Jordan	Kenya	Kuwait	Latvia	Lebanon	Libya	Lithuania	Luxembourg	Malawi	Malaysia	Malta	Mexico	Morocco	Mozambique	Namibia	Nepal	Netherlands	New Zealand	Nigeria	Norway	Pakistan	Panama	Peru	Philippines	Poland	Portugal	Romania	Russia	Saudi Arabia	Senegal	Serbia	Sierra Leone	Singapore	Slovakia	Slovenia	South Africa	South+Sudan	Spain	Sri Lanka	Suriname	Sweden	Switzerland	Syria	Taiwan	Tanzania	Thailand	Trinidad and Tobago	Turkey	Ukraine	United Arab Emirates	United Kingdom	United States	Uruguay	Venezuela	Viet Nam	Zambia
Albania	1.00	1.17	0.81	1.37	1.00	1.17	0.74	2.50	0.92	0.82	1.27	1.46	1.75	0.81	2.33	2.41	0.88	0.81	0.88	0.95	3.04	1.56	1.04	0.88	0.74	1.17	1.27	1.46	1.19	0.81	1.08	1.08	0.70	0.71	1.40	0.85	1.40	1.75	1.46	1.19	0.82	2.00	0.86	0.93	5.38	0.76	1.08	1.40	0.88	1.11	1.40	1.03	1.08	1.00	1.40	1.94	0.73	0.85	1.03	1.59	1.56	1.75	1.32	1.43	1.27	1.40	1.00	0.81	0.80	1.59	0.75	0.71	0.78	0.74	0.88	1.27	0.76	1.40	8.75	1.37	0.80	1.43	0.82	0.81	1.56	0.76	2.41	1.21	1.17	1.01	1.40	1.09	1.27	0.82	0.74	0.88	2.00	1.52	0.71	0.92	2.33	1.40
Angola	0.86	1.00	0.70	1.18	0.86	1.00	0.64	2.14	0.79	0.71	1.09	1.25	1.50	0.70	2.00	2.07	0.75	0.70	0.75	0.81	2.61	1.33	0.90	0.75	0.64	1.00	1.09	1.25	1.02	0.70	0.92	0.92	0.60	0.61	1.20	0.73	1.20	1.50	1.25	1.02	0.71	1.71	0.74	0.80	4.62	0.65	0.92	1.20	0.75	0.95	1.20	0.88	0.92	0.86	1.20	1.67	0.62	0.73	0.88	1.36	1.33	1.50	1.13	1.22	1.09	1.20	0.86	0.70	0.69	1.36	0.65	0.61	0.67	0.63	0.75	1.09	0.65	1.20	7.50	1.18	0.68	1.22	0.71	0.70	1.33	0.65	2.07	1.03	1.00	0.87	1.20	0.94	1.09	0.71	0.63	0.75	1.71	1.30	0.61	0.79	2.00	1.20
Argentina	1.23	1.43	1.00	1.69	1.23	1.43	0.91	3.07	1.13	1.01	1.56	1.79	2.15	1.00	2.87	2.97	1.07	1.00	1.07	1.16	3.74	1.91	1.28	1.07	0.91	1.43	1.56	1.79	1.46	1.00	1.32	1.32	0.86	0.87	1.72	1.05	1.72	2.15	1.79	1.46	1.01	2.46	1.06	1.15	6.62	0.93	1.32	1.72	1.07	1.37	1.72	1.26	1.32	1.23	1.72	2.39	0.90	1.05	1.26	1.95	1.91	2.15	1.62	1.76	1.56	1.72	1.23	1.00	0.99	1.95	0.92	0.87	0.96	0.91	1.07	1.56	0.93	1.72	10.75	1.69	0.98	1.76	1.01	1.00	1.91	0.93	2.97	1.48	1.43	1.25	1.72	1.34	1.56	1.01	0.91	1.07	2.46	1.87	0.87	1.13	2.87	1.72
Australia	0.73	0.85	0.59	1.00	0.73	0.85	0.54	1.82	0.67	0.60	0.93	1.06	1.27	0.59	1.70	1.76	0.64	0.59	0.64	0.69	2.22	1.13	0.76	0.64	0.54	0.85	0.93	1.06	0.86	0.59	0.78	0.78	0.51	0.52	1.02	0.62	1.02	1.27	1.06	0.86	0.60	1.46	0.63	0.68	3.92	0.55	0.78	1.02	0.64	0.81	1.02	0.75	0.78	0.73	1.02	1.42	0.53	0.62	0.75	1.16	1.13	1.27	0.96	1.04	0.93	1.02	0.73	0.59	0.59	1.16	0.55	0.52	0.57	0.54	0.64	0.93	0.55	1.02	6.38	1.00	0.58	1.04	0.60	0.59	1.13	0.55	1.76	0.88	0.85	0.74	1.02	0.80	0.93	0.60	0.54	0.64	1.46	1.11	0.52	0.67	1.70	1.02
Austria	1.00	1.17	0.81	1.37	1.00	1.17	0.74	2.50	0.92	0.82	1.27	1.46	1.75	0.81	2.33	2.41	0.88	0.81	0.88	0.95	3.04	1.56	1.04	0.88	0.74	1.17	1.27	1.46	1.19	0.81	1.08	1.08	0.70	0.71	1.40	0.85	1.40	1.75	1.46	1.19	0.82	2.00	0.86	0.93	5.38	0.76	1.08	1.40	0.88	1.11	1.40	1.03	1.08	1.00	1.40	1.94	0.73	0.85	1.03	1.59	1.56	1.75	1.32	1.43	1.27	1.40	1.00	0.81	0.80	1.59	0.75	0.71	0.78	0.74	0.88	1.27	0.76	1.40	8.75	1.37	0.80	1.43	0.82	0.81	1.56	0.76	2.41	1.21	1.17	1.01	1.40	1.09	1.27	0.82	0.74	0.88	2.00	1.52	0.71	0.92	2.33	1.40
Bangladesh	0.86	1.00	0.70	1.18	0.86	1.00	0.64	2.14	0.79	0.71	1.09	1.25	1.50	0.70	2.00	2.07	0.75	0.70	0.75	0.81	2.61	1.33	0.90	0.75	0.64	1.00	1.09	1.25	1.02	0.70	0.92	0.92	0.60	0.61	1.20	0.73	1.20	1.50	1.25	1.02	0.71	1.71	0.74	0.80	4.62	0.65	0.92	1.20	0.75	0.95	1.20	0.88	0.92	0.86	1.20	1.67	0.62	0.73	0.88	1.36	1.33	1.50	1.13	1.22	1.09	1.20	0.86	0.70	0.69	1.36	0.65	0.61	0.67	0.63	0.75	1.09	0.65	1.20	7.50	1.18	0.68	1.22	0.71	0.70	1.33	0.65	2.07	1.03	1.00	0.87	1.20	0.94	1.09	0.71	0.63	0.75	1.71	1.30	0.61	0.79	2.00	1.20
Belgium	1.34	1.57	1.09	1.84	1.34	1.57	1.00	3.36	1.24	1.11	1.71	1.96	2.35	1.09	3.13	3.24	1.18	1.09	1.18	1.27	4.09	2.09	1.40	1.18	1.00	1.57	1.71	1.96	1.59	1.09	1.45	1.45	0.94	0.95	1.88	1.15	1.88	2.35	1.96	1.59	1.11	2.69	1.16	1.25	7.23	1.02	1.45	1.88	1.18	1.49	1.88	1.38	1.45	1.34	1.88	2.61	0.98	1.15	1.38	2.14	2.09	2.35	1.77	1.92	1.71	1.88	1.34	1.09	1.08	2.14	1.01	0.95	1.04	0.99	1.18	1.71	1.02	1.88	11.75	1.84	1.07	1.92	1.11	1.09	2.09	1.02	3.24	1.62	1.57	1.36	1.88	1.47	1.71	1.11	0.99	1.18	2.69	2.04	0.95	1.24	3.13	1.88
Bhutan	0.40	0.47	0.33	0.55	0.40	0.47	0.30	1.00	0.37	0.33	0.51	0.58	0.70	0.33	0.93	0.97	0.35	0.33	0.35	0.38	1.22	0.62	0.42	0.35	0.30	0.47	0.51	0.58	0.47	0.33	0.43	0.43	0.28	0.28	0.56	0.34	0.56	0.70	0.58	0.47	0.33	0.80	0.35	0.37	2.15	0.30	0.43	0.56	0.35	0.44	0.56	0.41	0.43	0.40	0.56	0.78	0.29	0.34	0.41	0.64	0.62	0.70	0.53	0.57	0.51	0.56	0.40	0.33	0.32	0.64	0.30	0.28	0.31	0.29	0.35	0.51	0.30	0.56	3.50	0.55	0.32	0.57	0.33	0.33	0.62	0.30	0.97	0.48	0.47	0.41	0.56	0.44	0.51	0.33	0.29	0.35	0.80	0.61	0.28	0.37	0.93	0.56
Brazil	1.09	1.27	0.88	1.49	1.09	1.27	0.81	2.71	1.00	0.89	1.38	1.58	1.90	0.88	2.53	2.62	0.95	0.88	0.95	1.03	3.30	1.69	1.13	0.95	0.81	1.27	1.38	1.58	1.29	0.88	1.17	1.17	0.76	0.77	1.52	0.93	1.52	1.90	1.58	1.29	0.89	2.17	0.94	1.01	5.85	0.83	1.17	1.52	0.95	1.21	1.52	1.12	1.17	1.09	1.52	2.11	0.79	0.93	1.12	1.73	1.69	1.90	1.43	1.55	1.38	1.52	1.09	0.88	0.87	1.73	0.82	0.77	0.84	0.80	0.95	1.38	0.83	1.52	9.50	1.49	0.86	1.55	0.89	0.88	1.69	0.83	2.62	1.31	1.27	1.10	1.52	1.19	1.38	0.89	0.80	0.95	2.17	1.65	0.77	1.00	2.53	1.52
Bulgaria	1.21	1.42	0.99	1.67	1.21	1.42	0.90	3.04	1.12	1.00	1.55	1.77	2.12	0.99	2.83	2.93	1.06	0.99	1.06	1.15	3.70	1.89	1.27	1.06	0.90	1.42	1.55	1.77	1.44	0.99	1.31	1.31	0.85	0.86	1.70	1.04	1.70	2.12	1.77	1.44	1.00	2.43	1.05	1.13	6.54	0.92	1.31	1.70	1.06	1.35	1.70	1.25	1.31	1.21	1.70	2.36	0.89	1.04	1.25	1.93	1.89	2.12	1.60	1.73	1.55	1.70	1.21	0.99	0.98	1.93	0.91	0.86	0.94	0.89	1.06	1.55	0.92	1.70	10.62	1.67	0.97	1.73	1.00	0.99	1.89	0.92	2.93	1.47	1.42	1.23	1.70	1.33	1.55	1.00	0.89	1.06	2.43	1.85	0.86	1.12	2.83	1.70
Burkina Faso	0.79	0.92	0.64	1.08	0.79	0.92	0.59	1.96	0.72	0.65	1.00	1.15	1.38	0.64	1.83	1.90	0.69	0.64	0.69	0.74	2.39	1.22	0.82	0.69	0.59	0.92	1.00	1.15	0.93	0.64	0.85	0.85	0.55	0.56	1.10	0.67	1.10	1.38	1.15	0.93	0.65	1.57	0.68	0.73	4.23	0.60	0.85	1.10	0.69	0.87	1.10	0.81	0.85	0.79	1.10	1.53	0.57	0.67	0.81	1.25	1.22	1.38	1.04	1.12	1.00	1.10	0.79	0.64	0.63	1.25	0.59	0.56	0.61	0.58	0.69	1.00	0.60	1.10	6.88	1.08	0.62	1.12	0.65	0.64	1.22	0.60	1.90	0.95	0.92	0.80	1.10	0.86	1.00	0.65	0.58	0.69	1.57	1.20	0.56	0.72	1.83	1.10
Canada	0.69	0.80	0.56	0.94	0.69	0.80	0.51	1.71	0.63	0.56	0.87	1.00	1.20	0.56	1.60	1.66	0.60	0.56	0.60	0.65	2.09	1.07	0.72	0.60	0.51	0.80	0.87	1.00	0.81	0.56	0.74	0.74	0.48	0.48	0.96	0.59	0.96	1.20	1.00	0.81	0.56	1.37	0.59	0.64	3.69	0.52	0.74	0.96	0.60	0.76	0.96	0.71	0.74	0.69	0.96	1.33	0.50	0.59	0.71	1.09	1.07	1.20	0.91	0.98	0.87	0.96	0.69	0.56	0.55	1.09	0.52	0.48	0.53	0.51	0.60	0.87	0.52	0.96	6.00	0.94	0.55	0.98	0.56	0.56	1.07	0.52	1.66	0.83	0.80	0.70	0.96	0.75	0.87	0.56	0.51	0.60	1.37	1.04	0.48	0.63	1.60	0.96
Cape+Verde	0.57	0.67	0.47	0.78	0.57	0.67	0.43	1.43	0.53	0.47	0.73	0.83	1.00	0.47	1.33	1.38	0.50	0.47	0.50	0.54	1.74	0.89	0.60	0.50	0.43	0.67	0.73	0.83	0.68	0.47	0.62	0.62	0.40	0.40	0.80	0.49	0.80	1.00	0.83	0.68	0.47	1.14	0.49	0.53	3.08	0.43	0.62	0.80	0.50	0.63	0.80	0.59	0.62	0.57	0.80	1.11	0.42	0.49	0.59	0.91	0.89	1.00	0.75	0.82	0.73	0.80	0.57	0.47	0.46	0.91	0.43	0.40	0.44	0.42	0.50	0.73	0.43	0.80	5.00	0.78	0.45	0.82	0.47	0.47	0.89	0.43	1.38	0.69	0.67	0.58	0.80	0.62	0.73	0.47	0.42	0.50	1.14	0.87	0.40	0.53	1.33	0.80
Chile	1.23	1.43	1.00	1.69	1.23	1.43	0.91	3.07	1.13	1.01	1.56	1.79	2.15	1.00	2.87	2.97	1.07	1.00	1.07	1.16	3.74	1.91	1.28	1.07	0.91	1.43	1.56	1.79	1.46	1.00	1.32	1.32	0.86	0.87	1.72	1.05	1.72	2.15	1.79	1.46	1.01	2.46	1.06	1.15	6.62	0.93	1.32	1.72	1.07	1.37	1.72	1.26	1.32	1.23	1.72	2.39	0.90	1.05	1.26	1.95	1.91	2.15	1.62	1.76	1.56	1.72	1.23	1.00	0.99	1.95	0.92	0.87	0.96	0.91	1.07	1.56	0.93	1.72	10.75	1.69	0.98	1.76	1.01	1.00	1.91	0.93	2.97	1.48	1.43	1.25	1.72	1.34	1.56	1.01	0.91	1.07	2.46	1.87	0.87	1.13	2.87	1.72
China	0.43	0.50	0.35	0.59	0.43	0.50	0.32	1.07	0.39	0.35	0.55	0.62	0.75	0.35	1.00	1.03	0.38	0.35	0.38	0.41	1.30	0.67	0.45	0.38	0.32	0.50	0.55	0.62	0.51	0.35	0.46	0.46	0.30	0.30	0.60	0.37	0.60	0.75	0.62	0.51	0.35	0.86	0.37	0.40	2.31	0.33	0.46	0.60	0.38	0.48	0.60	0.44	0.46	0.43	0.60	0.83	0.31	0.37	0.44	0.68	0.67	0.75	0.57	0.61	0.55	0.60	0.43	0.35	0.34	0.68	0.32	0.30	0.33	0.32	0.38	0.55	0.33	0.60	3.75	0.59	0.34	0.61	0.35	0.35	0.67	0.33	1.03	0.52	0.50	0.43	0.60	0.47	0.55	0.35	0.32	0.38	0.86	0.65	0.30	0.39	1.00	0.60
China, Hong Kong SAR	0.41	0.48	0.34	0.57	0.41	0.48	0.31	1.04	0.38	0.34	0.53	0.60	0.72	0.34	0.97	1.00	0.36	0.34	0.36	0.39	1.26	0.64	0.43	0.36	0.31	0.48	0.53	0.60	0.49	0.34	0.45	0.45	0.29	0.29	0.58	0.35	0.58	0.72	0.60	0.49	0.34	0.83	0.36	0.39	2.23	0.32	0.45	0.58	0.36	0.46	0.58	0.43	0.45	0.41	0.58	0.81	0.30	0.35	0.43	0.66	0.64	0.72	0.55	0.59	0.53	0.58	0.41	0.34	0.33	0.66	0.31	0.29	0.32	0.31	0.36	0.53	0.32	0.58	3.62	0.57	0.33	0.59	0.34	0.34	0.64	0.32	1.00	0.50	0.48	0.42	0.58	0.45	0.53	0.34	0.31	0.36	0.83	0.63	0.29	0.38	0.97	0.58
Colombia	1.14	1.33	0.93	1.57	1.14	1.33	0.85	2.86	1.05	0.94	1.45	1.67	2.00	0.93	2.67	2.76	1.00	0.93	1.00	1.08	3.48	1.78	1.19	1.00	0.85	1.33	1.45	1.67	1.36	0.93	1.23	1.23	0.80	0.81	1.60	0.98	1.60	2.00	1.67	1.36	0.94	2.29	0.99	1.07	6.15	0.87	1.23	1.60	1.00	1.27	1.60	1.18	1.23	1.14	1.60	2.22	0.83	0.98	1.18	1.82	1.78	2.00	1.51	1.63	1.45	1.60	1.14	0.93	0.92	1.82	0.86	0.81	0.89	0.84	1.00	1.45	0.87	1.60	10.00	1.57	0.91	1.63	0.94	0.93	1.78	0.87	2.76	1.38	1.33	1.16	1.60	1.25	1.45	0.94	0.84	1.00	2.29	1.74	0.81	1.05	2.67	1.60
Costa Rica	1.23	1.43	1.00	1.69	1.23	1.43	0.91	3.07	1.13	1.01	1.56	1.79	2.15	1.00	2.87	2.97	1.07	1.00	1.07	1.16	3.74	1.91	1.28	1.07	0.91	1.43	1.56	1.79	1.46	1.00	1.32	1.32	0.86	0.87	1.72	1.05	1.72	2.15	1.79	1.46	1.01	2.46	1.06	1.15	6.62	0.93	1.32	1.72	1.07	1.37	1.72	1.26	1.32	1.23	1.72	2.39	0.90	1.05	1.26	1.95	1.91	2.15	1.62	1.76	1.56	1.72	1.23	1.00	0.99	1.95	0.92	0.87	0.96	0.91	1.07	1.56	0.93	1.72	10.75	1.69	0.98	1.76	1.01	1.00	1.91	0.93	2.97	1.48	1.43	1.25	1.72	1.34	1.56	1.01	0.91	1.07	2.46	1.87	0.87	1.13	2.87	1.72
Croatia	1.14	1.33	0.93	1.57	1.14	1.33	0.85	2.86	1.05	0.94	1.45	1.67	2.00	0.93	2.67	2.76	1.00	0.93	1.00	1.08	3.48	1.78	1.19	1.00	0.85	1.33	1.45	1.67	1.36	0.93	1.23	1.23	0.80	0.81	1.60	0.98	1.60	2.00	1.67	1.36	0.94	2.29	0.99	1.07	6.15	0.87	1.23	1.60	1.00	1.27	1.60	1.18	1.23	1.14	1.60	2.22	0.83	0.98	1.18	1.82	1.78	2.00	1.51	1.63	1.45	1.60	1.14	0.93	0.92	1.82	0.86	0.81	0.89	0.84	1.00	1.45	0.87	1.60	10.00	1.57	0.91	1.63	0.94	0.93	1.78	0.87	2.76	1.38	1.33	1.16	1.60	1.25	1.45	0.94	0.84	1.00	2.29	1.74	0.81	1.05	2.67	1.60
Czech Republic	1.06	1.23	0.86	1.45	1.06	1.23	0.79	2.64	0.97	0.87	1.35	1.54	1.85	0.86	2.47	2.55	0.93	0.86	0.93	1.00	3.22	1.64	1.10	0.93	0.79	1.23	1.35	1.54	1.25	0.86	1.14	1.14	0.74	0.75	1.48	0.90	1.48	1.85	1.54	1.25	0.87	2.11	0.91	0.99	5.69	0.80	1.14	1.48	0.93	1.17	1.48	1.09	1.14	1.06	1.48	2.06	0.77	0.90	1.09	1.68	1.64	1.85	1.40	1.51	1.35	1.48	1.06	0.86	0.85	1.68	0.80	0.75	0.82	0.78	0.93	1.35	0.80	1.48	9.25	1.45	0.84	1.51	0.87	0.86	1.64	0.80	2.55	1.28	1.23	1.07	1.48	1.16	1.35	0.87	0.78	0.93	2.11	1.61	0.75	0.97	2.47	1.48
Denmark	0.33	0.38	0.27	0.45	0.33	0.38	0.24	0.82	0.30	0.27	0.42	0.48	0.57	0.27	0.77	0.79	0.29	0.27	0.29	0.31	1.00	0.51	0.34	0.29	0.24	0.38	0.42	0.48	0.39	0.27	0.35	0.35	0.23	0.23	0.46	0.28	0.46	0.57	0.48	0.39	0.27	0.66	0.28	0.31	1.77	0.25	0.35	0.46	0.29	0.37	0.46	0.34	0.35	0.33	0.46	0.64	0.24	0.28	0.34	0.52	0.51	0.57	0.43	0.47	0.42	0.46	0.33	0.27	0.26	0.52	0.25	0.23	0.26	0.24	0.29	0.42	0.25	0.46	2.88	0.45	0.26	0.47	0.27	0.27	0.51	0.25	0.79	0.40	0.38	0.33	0.46	0.36	0.42	0.27	0.24	0.29	0.66	0.50	0.23	0.30	0.77	0.46
Dominican Republic	0.64	0.75	0.52	0.88	0.64	0.75	0.48	1.61	0.59	0.53	0.82	0.94	1.12	0.52	1.50	1.55	0.56	0.52	0.56	0.61	1.96	1.00	0.67	0.56	0.48	0.75	0.82	0.94	0.76	0.52	0.69	0.69	0.45	0.45	0.90	0.55	0.90	1.12	0.94	0.76	0.53	1.29	0.56	0.60	3.46	0.49	0.69	0.90	0.56	0.71	0.90	0.66	0.69	0.64	0.90	1.25	0.47	0.55	0.66	1.02	1.00	1.12	0.85	0.92	0.82	0.90	0.64	0.52	0.52	1.02	0.48	0.45	0.50	0.47	0.56	0.82	0.49	0.90	5.62	0.88	0.51	0.92	0.53	0.52	1.00	0.49	1.55	0.78	0.75	0.65	0.90	0.70	0.82	0.53	0.47	0.56	1.29	0.98	0.45	0.59	1.50	0.90
Ecuador	0.96	1.12	0.78	1.31	0.96	1.12	0.71	2.39	0.88	0.79	1.22	1.40	1.68	0.78	2.23	2.31	0.84	0.78	0.84	0.91	2.91	1.49	1.00	0.84	0.71	1.12	1.22	1.40	1.14	0.78	1.03	1.03	0.67	0.68	1.34	0.82	1.34	1.68	1.40	1.14	0.79	1.91	0.83	0.89	5.15	0.73	1.03	1.34	0.84	1.06	1.34	0.99	1.03	0.96	1.34	1.86	0.70	0.82	0.99	1.52	1.49	1.68	1.26	1.37	1.22	1.34	0.96	0.78	0.77	1.52	0.72	0.68	0.74	0.71	0.84	1.22	0.73	1.34	8.38	1.31	0.76	1.37	0.79	0.78	1.49	0.73	2.31	1.16	1.12	0.97	1.34	1.05	1.22	0.79	0.71	0.84	1.91	1.46	0.68	0.88	2.23	1.34
Egypt	1.14	1.33	0.93	1.57	1.14	1.33	0.85	2.86	1.05	0.94	1.45	1.67	2.00	0.93	2.67	2.76	1.00	0.93	1.00	1.08	3.48	1.78	1.19	1.00	0.85	1.33	1.45	1.67	1.36	0.93	1.23	1.23	0.80	0.81	1.60	0.98	1.60	2.00	1.67	1.36	0.94	2.29	0.99	1.07	6.15	0.87	1.23	1.60	1.00	1.27	1.60	1.18	1.23	1.14	1.60	2.22	0.83	0.98	1.18	1.82	1.78	2.00	1.51	1.63	1.45	1.60	1.14	0.93	0.92	1.82	0.86	0.81	0.89	0.84	1.00	1.45	0.87	1.60	10.00	1.57	0.91	1.63	0.94	0.93	1.78	0.87	2.76	1.38	1.33	1.16	1.60	1.25	1.45	0.94	0.84	1.00	2.29	1.74	0.81	1.05	2.67	1.60
El Salvador	1.34	1.57	1.09	1.84	1.34	1.57	1.00	3.36	1.24	1.11	1.71	1.96	2.35	1.09	3.13	3.24	1.18	1.09	1.18	1.27	4.09	2.09	1.40	1.18	1.00	1.57	1.71	1.96	1.59	1.09	1.45	1.45	0.94	0.95	1.88	1.15	1.88	2.35	1.96	1.59	1.11	2.69	1.16	1.25	7.23	1.02	1.45	1.88	1.18	1.49	1.88	1.38	1.45	1.34	1.88	2.61	0.98	1.15	1.38	2.14	2.09	2.35	1.77	1.92	1.71	1.88	1.34	1.09	1.08	2.14	1.01	0.95	1.04	0.99	1.18	1.71	1.02	1.88	11.75	1.84	1.07	1.92	1.11	1.09	2.09	1.02	3.24	1.62	1.57	1.36	1.88	1.47	1.71	1.11	0.99	1.18	2.69	2.04	0.95	1.24	3.13	1.88
Estonia	0.86	1.00	0.70	1.18	0.86	1.00	0.64	2.14	0.79	0.71	1.09	1.25	1.50	0.70	2.00	2.07	0.75	0.70	0.75	0.81	2.61	1.33	0.90	0.75	0.64	1.00	1.09	1.25	1.02	0.70	0.92	0.92	0.60	0.61	1.20	0.73	1.20	1.50	1.25	1.02	0.71	1.71	0.74	0.80	4.62	0.65	0.92	1.20	0.75	0.95	1.20	0.88	0.92	0.86	1.20	1.67	0.62	0.73	0.88	1.36	1.33	1.50	1.13	1.22	1.09	1.20	0.86	0.70	0.69	1.36	0.65	0.61	0.67	0.63	0.75	1.09	0.65	1.20	7.50	1.18	0.68	1.22	0.71	0.70	1.33	0.65	2.07	1.03	1.00	0.87	1.20	0.94	1.09	0.71	0.63	0.75	1.71	1.30	0.61	0.79	2.00	1.20
Ethiopia	0.79	0.92	0.64	1.08	0.79	0.92	0.59	1.96	0.72	0.65	1.00	1.15	1.38	0.64	1.83	1.90	0.69	0.64	0.69	0.74	2.39	1.22	0.82	0.69	0.59	0.92	1.00	1.15	0.93	0.64	0.85	0.85	0.55	0.56	1.10	0.67	1.10	1.38	1.15	0.93	0.65	1.57	0.68	0.73	4.23	0.60	0.85	1.10	0.69	0.87	1.10	0.81	0.85	0.79	1.10	1.53	0.57	0.67	0.81	1.25	1.22	1.38	1.04	1.12	1.00	1.10	0.79	0.64	0.63	1.25	0.59	0.56	0.61	0.58	0.69	1.00	0.60	1.10	6.88	1.08	0.62	1.12	0.65	0.64	1.22	0.60	1.90	0.95	0.92	0.80	1.10	0.86	1.00	0.65	0.58	0.69	1.57	1.20	0.56	0.72	1.83	1.10
Fiji	0.69	0.80	0.56	0.94	0.69	0.80	0.51	1.71	0.63	0.56	0.87	1.00	1.20	0.56	1.60	1.66	0.60	0.56	0.60	0.65	2.09	1.07	0.72	0.60	0.51	0.80	0.87	1.00	0.81	0.56	0.74	0.74	0.48	0.48	0.96	0.59	0.96	1.20	1.00	0.81	0.56	1.37	0.59	0.64	3.69	0.52	0.74	0.96	0.60	0.76	0.96	0.71	0.74	0.69	0.96	1.33	0.50	0.59	0.71	1.09	1.07	1.20	0.91	0.98	0.87	0.96	0.69	0.56	0.55	1.09	0.52	0.48	0.53	0.51	0.60	0.87	0.52	0.96	6.00	0.94	0.55	0.98	0.56	0.56	1.07	0.52	1.66	0.83	0.80	0.70	0.96	0.75	0.87	0.56	0.51	0.60	1.37	1.04	0.48	0.63	1.60	0.96
Finland	0.84	0.98	0.69	1.16	0.84	0.98	0.63	2.11	0.78	0.69	1.07	1.23	1.48	0.69	1.97	2.03	0.74	0.69	0.74	0.80	2.57	1.31	0.88	0.74	0.63	0.98	1.07	1.23	1.00	0.69	0.91	0.91	0.59	0.60	1.18	0.72	1.18	1.48	1.23	1.00	0.69	1.69	0.73	0.79	4.54	0.64	0.91	1.18	0.74	0.94	1.18	0.87	0.91	0.84	1.18	1.64	0.61	0.72	0.87	1.34	1.31	1.48	1.11	1.20	1.07	1.18	0.84	0.69	0.68	1.34	0.63	0.60	0.66	0.62	0.74	1.07	0.64	1.18	7.38	1.16	0.67	1.20	0.69	0.69	1.31	0.64	2.03	1.02	0.98	0.86	1.18	0.92	1.07	0.69	0.62	0.74	1.69	1.28	0.60	0.78	1.97	1.18
France	1.23	1.43	1.00	1.69	1.23	1.43	0.91	3.07	1.13	1.01	1.56	1.79	2.15	1.00	2.87	2.97	1.07	1.00	1.07	1.16	3.74	1.91	1.28	1.07	0.91	1.43	1.56	1.79	1.46	1.00	1.32	1.32	0.86	0.87	1.72	1.05	1.72	2.15	1.79	1.46	1.01	2.46	1.06	1.15	6.62	0.93	1.32	1.72	1.07	1.37	1.72	1.26	1.32	1.23	1.72	2.39	0.90	1.05	1.26	1.95	1.91	2.15	1.62	1.76	1.56	1.72	1.23	1.00	0.99	1.95	0.92	0.87	0.96	0.91	1.07	1.56	0.93	1.72	10.75	1.69	0.98	1.76	1.01	1.00	1.91	0.93	2.97	1.48	1.43	1.25	1.72	1.34	1.56	1.01	0.91	1.07	2.46	1.87	0.87	1.13	2.87	1.72
Germany	0.93	1.08	0.76	1.27	0.93	1.08	0.69	2.32	0.86	0.76	1.18	1.35	1.62	0.76	2.17	2.24	0.81	0.76	0.81	0.88	2.83	1.44	0.97	0.81	0.69	1.08	1.18	1.35	1.10	0.76	1.00	1.00	0.65	0.66	1.30	0.79	1.30	1.62	1.35	1.10	0.76	1.86	0.80	0.87	5.00	0.71	1.00	1.30	0.81	1.03	1.30	0.96	1.00	0.93	1.30	1.81	0.68	0.79	0.96	1.48	1.44	1.62	1.23	1.33	1.18	1.30	0.93	0.76	0.75	1.48	0.70	0.66	0.72	0.68	0.81	1.18	0.71	1.30	8.12	1.27	0.74	1.33	0.76	0.76	1.44	0.71	2.24	1.12	1.08	0.94	1.30	1.02	1.18	0.76	0.68	0.81	1.86	1.41	0.66	0.86	2.17	1.30
Ghana	0.93	1.08	0.76	1.27	0.93	1.08	0.69	2.32	0.86	0.76	1.18	1.35	1.62	0.76	2.17	2.24	0.81	0.76	0.81	0.88	2.83	1.44	0.97	0.81	0.69	1.08	1.18	1.35	1.10	0.76	1.00	1.00	0.65	0.66	1.30	0.79	1.30	1.62	1.35	1.10	0.76	1.86	0.80	0.87	5.00	0.71	1.00	1.30	0.81	1.03	1.30	0.96	1.00	0.93	1.30	1.81	0.68	0.79	0.96	1.48	1.44	1.62	1.23	1.33	1.18	1.30	0.93	0.76	0.75	1.48	0.70	0.66	0.72	0.68	0.81	1.18	0.71	1.30	8.12	1.27	0.74	1.33	0.76	0.76	1.44	0.71	2.24	1.12	1.08	0.94	1.30	1.02	1.18	0.76	0.68	0.81	1.86	1.41	0.66	0.86	2.17	1.30
Greece	1.43	1.67	1.16	1.96	1.43	1.67	1.06	3.57	1.32	1.18	1.82	2.08	2.50	1.16	3.33	3.45	1.25	1.16	1.25	1.35	4.35	2.22	1.49	1.25	1.06	1.67	1.82	2.08	1.69	1.16	1.54	1.54	1.00	1.01	2.00	1.22	2.00	2.50	2.08	1.69	1.18	2.86	1.23	1.33	7.69	1.09	1.54	2.00	1.25	1.59	2.00	1.47	1.54	1.43	2.00	2.78	1.04	1.22	1.47	2.27	2.22	2.50	1.89	2.04	1.82	2.00	1.43	1.16	1.15	2.27	1.08	1.01	1.11	1.05	1.25	1.82	1.09	2.00	12.50	1.96	1.14	2.04	1.18	1.16	2.22	1.09	3.45	1.72	1.67	1.45	2.00	1.56	1.82	1.18	1.05	1.25	2.86	2.17	1.01	1.32	3.33	2.00
Guatemala	1.41	1.65	1.15	1.94	1.41	1.65	1.05	3.54	1.30	1.16	1.80	2.06	2.48	1.15	3.30	3.41	1.24	1.15	1.24	1.34	4.30	2.20	1.48	1.24	1.05	1.65	1.80	2.06	1.68	1.15	1.52	1.52	0.99	1.00	1.98	1.21	1.98	2.48	2.06	1.68	1.16	2.83	1.22	1.32	7.62	1.08	1.52	1.98	1.24	1.57	1.98	1.46	1.52	1.41	1.98	2.75	1.03	1.21	1.46	2.25	2.20	2.48	1.87	2.02	1.80	1.98	1.41	1.15	1.14	2.25	1.06	1.00	1.10	1.04	1.24	1.80	1.08	1.98	12.38	1.94	1.12	2.02	1.16	1.15	2.20	1.08	3.41	1.71	1.65	1.43	1.98	1.55	1.80	1.16	1.04	1.24	2.83	2.15	1.00	1.30	3.30	1.98
Honduras	0.71	0.83	0.58	0.98	0.71	0.83	0.53	1.79	0.66	0.59	0.91	1.04	1.25	0.58	1.67	1.72	0.62	0.58	0.62	0.68	2.17	1.11	0.75	0.62	0.53	0.83	0.91	1.04	0.85	0.58	0.77	0.77	0.50	0.51	1.00	0.61	1.00	1.25	1.04	0.85	0.59	1.43	0.62	0.67	3.85	0.54	0.77	1.00	0.62	0.79	1.00	0.74	0.77	0.71	1.00	1.39	0.52	0.61	0.74	1.14	1.11	1.25	0.94	1.02	0.91	1.00	0.71	0.58	0.57	1.14	0.54	0.51	0.56	0.53	0.62	0.91	0.54	1.00	6.25	0.98	0.57	1.02	0.59	0.58	1.11	0.54	1.72	0.86	0.83	0.72	1.00	0.78	0.91	0.59	0.53	0.62	1.43	1.09	0.51	0.66	1.67	1.00
Hungary	1.17	1.37	0.95	1.61	1.17	1.37	0.87	2.93	1.08	0.96	1.49	1.71	2.05	0.95	2.73	2.83	1.02	0.95	1.02	1.11	3.57	1.82	1.22	1.02	0.87	1.37	1.49	1.71	1.39	0.95	1.26	1.26	0.82	0.83	1.64	1.00	1.64	2.05	1.71	1.39	0.96	2.34	1.01	1.09	6.31	0.89	1.26	1.64	1.02	1.30	1.64	1.21	1.26	1.17	1.64	2.28	0.85	1.00	1.21	1.86	1.82	2.05	1.55	1.67	1.49	1.64	1.17	0.95	0.94	1.86	0.88	0.83	0.91	0.86	1.02	1.49	0.89	1.64	10.25	1.61	0.93	1.67	0.96	0.95	1.82	0.89	2.83	1.41	1.37	1.19	1.64	1.28	1.49	0.96	0.86	1.02	2.34	1.78	0.83	1.08	2.73	1.64
Iceland	0.71	0.83	0.58	0.98	0.71	0.83	0.53	1.79	0.66	0.59	0.91	1.04	1.25	0.58	1.67	1.72	0.62	0.58	0.62	0.68	2.17	1.11	0.75	0.62	0.53	0.83	0.91	1.04	0.85	0.58	0.77	0.77	0.50	0.51	1.00	0.61	1.00	1.25	1.04	0.85	0.59	1.43	0.62	0.67	3.85	0.54	0.77	1.00	0.62	0.79	1.00	0.74	0.77	0.71	1.00	1.39	0.52	0.61	0.74	1.14	1.11	1.25	0.94	1.02	0.91	1.00	0.71	0.58	0.57	1.14	0.54	0.51	0.56	0.53	0.62	0.91	0.54	1.00	6.25	0.98	0.57	1.02	0.59	0.58	1.11	0.54	1.72	0.86	0.83	0.72	1.00	0.78	0.91	0.59	0.53	0.62	1.43	1.09	0.51	0.66	1.67	1.00
India	0.57	0.67	0.47	0.78	0.57	0.67	0.43	1.43	0.53	0.47	0.73	0.83	1.00	0.47	1.33	1.38	0.50	0.47	0.50	0.54	1.74	0.89	0.60	0.50	0.43	0.67	0.73	0.83	0.68	0.47	0.62	0.62	0.40	0.40	0.80	0.49	0.80	1.00	0.83	0.68	0.47	1.14	0.49	0.53	3.08	0.43	0.62	0.80	0.50	0.63	0.80	0.59	0.62	0.57	0.80	1.11	0.42	0.49	0.59	0.91	0.89	1.00	0.75	0.82	0.73	0.80	0.57	0.47	0.46	0.91	0.43	0.40	0.44	0.42	0.50	0.73	0.43	0.80	5.00	0.78	0.45	0.82	0.47	0.47	0.89	0.43	1.38	0.69	0.67	0.58	0.80	0.62	0.73	0.47	0.42	0.50	1.14	0.87	0.40	0.53	1.33	0.80
Indonesia	0.69	0.80	0.56	0.94	0.69	0.80	0.51	1.71	0.63	0.56	0.87	1.00	1.20	0.56	1.60	1.66	0.60	0.56	0.60	0.65	2.09	1.07	0.72	0.60	0.51	0.80	0.87	1.00	0.81	0.56	0.74	0.74	0.48	0.48	0.96	0.59	0.96	1.20	1.00	0.81	0.56	1.37	0.59	0.64	3.69	0.52	0.74	0.96	0.60	0.76	0.96	0.71	0.74	0.69	0.96	1.33	0.50	0.59	0.71	1.09	1.07	1.20	0.91	0.98	0.87	0.96	0.69	0.56	0.55	1.09	0.52	0.48	0.53	0.51	0.60	0.87	0.52	0.96	6.00	0.94	0.55	0.98	0.56	0.56	1.07	0.52	1.66	0.83	0.80	0.70	0.96	0.75	0.87	0.56	0.51	0.60	1.37	1.04	0.48	0.63	1.60	0.96
Iran	0.84	0.98	0.69	1.16	0.84	0.98	0.63	2.11	0.78	0.69	1.07	1.23	1.48	0.69	1.97	2.03	0.74	0.69	0.74	0.80	2.57	1.31	0.88	0.74	0.63	0.98	1.07	1.23	1.00	0.69	0.91	0.91	0.59	0.60	1.18	0.72	1.18	1.48	1.23	1.00	0.69	1.69	0.73	0.79	4.54	0.64	0.91	1.18	0.74	0.94	1.18	0.87	0.91	0.84	1.18	1.64	0.61	0.72	0.87	1.34	1.31	1.48	1.11	1.20	1.07	1.18	0.84	0.69	0.68	1.34	0.63	0.60	0.66	0.62	0.74	1.07	0.64	1.18	7.38	1.16	0.67	1.20	0.69	0.69	1.31	0.64	2.03	1.02	0.98	0.86	1.18	0.92	1.07	0.69	0.62	0.74	1.69	1.28	0.60	0.78	1.97	1.18
Iraq	1.21	1.42	0.99	1.67	1.21	1.42	0.90	3.04	1.12	1.00	1.55	1.77	2.12	0.99	2.83	2.93	1.06	0.99	1.06	1.15	3.70	1.89	1.27	1.06	0.90	1.42	1.55	1.77	1.44	0.99	1.31	1.31	0.85	0.86	1.70	1.04	1.70	2.12	1.77	1.44	1.00	2.43	1.05	1.13	6.54	0.92	1.31	1.70	1.06	1.35	1.70	1.25	1.31	1.21	1.70	2.36	0.89	1.04	1.25	1.93	1.89	2.12	1.60	1.73	1.55	1.70	1.21	0.99	0.98	1.93	0.91	0.86	0.94	0.89	1.06	1.55	0.92	1.70	10.62	1.67	0.97	1.73	1.00	0.99	1.89	0.92	2.93	1.47	1.42	1.23	1.70	1.33	1.55	1.00	0.89	1.06	2.43	1.85	0.86	1.12	2.83	1.70
Ireland	0.50	0.58	0.41	0.69	0.50	0.58	0.37	1.25	0.46	0.41	0.64	0.73	0.88	0.41	1.17	1.21	0.44	0.41	0.44	0.47	1.52	0.78	0.52	0.44	0.37	0.58	0.64	0.73	0.59	0.41	0.54	0.54	0.35	0.35	0.70	0.43	0.70	0.88	0.73	0.59	0.41	1.00	0.43	0.47	2.69	0.38	0.54	0.70	0.44	0.56	0.70	0.51	0.54	0.50	0.70	0.97	0.36	0.43	0.51	0.80	0.78	0.88	0.66	0.71	0.64	0.70	0.50	0.41	0.40	0.80	0.38	0.35	0.39	0.37	0.44	0.64	0.38	0.70	4.38	0.69	0.40	0.71	0.41	0.41	0.78	0.38	1.21	0.60	0.58	0.51	0.70	0.55	0.64	0.41	0.37	0.44	1.00	0.76	0.35	0.46	1.17	0.70
Israel	1.16	1.35	0.94	1.59	1.16	1.35	0.86	2.89	1.07	0.95	1.47	1.69	2.02	0.94	2.70	2.79	1.01	0.94	1.01	1.09	3.52	1.80	1.21	1.01	0.86	1.35	1.47	1.69	1.37	0.94	1.25	1.25	0.81	0.82	1.62	0.99	1.62	2.02	1.69	1.37	0.95	2.31	1.00	1.08	6.23	0.88	1.25	1.62	1.01	1.29	1.62	1.19	1.25	1.16	1.62	2.25	0.84	0.99	1.19	1.84	1.80	2.02	1.53	1.65	1.47	1.62	1.16	0.94	0.93	1.84	0.87	0.82	0.90	0.85	1.01	1.47	0.88	1.62	10.12	1.59	0.92	1.65	0.95	0.94	1.80	0.88	2.79	1.40	1.35	1.17	1.62	1.27	1.47	0.95	0.85	1.01	2.31	1.76	0.82	1.07	2.70	1.62
Italy	1.07	1.25	0.87	1.47	1.07	1.25	0.80	2.68	0.99	0.88	1.36	1.56	1.88	0.87	2.50	2.59	0.94	0.87	0.94	1.01	3.26	1.67	1.12	0.94	0.80	1.25	1.36	1.56	1.27	0.87	1.15	1.15	0.75	0.76	1.50	0.91	1.50	1.88	1.56	1.27	0.88	2.14	0.93	1.00	5.77	0.82	1.15	1.50	0.94	1.19	1.50	1.10	1.15	1.07	1.50	2.08	0.78	0.91	1.10	1.70	1.67	1.88	1.42	1.53	1.36	1.50	1.07	0.87	0.86	1.70	0.81	0.76	0.83	0.79	0.94	1.36	0.82	1.50	9.38	1.47	0.85	1.53	0.88	0.87	1.67	0.82	2.59	1.29	1.25	1.09	1.50	1.17	1.36	0.88	0.79	0.94	2.14	1.63	0.76	0.99	2.50	1.50
Jamaica	0.19	0.22	0.15	0.25	0.19	0.22	0.14	0.46	0.17	0.15	0.24	0.27	0.33	0.15	0.43	0.45	0.16	0.15	0.16	0.18	0.57	0.29	0.19	0.16	0.14	0.22	0.24	0.27	0.22	0.15	0.20	0.20	0.13	0.13	0.26	0.16	0.26	0.33	0.27	0.22	0.15	0.37	0.16	0.17	1.00	0.14	0.20	0.26	0.16	0.21	0.26	0.19	0.20	0.19	0.26	0.36	0.14	0.16	0.19	0.30	0.29	0.33	0.25	0.27	0.24	0.26	0.19	0.15	0.15	0.30	0.14	0.13	0.14	0.14	0.16	0.24	0.14	0.26	1.62	0.25	0.15	0.27	0.15	0.15	0.29	0.14	0.45	0.22	0.22	0.19	0.26	0.20	0.24	0.15	0.14	0.16	0.37	0.28	0.13	0.17	0.43	0.26
Japan	1.31	1.53	1.07	1.80	1.31	1.53	0.98	3.29	1.21	1.08	1.67	1.92	2.30	1.07	3.07	3.17	1.15	1.07	1.15	1.24	4.00	2.04	1.37	1.15	0.98	1.53	1.67	1.92	1.56	1.07	1.42	1.42	0.92	0.93	1.84	1.12	1.84	2.30	1.92	1.56	1.08	2.63	1.14	1.23	7.08	1.00	1.42	1.84	1.15	1.46	1.84	1.35	1.42	1.31	1.84	2.56	0.96	1.12	1.35	2.09	2.04	2.30	1.74	1.88	1.67	1.84	1.31	1.07	1.06	2.09	0.99	0.93	1.02	0.97	1.15	1.67	1.00	1.84	11.50	1.80	1.05	1.88	1.08	1.07	2.04	1.00	3.17	1.59	1.53	1.33	1.84	1.44	1.67	1.08	0.97	1.15	2.63	2.00	0.93	1.21	3.07	1.84
Jordan	0.93	1.08	0.76	1.27	0.93	1.08	0.69	2.32	0.86	0.76	1.18	1.35	1.62	0.76	2.17	2.24	0.81	0.76	0.81	0.88	2.83	1.44	0.97	0.81	0.69	1.08	1.18	1.35	1.10	0.76	1.00	1.00	0.65	0.66	1.30	0.79	1.30	1.62	1.35	1.10	0.76	1.86	0.80	0.87	5.00	0.71	1.00	1.30	0.81	1.03	1.30	0.96	1.00	0.93	1.30	1.81	0.68	0.79	0.96	1.48	1.44	1.62	1.23	1.33	1.18	1.30	0.93	0.76	0.75	1.48	0.70	0.66	0.72	0.68	0.81	1.18	0.71	1.30	8.12	1.27	0.74	1.33	0.76	0.76	1.44	0.71	2.24	1.12	1.08	0.94	1.30	1.02	1.18	0.76	0.68	0.81	1.86	1.41	0.66	0.86	2.17	1.30
Kenya	0.71	0.83	0.58	0.98	0.71	0.83	0.53	1.79	0.66	0.59	0.91	1.04	1.25	0.58	1.67	1.72	0.62	0.58	0.62	0.68	2.17	1.11	0.75	0.62	0.53	0.83	0.91	1.04	0.85	0.58	0.77	0.77	0.50	0.51	1.00	0.61	1.00	1.25	1.04	0.85	0.59	1.43	0.62	0.67	3.85	0.54	0.77	1.00	0.62	0.79	1.00	0.74	0.77	0.71	1.00	1.39	0.52	0.61	0.74	1.14	1.11	1.25	0.94	1.02	0.91	1.00	0.71	0.58	0.57	1.14	0.54	0.51	0.56	0.53	0.62	0.91	0.54	1.00	6.25	0.98	0.57	1.02	0.59	0.58	1.11	0.54	1.72	0.86	0.83	0.72	1.00	0.78	0.91	0.59	0.53	0.62	1.43	1.09	0.51	0.66	1.67	1.00
Kuwait	1.14	1.33	0.93	1.57	1.14	1.33	0.85	2.86	1.05	0.94	1.45	1.67	2.00	0.93	2.67	2.76	1.00	0.93	1.00	1.08	3.48	1.78	1.19	1.00	0.85	1.33	1.45	1.67	1.36	0.93	1.23	1.23	0.80	0.81	1.60	0.98	1.60	2.00	1.67	1.36	0.94	2.29	0.99	1.07	6.15	0.87	1.23	1.60	1.00	1.27	1.60	1.18	1.23	1.14	1.60	2.22	0.83	0.98	1.18	1.82	1.78	2.00	1.51	1.63	1.45	1.60	1.14	0.93	0.92	1.82	0.86	0.81	0.89	0.84	1.00	1.45	0.87	1.60	10.00	1.57	0.91	1.63	0.94	0.93	1.78	0.87	2.76	1.38	1.33	1.16	1.60	1.25	1.45	0.94	0.84	1.00	2.29	1.74	0.81	1.05	2.67	1.60
Latvia	0.90	1.05	0.73	1.24	0.90	1.05	0.67	2.25	0.83	0.74	1.15	1.31	1.57	0.73	2.10	2.17	0.79	0.73	0.79	0.85	2.74	1.40	0.94	0.79	0.67	1.05	1.15	1.31	1.07	0.73	0.97	0.97	0.63	0.64	1.26	0.77	1.26	1.57	1.31	1.07	0.74	1.80	0.78	0.84	4.85	0.68	0.97	1.26	0.79	1.00	1.26	0.93	0.97	0.90	1.26	1.75	0.66	0.77	0.93	1.43	1.40	1.57	1.19	1.29	1.15	1.26	0.90	0.73	0.72	1.43	0.68	0.64	0.70	0.66	0.79	1.15	0.68	1.26	7.88	1.24	0.72	1.29	0.74	0.73	1.40	0.68	2.17	1.09	1.05	0.91	1.26	0.98	1.15	0.74	0.66	0.79	1.80	1.37	0.64	0.83	2.10	1.26
Lebanon	0.71	0.83	0.58	0.98	0.71	0.83	0.53	1.79	0.66	0.59	0.91	1.04	1.25	0.58	1.67	1.72	0.62	0.58	0.62	0.68	2.17	1.11	0.75	0.62	0.53	0.83	0.91	1.04	0.85	0.58	0.77	0.77	0.50	0.51	1.00	0.61	1.00	1.25	1.04	0.85	0.59	1.43	0.62	0.67	3.85	0.54	0.77	1.00	0.62	0.79	1.00	0.74	0.77	0.71	1.00	1.39	0.52	0.61	0.74	1.14	1.11	1.25	0.94	1.02	0.91	1.00	0.71	0.58	0.57	1.14	0.54	0.51	0.56	0.53	0.62	0.91	0.54	1.00	6.25	0.98	0.57	1.02	0.59	0.58	1.11	0.54	1.72	0.86	0.83	0.72	1.00	0.78	0.91	0.59	0.53	0.62	1.43	1.09	0.51	0.66	1.67	1.00
Libya	0.97	1.13	0.79	1.33	0.97	1.13	0.72	2.43	0.89	0.80	1.24	1.42	1.70	0.79	2.27	2.34	0.85	0.79	0.85	0.92	2.96	1.51	1.01	0.85	0.72	1.13	1.24	1.42	1.15	0.79	1.05	1.05	0.68	0.69	1.36	0.83	1.36	1.70	1.42	1.15	0.80	1.94	0.84	0.91	5.23	0.74	1.05	1.36	0.85	1.08	1.36	1.00	1.05	0.97	1.36	1.89	0.71	0.83	1.00	1.55	1.51	1.70	1.28	1.39	1.24	1.36	0.97	0.79	0.78	1.55	0.73	0.69	0.76	0.72	0.85	1.24	0.74	1.36	8.50	1.33	0.77	1.39	0.80	0.79	1.51	0.74	2.34	1.17	1.13	0.99	1.36	1.06	1.24	0.80	0.72	0.85	1.94	1.48	0.69	0.89	2.27	1.36
Lithuania	0.93	1.08	0.76	1.27	0.93	1.08	0.69	2.32	0.86	0.76	1.18	1.35	1.62	0.76	2.17	2.24	0.81	0.76	0.81	0.88	2.83	1.44	0.97	0.81	0.69	1.08	1.18	1.35	1.10	0.76	1.00	1.00	0.65	0.66	1.30	0.79	1.30	1.62	1.35	1.10	0.76	1.86	0.80	0.87	5.00	0.71	1.00	1.30	0.81	1.03	1.30	0.96	1.00	0.93	1.30	1.81	0.68	0.79	0.96	1.48	1.44	1.62	1.23	1.33	1.18	1.30	0.93	0.76	0.75	1.48	0.70	0.66	0.72	0.68	0.81	1.18	0.71	1.30	8.12	1.27	0.74	1.33	0.76	0.76	1.44	0.71	2.24	1.12	1.08	0.94	1.30	1.02	1.18	0.76	0.68	0.81	1.86	1.41	0.66	0.86	2.17	1.30
Luxembourg	1.00	1.17	0.81	1.37	1.00	1.17	0.74	2.50	0.92	0.82	1.27	1.46	1.75	0.81	2.33	2.41	0.88	0.81	0.88	0.95	3.04	1.56	1.04	0.88	0.74	1.17	1.27	1.46	1.19	0.81	1.08	1.08	0.70	0.71	1.40	0.85	1.40	1.75	1.46	1.19	0.82	2.00	0.86	0.93	5.38	0.76	1.08	1.40	0.88	1.11	1.40	1.03	1.08	1.00	1.40	1.94	0.73	0.85	1.03	1.59	1.56	1.75	1.32	1.43	1.27	1.40	1.00	0.81	0.80	1.59	0.75	0.71	0.78	0.74	0.88	1.27	0.76	1.40	8.75	1.37	0.80	1.43	0.82	0.81	1.56	0.76	2.41	1.21	1.17	1.01	1.40	1.09	1.27	0.82	0.74	0.88	2.00	1.52	0.71	0.92	2.33	1.40
Malawi	0.71	0.83	0.58	0.98	0.71	0.83	0.53	1.79	0.66	0.59	0.91	1.04	1.25	0.58	1.67	1.72	0.62	0.58	0.62	0.68	2.17	1.11	0.75	0.62	0.53	0.83	0.91	1.04	0.85	0.58	0.77	0.77	0.50	0.51	1.00	0.61	1.00	1.25	1.04	0.85	0.59	1.43	0.62	0.67	3.85	0.54	0.77	1.00	0.62	0.79	1.00	0.74	0.77	0.71	1.00	1.39	0.52	0.61	0.74	1.14	1.11	1.25	0.94	1.02	0.91	1.00	0.71	0.58	0.57	1.14	0.54	0.51	0.56	0.53	0.62	0.91	0.54	1.00	6.25	0.98	0.57	1.02	0.59	0.58	1.11	0.54	1.72	0.86	0.83	0.72	1.00	0.78	0.91	0.59	0.53	0.62	1.43	1.09	0.51	0.66	1.67	1.00
Malaysia	0.51	0.60	0.42	0.71	0.51	0.60	0.38	1.29	0.47	0.42	0.65	0.75	0.90	0.42	1.20	1.24	0.45	0.42	0.45	0.49	1.57	0.80	0.54	0.45	0.38	0.60	0.65	0.75	0.61	0.42	0.55	0.55	0.36	0.36	0.72	0.44	0.72	0.90	0.75	0.61	0.42	1.03	0.44	0.48	2.77	0.39	0.55	0.72	0.45	0.57	0.72	0.53	0.55	0.51	0.72	1.00	0.38	0.44	0.53	0.82	0.80	0.90	0.68	0.73	0.65	0.72	0.51	0.42	0.41	0.82	0.39	0.36	0.40	0.38	0.45	0.65	0.39	0.72	4.50	0.71	0.41	0.73	0.42	0.42	0.80	0.39	1.24	0.62	0.60	0.52	0.72	0.56	0.65	0.42	0.38	0.45	1.03	0.78	0.36	0.47	1.20	0.72
Malta	1.37	1.60	1.12	1.88	1.37	1.60	1.02	3.43	1.26	1.13	1.75	2.00	2.40	1.12	3.20	3.31	1.20	1.12	1.20	1.30	4.17	2.13	1.43	1.20	1.02	1.60	1.75	2.00	1.63	1.12	1.48	1.48	0.96	0.97	1.92	1.17	1.92	2.40	2.00	1.63	1.13	2.74	1.19	1.28	7.38	1.04	1.48	1.92	1.20	1.52	1.92	1.41	1.48	1.37	1.92	2.67	1.00	1.17	1.41	2.18	2.13	2.40	1.81	1.96	1.75	1.92	1.37	1.12	1.10	2.18	1.03	0.97	1.07	1.01	1.20	1.75	1.04	1.92	12.00	1.88	1.09	1.96	1.13	1.12	2.13	1.04	3.31	1.66	1.60	1.39	1.92	1.50	1.75	1.13	1.01	1.20	2.74	2.09	0.97	1.26	3.20	1.92
Mexico	1.17	1.37	0.95	1.61	1.17	1.37	0.87	2.93	1.08	0.96	1.49	1.71	2.05	0.95	2.73	2.83	1.02	0.95	1.02	1.11	3.57	1.82	1.22	1.02	0.87	1.37	1.49	1.71	1.39	0.95	1.26	1.26	0.82	0.83	1.64	1.00	1.64	2.05	1.71	1.39	0.96	2.34	1.01	1.09	6.31	0.89	1.26	1.64	1.02	1.30	1.64	1.21	1.26	1.17	1.64	2.28	0.85	1.00	1.21	1.86	1.82	2.05	1.55	1.67	1.49	1.64	1.17	0.95	0.94	1.86	0.88	0.83	0.91	0.86	1.02	1.49	0.89	1.64	10.25	1.61	0.93	1.67	0.96	0.95	1.82	0.89	2.83	1.41	1.37	1.19	1.64	1.28	1.49	0.96	0.86	1.02	2.34	1.78	0.83	1.08	2.73	1.64
Morocco	0.97	1.13	0.79	1.33	0.97	1.13	0.72	2.43	0.89	0.80	1.24	1.42	1.70	0.79	2.27	2.34	0.85	0.79	0.85	0.92	2.96	1.51	1.01	0.85	0.72	1.13	1.24	1.42	1.15	0.79	1.05	1.05	0.68	0.69	1.36	0.83	1.36	1.70	1.42	1.15	0.80	1.94	0.84	0.91	5.23	0.74	1.05	1.36	0.85	1.08	1.36	1.00	1.05	0.97	1.36	1.89	0.71	0.83	1.00	1.55	1.51	1.70	1.28	1.39	1.24	1.36	0.97	0.79	0.78	1.55	0.73	0.69	0.76	0.72	0.85	1.24	0.74	1.36	8.50	1.33	0.77	1.39	0.80	0.79	1.51	0.74	2.34	1.17	1.13	0.99	1.36	1.06	1.24	0.80	0.72	0.85	1.94	1.48	0.69	0.89	2.27	1.36
Mozambique	0.63	0.73	0.51	0.86	0.63	0.73	0.47	1.57	0.58	0.52	0.80	0.92	1.10	0.51	1.47	1.52	0.55	0.51	0.55	0.59	1.91	0.98	0.66	0.55	0.47	0.73	0.80	0.92	0.75	0.51	0.68	0.68	0.44	0.44	0.88	0.54	0.88	1.10	0.92	0.75	0.52	1.26	0.54	0.59	3.38	0.48	0.68	0.88	0.55	0.70	0.88	0.65	0.68	0.63	0.88	1.22	0.46	0.54	0.65	1.00	0.98	1.10	0.83	0.90	0.80	0.88	0.63	0.51	0.51	1.00	0.47	0.44	0.49	0.46	0.55	0.80	0.48	0.88	5.50	0.86	0.50	0.90	0.52	0.51	0.98	0.48	1.52	0.76	0.73	0.64	0.88	0.69	0.80	0.52	0.46	0.55	1.26	0.96	0.44	0.58	1.47	0.88
Namibia	0.64	0.75	0.52	0.88	0.64	0.75	0.48	1.61	0.59	0.53	0.82	0.94	1.12	0.52	1.50	1.55	0.56	0.52	0.56	0.61	1.96	1.00	0.67	0.56	0.48	0.75	0.82	0.94	0.76	0.52	0.69	0.69	0.45	0.45	0.90	0.55	0.90	1.12	0.94	0.76	0.53	1.29	0.56	0.60	3.46	0.49	0.69	0.90	0.56	0.71	0.90	0.66	0.69	0.64	0.90	1.25	0.47	0.55	0.66	1.02	1.00	1.12	0.85	0.92	0.82	0.90	0.64	0.52	0.52	1.02	0.48	0.45	0.50	0.47	0.56	0.82	0.49	0.90	5.62	0.88	0.51	0.92	0.53	0.52	1.00	0.49	1.55	0.78	0.75	0.65	0.90	0.70	0.82	0.53	0.47	0.56	1.29	0.98	0.45	0.59	1.50	0.90
Nepal	0.57	0.67	0.47	0.78	0.57	0.67	0.43	1.43	0.53	0.47	0.73	0.83	1.00	0.47	1.33	1.38	0.50	0.47	0.50	0.54	1.74	0.89	0.60	0.50	0.43	0.67	0.73	0.83	0.68	0.47	0.62	0.62	0.40	0.40	0.80	0.49	0.80	1.00	0.83	0.68	0.47	1.14	0.49	0.53	3.08	0.43	0.62	0.80	0.50	0.63	0.80	0.59	0.62	0.57	0.80	1.11	0.42	0.49	0.59	0.91	0.89	1.00	0.75	0.82	0.73	0.80	0.57	0.47	0.46	0.91	0.43	0.40	0.44	0.42	0.50	0.73	0.43	0.80	5.00	0.78	0.45	0.82	0.47	0.47	0.89	0.43	1.38	0.69	0.67	0.58	0.80	0.62	0.73	0.47	0.42	0.50	1.14	0.87	0.40	0.53	1.33	0.80
Netherlands	0.76	0.88	0.62	1.04	0.76	0.88	0.56	1.89	0.70	0.62	0.96	1.10	1.32	0.62	1.77	1.83	0.66	0.62	0.66	0.72	2.30	1.18	0.79	0.66	0.56	0.88	0.96	1.10	0.90	0.62	0.82	0.82	0.53	0.54	1.06	0.65	1.06	1.32	1.10	0.90	0.62	1.51	0.65	0.71	4.08	0.58	0.82	1.06	0.66	0.84	1.06	0.78	0.82	0.76	1.06	1.47	0.55	0.65	0.78	1.20	1.18	1.32	1.00	1.08	0.96	1.06	0.76	0.62	0.61	1.20	0.57	0.54	0.59	0.56	0.66	0.96	0.58	1.06	6.62	1.04	0.60	1.08	0.62	0.62	1.18	0.58	1.83	0.91	0.88	0.77	1.06	0.83	0.96	0.62	0.56	0.66	1.51	1.15	0.54	0.70	1.77	1.06
New Zealand	0.70	0.82	0.57	0.96	0.70	0.82	0.52	1.75	0.64	0.58	0.89	1.02	1.23	0.57	1.63	1.69	0.61	0.57	0.61	0.66	2.13	1.09	0.73	0.61	0.52	0.82	0.89	1.02	0.83	0.57	0.75	0.75	0.49	0.49	0.98	0.60	0.98	1.23	1.02	0.83	0.58	1.40	0.60	0.65	3.77	0.53	0.75	0.98	0.61	0.78	0.98	0.72	0.75	0.70	0.98	1.36	0.51	0.60	0.72	1.11	1.09	1.23	0.92	1.00	0.89	0.98	0.70	0.57	0.56	1.11	0.53	0.49	0.54	0.52	0.61	0.89	0.53	0.98	6.12	0.96	0.56	1.00	0.58	0.57	1.09	0.53	1.69	0.84	0.82	0.71	0.98	0.77	0.89	0.58	0.52	0.61	1.40	1.07	0.49	0.64	1.63	0.98
Nigeria	0.79	0.92	0.64	1.08	0.79	0.92	0.59	1.96	0.72	0.65	1.00	1.15	1.38	0.64	1.83	1.90	0.69	0.64	0.69	0.74	2.39	1.22	0.82	0.69	0.59	0.92	1.00	1.15	0.93	0.64	0.85	0.85	0.55	0.56	1.10	0.67	1.10	1.38	1.15	0.93	0.65	1.57	0.68	0.73	4.23	0.60	0.85	1.10	0.69	0.87	1.10	0.81	0.85	0.79	1.10	1.53	0.57	0.67	0.81	1.25	1.22	1.38	1.04	1.12	1.00	1.10	0.79	0.64	0.63	1.25	0.59	0.56	0.61	0.58	0.69	1.00	0.60	1.10	6.88	1.08	0.62	1.12	0.65	0.64	1.22	0.60	1.90	0.95	0.92	0.80	1.10	0.86	1.00	0.65	0.58	0.69	1.57	1.20	0.56	0.72	1.83	1.10
Norway	0.71	0.83	0.58	0.98	0.71	0.83	0.53	1.79	0.66	0.59	0.91	1.04	1.25	0.58	1.67	1.72	0.62	0.58	0.62	0.68	2.17	1.11	0.75	0.62	0.53	0.83	0.91	1.04	0.85	0.58	0.77	0.77	0.50	0.51	1.00	0.61	1.00	1.25	1.04	0.85	0.59	1.43	0.62	0.67	3.85	0.54	0.77	1.00	0.62	0.79	1.00	0.74	0.77	0.71	1.00	1.39	0.52	0.61	0.74	1.14	1.11	1.25	0.94	1.02	0.91	1.00	0.71	0.58	0.57	1.14	0.54	0.51	0.56	0.53	0.62	0.91	0.54	1.00	6.25	0.98	0.57	1.02	0.59	0.58	1.11	0.54	1.72	0.86	0.83	0.72	1.00	0.78	0.91	0.59	0.53	0.62	1.43	1.09	0.51	0.66	1.67	1.00
Pakistan	1.00	1.17	0.81	1.37	1.00	1.17	0.74	2.50	0.92	0.82	1.27	1.46	1.75	0.81	2.33	2.41	0.88	0.81	0.88	0.95	3.04	1.56	1.04	0.88	0.74	1.17	1.27	1.46	1.19	0.81	1.08	1.08	0.70	0.71	1.40	0.85	1.40	1.75	1.46	1.19	0.82	2.00	0.86	0.93	5.38	0.76	1.08	1.40	0.88	1.11	1.40	1.03	1.08	1.00	1.40	1.94	0.73	0.85	1.03	1.59	1.56	1.75	1.32	1.43	1.27	1.40	1.00	0.81	0.80	1.59	0.75	0.71	0.78	0.74	0.88	1.27	0.76	1.40	8.75	1.37	0.80	1.43	0.82	0.81	1.56	0.76	2.41	1.21	1.17	1.01	1.40	1.09	1.27	0.82	0.74	0.88	2.00	1.52	0.71	0.92	2.33	1.40
Panama	1.23	1.43	1.00	1.69	1.23	1.43	0.91	3.07	1.13	1.01	1.56	1.79	2.15	1.00	2.87	2.97	1.07	1.00	1.07	1.16	3.74	1.91	1.28	1.07	0.91	1.43	1.56	1.79	1.46	1.00	1.32	1.32	0.86	0.87	1.72	1.05	1.72	2.15	1.79	1.46	1.01	2.46	1.06	1.15	6.62	0.93	1.32	1.72	1.07	1.37	1.72	1.26	1.32	1.23	1.72	2.39	0.90	1.05	1.26	1.95	1.91	2.15	1.62	1.76	1.56	1.72	1.23	1.00	0.99	1.95	0.92	0.87	0.96	0.91	1.07	1.56	0.93	1.72	10.75	1.69	0.98	1.76	1.01	1.00	1.91	0.93	2.97	1.48	1.43	1.25	1.72	1.34	1.56	1.01	0.91	1.07	2.46	1.87	0.87	1.13	2.87	1.72
Peru	1.24	1.45	1.01	1.71	1.24	1.45	0.93	3.11	1.14	1.02	1.58	1.81	2.17	1.01	2.90	3.00	1.09	1.01	1.09	1.18	3.78	1.93	1.30	1.09	0.93	1.45	1.58	1.81	1.47	1.01	1.34	1.34	0.87	0.88	1.74	1.06	1.74	2.17	1.81	1.47	1.02	2.49	1.07	1.16	6.69	0.95	1.34	1.74	1.09	1.38	1.74	1.28	1.34	1.24	1.74	2.42	0.91	1.06	1.28	1.98	1.93	2.17	1.64	1.78	1.58	1.74	1.24	1.01	1.00	1.98	0.94	0.88	0.97	0.92	1.09	1.58	0.95	1.74	10.88	1.71	0.99	1.78	1.02	1.01	1.93	0.95	3.00	1.50	1.45	1.26	1.74	1.36	1.58	1.02	0.92	1.09	2.49	1.89	0.88	1.14	2.90	1.74
Philippines	0.63	0.73	0.51	0.86	0.63	0.73	0.47	1.57	0.58	0.52	0.80	0.92	1.10	0.51	1.47	1.52	0.55	0.51	0.55	0.59	1.91	0.98	0.66	0.55	0.47	0.73	0.80	0.92	0.75	0.51	0.68	0.68	0.44	0.44	0.88	0.54	0.88	1.10	0.92	0.75	0.52	1.26	0.54	0.59	3.38	0.48	0.68	0.88	0.55	0.70	0.88	0.65	0.68	0.63	0.88	1.22	0.46	0.54	0.65	1.00	0.98	1.10	0.83	0.90	0.80	0.88	0.63	0.51	0.51	1.00	0.47	0.44	0.49	0.46	0.55	0.80	0.48	0.88	5.50	0.86	0.50	0.90	0.52	0.51	0.98	0.48	1.52	0.76	0.73	0.64	0.88	0.69	0.80	0.52	0.46	0.55	1.26	0.96	0.44	0.58	1.47	0.88
Poland	1.33	1.55	1.08	1.82	1.33	1.55	0.99	3.32	1.22	1.09	1.69	1.94	2.33	1.08	3.10	3.21	1.16	1.08	1.16	1.26	4.04	2.07	1.39	1.16	0.99	1.55	1.69	1.94	1.58	1.08	1.43	1.43	0.93	0.94	1.86	1.13	1.86	2.33	1.94	1.58	1.09	2.66	1.15	1.24	7.15	1.01	1.43	1.86	1.16	1.48	1.86	1.37	1.43	1.33	1.86	2.58	0.97	1.13	1.37	2.11	2.07	2.33	1.75	1.90	1.69	1.86	1.33	1.08	1.07	2.11	1.00	0.94	1.03	0.98	1.16	1.69	1.01	1.86	11.62	1.82	1.06	1.90	1.09	1.08	2.07	1.01	3.21	1.60	1.55	1.35	1.86	1.45	1.69	1.09	0.98	1.16	2.66	2.02	0.94	1.22	3.10	1.86
Portugal	1.41	1.65	1.15	1.94	1.41	1.65	1.05	3.54	1.30	1.16	1.80	2.06	2.48	1.15	3.30	3.41	1.24	1.15	1.24	1.34	4.30	2.20	1.48	1.24	1.05	1.65	1.80	2.06	1.68	1.15	1.52	1.52	0.99	1.00	1.98	1.21	1.98	2.48	2.06	1.68	1.16	2.83	1.22	1.32	7.62	1.08	1.52	1.98	1.24	1.57	1.98	1.46	1.52	1.41	1.98	2.75	1.03	1.21	1.46	2.25	2.20	2.48	1.87	2.02	1.80	1.98	1.41	1.15	1.14	2.25	1.06	1.00	1.10	1.04	1.24	1.80	1.08	1.98	12.38	1.94	1.12	2.02	1.16	1.15	2.20	1.08	3.41	1.71	1.65	1.43	1.98	1.55	1.80	1.16	1.04	1.24	2.83	2.15	1.00	1.30	3.30	1.98
Romania	1.29	1.50	1.05	1.76	1.29	1.50	0.96	3.21	1.18	1.06	1.64	1.88	2.25	1.05	3.00	3.10	1.12	1.05	1.12	1.22	3.91	2.00	1.34	1.12	0.96	1.50	1.64	1.88	1.53	1.05	1.38	1.38	0.90	0.91	1.80	1.10	1.80	2.25	1.88	1.53	1.06	2.57	1.11	1.20	6.92	0.98	1.38	1.80	1.12	1.43	1.80	1.32	1.38	1.29	1.80	2.50	0.94	1.10	1.32	2.05	2.00	2.25	1.70	1.84	1.64	1.80	1.29	1.05	1.03	2.05	0.97	0.91	1.00	0.95	1.12	1.64	0.98	1.80	11.25	1.76	1.02	1.84	1.06	1.05	2.00	0.98	3.10	1.55	1.50	1.30	1.80	1.41	1.64	1.06	0.95	1.12	2.57	1.96	0.91	1.18	3.00	1.80
Russia	1.36	1.58	1.10	1.86	1.36	1.58	1.01	3.39	1.25	1.12	1.73	1.98	2.38	1.10	3.17	3.28	1.19	1.10	1.19	1.28	4.13	2.11	1.42	1.19	1.01	1.58	1.73	1.98	1.61	1.10	1.46	1.46	0.95	0.96	1.90	1.16	1.90	2.38	1.98	1.61	1.12	2.71	1.17	1.27	7.31	1.03	1.46	1.90	1.19	1.51	1.90	1.40	1.46	1.36	1.90	2.64	0.99	1.16	1.40	2.16	2.11	2.38	1.79	1.94	1.73	1.90	1.36	1.10	1.09	2.16	1.02	0.96	1.06	1.00	1.19	1.73	1.03	1.90	11.88	1.86	1.08	1.94	1.12	1.10	2.11	1.03	3.28	1.64	1.58	1.38	1.90	1.48	1.73	1.12	1.00	1.19	2.71	2.07	0.96	1.25	3.17	1.90
Saudi Arabia	1.14	1.33	0.93	1.57	1.14	1.33	0.85	2.86	1.05	0.94	1.45	1.67	2.00	0.93	2.67	2.76	1.00	0.93	1.00	1.08	3.48	1.78	1.19	1.00	0.85	1.33	1.45	1.67	1.36	0.93	1.23	1.23	0.80	0.81	1.60	0.98	1.60	2.00	1.67	1.36	0.94	2.29	0.99	1.07	6.15	0.87	1.23	1.60	1.00	1.27	1.60	1.18	1.23	1.14	1.60	2.22	0.83	0.98	1.18	1.82	1.78	2.00	1.51	1.63	1.45	1.60	1.14	0.93	0.92	1.82	0.86	0.81	0.89	0.84	1.00	1.45	0.87	1.60	10.00	1.57	0.91	1.63	0.94	0.93	1.78	0.87	2.76	1.38	1.33	1.16	1.60	1.25	1.45	0.94	0.84	1.00	2.29	1.74	0.81	1.05	2.67	1.60
Senegal	0.79	0.92	0.64	1.08	0.79	0.92	0.59	1.96	0.72	0.65	1.00	1.15	1.38	0.64	1.83	1.90	0.69	0.64	0.69	0.74	2.39	1.22	0.82	0.69	0.59	0.92	1.00	1.15	0.93	0.64	0.85	0.85	0.55	0.56	1.10	0.67	1.10	1.38	1.15	0.93	0.65	1.57	0.68	0.73	4.23	0.60	0.85	1.10	0.69	0.87	1.10	0.81	0.85	0.79	1.10	1.53	0.57	0.67	0.81	1.25	1.22	1.38	1.04	1.12	1.00	1.10	0.79	0.64	0.63	1.25	0.59	0.56	0.61	0.58	0.69	1.00	0.60	1.10	6.88	1.08	0.62	1.12	0.65	0.64	1.22	0.60	1.90	0.95	0.92	0.80	1.10	0.86	1.00	0.65	0.58	0.69	1.57	1.20	0.56	0.72	1.83	1.10
Serbia	1.31	1.53	1.07	1.80	1.31	1.53	0.98	3.29	1.21	1.08	1.67	1.92	2.30	1.07	3.07	3.17	1.15	1.07	1.15	1.24	4.00	2.04	1.37	1.15	0.98	1.53	1.67	1.92	1.56	1.07	1.42	1.42	0.92	0.93	1.84	1.12	1.84	2.30	1.92	1.56	1.08	2.63	1.14	1.23	7.08	1.00	1.42	1.84	1.15	1.46	1.84	1.35	1.42	1.31	1.84	2.56	0.96	1.12	1.35	2.09	2.04	2.30	1.74	1.88	1.67	1.84	1.31	1.07	1.06	2.09	0.99	0.93	1.02	0.97	1.15	1.67	1.00	1.84	11.50	1.80	1.05	1.88	1.08	1.07	2.04	1.00	3.17	1.59	1.53	1.33	1.84	1.44	1.67	1.08	0.97	1.15	2.63	2.00	0.93	1.21	3.07	1.84
Sierra Leone	0.71	0.83	0.58	0.98	0.71	0.83	0.53	1.79	0.66	0.59	0.91	1.04	1.25	0.58	1.67	1.72	0.62	0.58	0.62	0.68	2.17	1.11	0.75	0.62	0.53	0.83	0.91	1.04	0.85	0.58	0.77	0.77	0.50	0.51	1.00	0.61	1.00	1.25	1.04	0.85	0.59	1.43	0.62	0.67	3.85	0.54	0.77	1.00	0.62	0.79	1.00	0.74	0.77	0.71	1.00	1.39	0.52	0.61	0.74	1.14	1.11	1.25	0.94	1.02	0.91	1.00	0.71	0.58	0.57	1.14	0.54	0.51	0.56	0.53	0.62	0.91	0.54	1.00	6.25	0.98	0.57	1.02	0.59	0.58	1.11	0.54	1.72	0.86	0.83	0.72	1.00	0.78	0.91	0.59	0.53	0.62	1.43	1.09	0.51	0.66	1.67	1.00
Singapore	0.11	0.13	0.09	0.16	0.11	0.13	0.09	0.29	0.11	0.09	0.15	0.17	0.20	0.09	0.27	0.28	0.10	0.09	0.10	0.11	0.35	0.18	0.12	0.10	0.09	0.13	0.15	0.17	0.14	0.09	0.12	0.12	0.08	0.08	0.16	0.10	0.16	0.20	0.17	0.14	0.09	0.23	0.10	0.11	0.62	0.09	0.12	0.16	0.10	0.13	0.16	0.12	0.12	0.11	0.16	0.22	0.08	0.10	0.12	0.18	0.18	0.20	0.15	0.16	0.15	0.16	0.11	0.09	0.09	0.18	0.09	0.08	0.09	0.08	0.10	0.15	0.09	0.16	1.00	0.16	0.09	0.16	0.09	0.09	0.18	0.09	0.28	0.14	0.13	0.12	0.16	0.12	0.15	0.09	0.08	0.10	0.23	0.17	0.08	0.11	0.27	0.16
Slovakia	0.73	0.85	0.59	1.00	0.73	0.85	0.54	1.82	0.67	0.60	0.93	1.06	1.27	0.59	1.70	1.76	0.64	0.59	0.64	0.69	2.22	1.13	0.76	0.64	0.54	0.85	0.93	1.06	0.86	0.59	0.78	0.78	0.51	0.52	1.02	0.62	1.02	1.27	1.06	0.86	0.60	1.46	0.63	0.68	3.92	0.55	0.78	1.02	0.64	0.81	1.02	0.75	0.78	0.73	1.02	1.42	0.53	0.62	0.75	1.16	1.13	1.27	0.96	1.04	0.93	1.02	0.73	0.59	0.59	1.16	0.55	0.52	0.57	0.54	0.64	0.93	0.55	1.02	6.38	1.00	0.58	1.04	0.60	0.59	1.13	0.55	1.76	0.88	0.85	0.74	1.02	0.80	0.93	0.60	0.54	0.64	1.46	1.11	0.52	0.67	1.70	1.02
Slovenia	1.26	1.47	1.02	1.73	1.26	1.47	0.94	3.14	1.16	1.04	1.60	1.83	2.20	1.02	2.93	3.03	1.10	1.02	1.10	1.19	3.83	1.96	1.31	1.10	0.94	1.47	1.60	1.83	1.49	1.02	1.35	1.35	0.88	0.89	1.76	1.07	1.76	2.20	1.83	1.49	1.04	2.51	1.09	1.17	6.77	0.96	1.35	1.76	1.10	1.40	1.76	1.29	1.35	1.26	1.76	2.44	0.92	1.07	1.29	2.00	1.96	2.20	1.66	1.80	1.60	1.76	1.26	1.02	1.01	2.00	0.95	0.89	0.98	0.93	1.10	1.60	0.96	1.76	11.00	1.73	1.00	1.80	1.04	1.02	1.96	0.96	3.03	1.52	1.47	1.28	1.76	1.38	1.60	1.04	0.93	1.10	2.51	1.91	0.89	1.16	2.93	1.76
South Africa	0.70	0.82	0.57	0.96	0.70	0.82	0.52	1.75	0.64	0.58	0.89	1.02	1.23	0.57	1.63	1.69	0.61	0.57	0.61	0.66	2.13	1.09	0.73	0.61	0.52	0.82	0.89	1.02	0.83	0.57	0.75	0.75	0.49	0.49	0.98	0.60	0.98	1.23	1.02	0.83	0.58	1.40	0.60	0.65	3.77	0.53	0.75	0.98	0.61	0.78	0.98	0.72	0.75	0.70	0.98	1.36	0.51	0.60	0.72	1.11	1.09	1.23	0.92	1.00	0.89	0.98	0.70	0.57	0.56	1.11	0.53	0.49	0.54	0.52	0.61	0.89	0.53	0.98	6.12	0.96	0.56	1.00	0.58	0.57	1.09	0.53	1.69	0.84	0.82	0.71	0.98	0.77	0.89	0.58	0.52	0.61	1.40	1.07	0.49	0.64	1.63	0.98
South+Sudan	1.21	1.42	0.99	1.67	1.21	1.42	0.90	3.04	1.12	1.00	1.55	1.77	2.12	0.99	2.83	2.93	1.06	0.99	1.06	1.15	3.70	1.89	1.27	1.06	0.90	1.42	1.55	1.77	1.44	0.99	1.31	1.31	0.85	0.86	1.70	1.04	1.70	2.12	1.77	1.44	1.00	2.43	1.05	1.13	6.54	0.92	1.31	1.70	1.06	1.35	1.70	1.25	1.31	1.21	1.70	2.36	0.89	1.04	1.25	1.93	1.89	2.12	1.60	1.73	1.55	1.70	1.21	0.99	0.98	1.93	0.91	0.86	0.94	0.89	1.06	1.55	0.92	1.70	10.62	1.67	0.97	1.73	1.00	0.99	1.89	0.92	2.93	1.47	1.42	1.23	1.70	1.33	1.55	1.00	0.89	1.06	2.43	1.85	0.86	1.12	2.83	1.70
Spain	1.23	1.43	1.00	1.69	1.23	1.43	0.91	3.07	1.13	1.01	1.56	1.79	2.15	1.00	2.87	2.97	1.07	1.00	1.07	1.16	3.74	1.91	1.28	1.07	0.91	1.43	1.56	1.79	1.46	1.00	1.32	1.32	0.86	0.87	1.72	1.05	1.72	2.15	1.79	1.46	1.01	2.46	1.06	1.15	6.62	0.93	1.32	1.72	1.07	1.37	1.72	1.26	1.32	1.23	1.72	2.39	0.90	1.05	1.26	1.95	1.91	2.15	1.62	1.76	1.56	1.72	1.23	1.00	0.99	1.95	0.92	0.87	0.96	0.91	1.07	1.56	0.93	1.72	10.75	1.69	0.98	1.76	1.01	1.00	1.91	0.93	2.97	1.48	1.43	1.25	1.72	1.34	1.56	1.01	0.91	1.07	2.46	1.87	0.87	1.13	2.87	1.72
Sri Lanka	0.64	0.75	0.52	0.88	0.64	0.75	0.48	1.61	0.59	0.53	0.82	0.94	1.12	0.52	1.50	1.55	0.56	0.52	0.56	0.61	1.96	1.00	0.67	0.56	0.48	0.75	0.82	0.94	0.76	0.52	0.69	0.69	0.45	0.45	0.90	0.55	0.90	1.12	0.94	0.76	0.53	1.29	0.56	0.60	3.46	0.49	0.69	0.90	0.56	0.71	0.90	0.66	0.69	0.64	0.90	1.25	0.47	0.55	0.66	1.02	1.00	1.12	0.85	0.92	0.82	0.90	0.64	0.52	0.52	1.02	0.48	0.45	0.50	0.47	0.56	0.82	0.49	0.90	5.62	0.88	0.51	0.92	0.53	0.52	1.00	0.49	1.55	0.78	0.75	0.65	0.90	0.70	0.82	0.53	0.47	0.56	1.29	0.98	0.45	0.59	1.50	0.90
Suriname	1.31	1.53	1.07	1.80	1.31	1.53	0.98	3.29	1.21	1.08	1.67	1.92	2.30	1.07	3.07	3.17	1.15	1.07	1.15	1.24	4.00	2.04	1.37	1.15	0.98	1.53	1.67	1.92	1.56	1.07	1.42	1.42	0.92	0.93	1.84	1.12	1.84	2.30	1.92	1.56	1.08	2.63	1.14	1.23	7.08	1.00	1.42	1.84	1.15	1.46	1.84	1.35	1.42	1.31	1.84	2.56	0.96	1.12	1.35	2.09	2.04	2.30	1.74	1.88	1.67	1.84	1.31	1.07	1.06	2.09	0.99	0.93	1.02	0.97	1.15	1.67	1.00	1.84	11.50	1.80	1.05	1.88	1.08	1.07	2.04	1.00	3.17	1.59	1.53	1.33	1.84	1.44	1.67	1.08	0.97	1.15	2.63	2.00	0.93	1.21	3.07	1.84
Sweden	0.41	0.48	0.34	0.57	0.41	0.48	0.31	1.04	0.38	0.34	0.53	0.60	0.72	0.34	0.97	1.00	0.36	0.34	0.36	0.39	1.26	0.64	0.43	0.36	0.31	0.48	0.53	0.60	0.49	0.34	0.45	0.45	0.29	0.29	0.58	0.35	0.58	0.72	0.60	0.49	0.34	0.83	0.36	0.39	2.23	0.32	0.45	0.58	0.36	0.46	0.58	0.43	0.45	0.41	0.58	0.81	0.30	0.35	0.43	0.66	0.64	0.72	0.55	0.59	0.53	0.58	0.41	0.34	0.33	0.66	0.31	0.29	0.32	0.31	0.36	0.53	0.32	0.58	3.62	0.57	0.33	0.59	0.34	0.34	0.64	0.32	1.00	0.50	0.48	0.42	0.58	0.45	0.53	0.34	0.31	0.36	0.83	0.63	0.29	0.38	0.97	0.58
Switzerland	0.83	0.97	0.67	1.14	0.83	0.97	0.62	2.07	0.76	0.68	1.05	1.21	1.45	0.67	1.93	2.00	0.72	0.67	0.72	0.78	2.52	1.29	0.87	0.72	0.62	0.97	1.05	1.21	0.98	0.67	0.89	0.89	0.58	0.59	1.16	0.71	1.16	1.45	1.21	0.98	0.68	1.66	0.72	0.77	4.46	0.63	0.89	1.16	0.72	0.92	1.16	0.85	0.89	0.83	1.16	1.61	0.60	0.71	0.85	1.32	1.29	1.45	1.09	1.18	1.05	1.16	0.83	0.67	0.67	1.32	0.62	0.59	0.64	0.61	0.72	1.05	0.63	1.16	7.25	1.14	0.66	1.18	0.68	0.67	1.29	0.63	2.00	1.00	0.97	0.84	1.16	0.91	1.05	0.68	0.61	0.72	1.66	1.26	0.59	0.76	1.93	1.16
Syria	0.86	1.00	0.70	1.18	0.86	1.00	0.64	2.14	0.79	0.71	1.09	1.25	1.50	0.70	2.00	2.07	0.75	0.70	0.75	0.81	2.61	1.33	0.90	0.75	0.64	1.00	1.09	1.25	1.02	0.70	0.92	0.92	0.60	0.61	1.20	0.73	1.20	1.50	1.25	1.02	0.71	1.71	0.74	0.80	4.62	0.65	0.92	1.20	0.75	0.95	1.20	0.88	0.92	0.86	1.20	1.67	0.62	0.73	0.88	1.36	1.33	1.50	1.13	1.22	1.09	1.20	0.86	0.70	0.69	1.36	0.65	0.61	0.67	0.63	0.75	1.09	0.65	1.20	7.50	1.18	0.68	1.22	0.71	0.70	1.33	0.65	2.07	1.03	1.00	0.87	1.20	0.94	1.09	0.71	0.63	0.75	1.71	1.30	0.61	0.79	2.00	1.20
Taiwan	0.99	1.15	0.80	1.35	0.99	1.15	0.73	2.46	0.91	0.81	1.25	1.44	1.73	0.80	2.30	2.38	0.86	0.80	0.86	0.93	3.00	1.53	1.03	0.86	0.73	1.15	1.25	1.44	1.17	0.80	1.06	1.06	0.69	0.70	1.38	0.84	1.38	1.73	1.44	1.17	0.81	1.97	0.85	0.92	5.31	0.75	1.06	1.38	0.86	1.10	1.38	1.01	1.06	0.99	1.38	1.92	0.72	0.84	1.01	1.57	1.53	1.73	1.30	1.41	1.25	1.38	0.99	0.80	0.79	1.57	0.74	0.70	0.77	0.73	0.86	1.25	0.75	1.38	8.62	1.35	0.78	1.41	0.81	0.80	1.53	0.75	2.38	1.19	1.15	1.00	1.38	1.08	1.25	0.81	0.73	0.86	1.97	1.50	0.70	0.91	2.30	1.38
Tanzania	0.71	0.83	0.58	0.98	0.71	0.83	0.53	1.79	0.66	0.59	0.91	1.04	1.25	0.58	1.67	1.72	0.62	0.58	0.62	0.68	2.17	1.11	0.75	0.62	0.53	0.83	0.91	1.04	0.85	0.58	0.77	0.77	0.50	0.51	1.00	0.61	1.00	1.25	1.04	0.85	0.59	1.43	0.62	0.67	3.85	0.54	0.77	1.00	0.62	0.79	1.00	0.74	0.77	0.71	1.00	1.39	0.52	0.61	0.74	1.14	1.11	1.25	0.94	1.02	0.91	1.00	0.71	0.58	0.57	1.14	0.54	0.51	0.56	0.53	0.62	0.91	0.54	1.00	6.25	0.98	0.57	1.02	0.59	0.58	1.11	0.54	1.72	0.86	0.83	0.72	1.00	0.78	0.91	0.59	0.53	0.62	1.43	1.09	0.51	0.66	1.67	1.00
Thailand	0.91	1.07	0.74	1.25	0.91	1.07	0.68	2.29	0.84	0.75	1.16	1.33	1.60	0.74	2.13	2.21	0.80	0.74	0.80	0.86	2.78	1.42	0.96	0.80	0.68	1.07	1.16	1.33	1.08	0.74	0.98	0.98	0.64	0.65	1.28	0.78	1.28	1.60	1.33	1.08	0.75	1.83	0.79	0.85	4.92	0.70	0.98	1.28	0.80	1.02	1.28	0.94	0.98	0.91	1.28	1.78	0.67	0.78	0.94	1.45	1.42	1.60	1.21	1.31	1.16	1.28	0.91	0.74	0.74	1.45	0.69	0.65	0.71	0.67	0.80	1.16	0.70	1.28	8.00	1.25	0.73	1.31	0.75	0.74	1.42	0.70	2.21	1.10	1.07	0.93	1.28	1.00	1.16	0.75	0.67	0.80	1.83	1.39	0.65	0.84	2.13	1.28
Trinidad and Tobago	0.79	0.92	0.64	1.08	0.79	0.92	0.59	1.96	0.72	0.65	1.00	1.15	1.38	0.64	1.83	1.90	0.69	0.64	0.69	0.74	2.39	1.22	0.82	0.69	0.59	0.92	1.00	1.15	0.93	0.64	0.85	0.85	0.55	0.56	1.10	0.67	1.10	1.38	1.15	0.93	0.65	1.57	0.68	0.73	4.23	0.60	0.85	1.10	0.69	0.87	1.10	0.81	0.85	0.79	1.10	1.53	0.57	0.67	0.81	1.25	1.22	1.38	1.04	1.12	1.00	1.10	0.79	0.64	0.63	1.25	0.59	0.56	0.61	0.58	0.69	1.00	0.60	1.10	6.88	1.08	0.62	1.12	0.65	0.64	1.22	0.60	1.90	0.95	0.92	0.80	1.10	0.86	1.00	0.65	0.58	0.69	1.57	1.20	0.56	0.72	1.83	1.10
Turkey	1.21	1.42	0.99	1.67	1.21	1.42	0.90	3.04	1.12	1.00	1.55	1.77	2.12	0.99	2.83	2.93	1.06	0.99	1.06	1.15	3.70	1.89	1.27	1.06	0.90	1.42	1.55	1.77	1.44	0.99	1.31	1.31	0.85	0.86	1.70	1.04	1.70	2.12	1.77	1.44	1.00	2.43	1.05	1.13	6.54	0.92	1.31	1.70	1.06	1.35	1.70	1.25	1.31	1.21	1.70	2.36	0.89	1.04	1.25	1.93	1.89	2.12	1.60	1.73	1.55	1.70	1.21	0.99	0.98	1.93	0.91	0.86	0.94	0.89	1.06	1.55	0.92	1.70	10.62	1.67	0.97	1.73	1.00	0.99	1.89	0.92	2.93	1.47	1.42	1.23	1.70	1.33	1.55	1.00	0.89	1.06	2.43	1.85	0.86	1.12	2.83	1.70
Ukraine	1.36	1.58	1.10	1.86	1.36	1.58	1.01	3.39	1.25	1.12	1.73	1.98	2.38	1.10	3.17	3.28	1.19	1.10	1.19	1.28	4.13	2.11	1.42	1.19	1.01	1.58	1.73	1.98	1.61	1.10	1.46	1.46	0.95	0.96	1.90	1.16	1.90	2.38	1.98	1.61	1.12	2.71	1.17	1.27	7.31	1.03	1.46	1.90	1.19	1.51	1.90	1.40	1.46	1.36	1.90	2.64	0.99	1.16	1.40	2.16	2.11	2.38	1.79	1.94	1.73	1.90	1.36	1.10	1.09	2.16	1.02	0.96	1.06	1.00	1.19	1.73	1.03	1.90	11.88	1.86	1.08	1.94	1.12	1.10	2.11	1.03	3.28	1.64	1.58	1.38	1.90	1.48	1.73	1.12	1.00	1.19	2.71	2.07	0.96	1.25	3.17	1.90
United Arab Emirates	1.14	1.33	0.93	1.57	1.14	1.33	0.85	2.86	1.05	0.94	1.45	1.67	2.00	0.93	2.67	2.76	1.00	0.93	1.00	1.08	3.48	1.78	1.19	1.00	0.85	1.33	1.45	1.67	1.36	0.93	1.23	1.23	0.80	0.81	1.60	0.98	1.60	2.00	1.67	1.36	0.94	2.29	0.99	1.07	6.15	0.87	1.23	1.60	1.00	1.27	1.60	1.18	1.23	1.14	1.60	2.22	0.83	0.98	1.18	1.82	1.78	2.00	1.51	1.63	1.45	1.60	1.14	0.93	0.92	1.82	0.86	0.81	0.89	0.84	1.00	1.45	0.87	1.60	10.00	1.57	0.91	1.63	0.94	0.93	1.78	0.87	2.76	1.38	1.33	1.16	1.60	1.25	1.45	0.94	0.84	1.00	2.29	1.74	0.81	1.05	2.67	1.60
United Kingdom	0.50	0.58	0.41	0.69	0.50	0.58	0.37	1.25	0.46	0.41	0.64	0.73	0.88	0.41	1.17	1.21	0.44	0.41	0.44	0.47	1.52	0.78	0.52	0.44	0.37	0.58	0.64	0.73	0.59	0.41	0.54	0.54	0.35	0.35	0.70	0.43	0.70	0.88	0.73	0.59	0.41	1.00	0.43	0.47	2.69	0.38	0.54	0.70	0.44	0.56	0.70	0.51	0.54	0.50	0.70	0.97	0.36	0.43	0.51	0.80	0.78	0.88	0.66	0.71	0.64	0.70	0.50	0.41	0.40	0.80	0.38	0.35	0.39	0.37	0.44	0.64	0.38	0.70	4.38	0.69	0.40	0.71	0.41	0.41	0.78	0.38	1.21	0.60	0.58	0.51	0.70	0.55	0.64	0.41	0.37	0.44	1.00	0.76	0.35	0.46	1.17	0.70
United States	0.66	0.77	0.53	0.90	0.66	0.77	0.49	1.64	0.61	0.54	0.84	0.96	1.15	0.53	1.53	1.59	0.57	0.53	0.57	0.62	2.00	1.02	0.69	0.57	0.49	0.77	0.84	0.96	0.78	0.53	0.71	0.71	0.46	0.46	0.92	0.56	0.92	1.15	0.96	0.78	0.54	1.31	0.57	0.61	3.54	0.50	0.71	0.92	0.57	0.73	0.92	0.68	0.71	0.66	0.92	1.28	0.48	0.56	0.68	1.05	1.02	1.15	0.87	0.94	0.84	0.92	0.66	0.53	0.53	1.05	0.49	0.46	0.51	0.48	0.57	0.84	0.50	0.92	5.75	0.90	0.52	0.94	0.54	0.53	1.02	0.50	1.59	0.79	0.77	0.67	0.92	0.72	0.84	0.54	0.48	0.57	1.31	1.00	0.46	0.61	1.53	0.92
Uruguay	1.41	1.65	1.15	1.94	1.41	1.65	1.05	3.54	1.30	1.16	1.80	2.06	2.48	1.15	3.30	3.41	1.24	1.15	1.24	1.34	4.30	2.20	1.48	1.24	1.05	1.65	1.80	2.06	1.68	1.15	1.52	1.52	0.99	1.00	1.98	1.21	1.98	2.48	2.06	1.68	1.16	2.83	1.22	1.32	7.62	1.08	1.52	1.98	1.24	1.57	1.98	1.46	1.52	1.41	1.98	2.75	1.03	1.21	1.46	2.25	2.20	2.48	1.87	2.02	1.80	1.98	1.41	1.15	1.14	2.25	1.06	1.00	1.10	1.04	1.24	1.80	1.08	1.98	12.38	1.94	1.12	2.02	1.16	1.15	2.20	1.08	3.41	1.71	1.65	1.43	1.98	1.55	1.80	1.16	1.04	1.24	2.83	2.15	1.00	1.30	3.30	1.98
Venezuela	1.09	1.27	0.88	1.49	1.09	1.27	0.81	2.71	1.00	0.89	1.38	1.58	1.90	0.88	2.53	2.62	0.95	0.88	0.95	1.03	3.30	1.69	1.13	0.95	0.81	1.27	1.38	1.58	1.29	0.88	1.17	1.17	0.76	0.77	1.52	0.93	1.52	1.90	1.58	1.29	0.89	2.17	0.94	1.01	5.85	0.83	1.17	1.52	0.95	1.21	1.52	1.12	1.17	1.09	1.52	2.11	0.79	0.93	1.12	1.73	1.69	1.90	1.43	1.55	1.38	1.52	1.09	0.88	0.87	1.73	0.82	0.77	0.84	0.80	0.95	1.38	0.83	1.52	9.50	1.49	0.86	1.55	0.89	0.88	1.69	0.83	2.62	1.31	1.27	1.10	1.52	1.19	1.38	0.89	0.80	0.95	2.17	1.65	0.77	1.00	2.53	1.52
Viet Nam	0.43	0.50	0.35	0.59	0.43	0.50	0.32	1.07	0.39	0.35	0.55	0.62	0.75	0.35	1.00	1.03	0.38	0.35	0.38	0.41	1.30	0.67	0.45	0.38	0.32	0.50	0.55	0.62	0.51	0.35	0.46	0.46	0.30	0.30	0.60	0.37	0.60	0.75	0.62	0.51	0.35	0.86	0.37	0.40	2.31	0.33	0.46	0.60	0.38	0.48	0.60	0.44	0.46	0.43	0.60	0.83	0.31	0.37	0.44	0.68	0.67	0.75	0.57	0.61	0.55	0.60	0.43	0.35	0.34	0.68	0.32	0.30	0.33	0.32	0.38	0.55	0.33	0.60	3.75	0.59	0.34	0.61	0.35	0.35	0.67	0.33	1.03	0.52	0.50	0.43	0.60	0.47	0.55	0.35	0.32	0.38	0.86	0.65	0.30	0.39	1.00	0.60
Zambia	0.71	0.83	0.58	0.98	0.71	0.83	0.53	1.79	0.66	0.59	0.91	1.04	1.25	0.58	1.67	1.72	0.62	0.58	0.62	0.68	2.17	1.11	0.75	0.62	0.53	0.83	0.91	1.04	0.85	0.58	0.77	0.77	0.50	0.51	1.00	0.61	1.00	1.25	1.04	0.85	0.59	1.43	0.62	0.67	3.85	0.54	0.77	1.00	0.62	0.79	1.00	0.74	0.77	0.71	1.00	1.39	0.52	0.61	0.74	1.14	1.11	1.25	0.94	1.02	0.91	1.00	0.71	0.58	0.57	1.14	0.54	0.51	0.56	0.53	0.62	0.91	0.54	1.00	6.25	0.98	0.57	1.02	0.59	0.58	1.11	0.54	1.72	0.86	0.83	0.72	1.00	0.78	0.91	0.59	0.53	0.62	1.43	1.09	0.51	0.66	1.67	1.00
