COUNTRY	Argentina	Aruba	Austria	Bangladesh	Belgium	Brazil	Bulgaria	Canada	Cayman Islands	Chile	China, P.R.: Hong Kong	China, P.R.: Macao	Colombia	Costa Rica	Cyprus	Czech Republic	Denmark	Estonia	Finland	France	Germany	Greece	Hungary	Iceland	India	Indonesia	Ireland	Israel	Italy	Japan	Kazakhstan	Korea, Republic of	Kosovo	Kuwait	Latvia	Lebanon	Lithuania	Luxembourg	Malaysia	Malta	Mauritius	Mexico	Netherlands	New Zealand	Pakistan	Panama	Philippines	Poland	Portugal	Romania	Russian Federation	Saudi Arabia	Singapore	Slovak Republic	Slovenia	South Africa	Spain	Switzerland	Thailand	Turkey	Ukraine	United Kingdom	United States	Venezuela, República Bolivariana de	SEFER + SSIO (**)	Value of Total Investment
Afghanistan, Islamic Republic of	0 		0 			0 	0 			0 	0 		0 		0 		0 	0 			0 		0 		0 		C 			0 	0 	0 	0 			0 	0 	0 		0 			0 					0 	0 		0 	0 		0 	0 		C 	0 		0 		0 			0 	0 
Albania	0 		3 		0 	0 	7 			0 	0 		0 		0 		5 	1 		3 	41 	4 	0 		0 		0 		63 	0 	0 	0 	0 			0 	0 	130 		0 	0 		5 					C 	0 	C 	0 	0 		0 	0 		C 	4 		0 		46 			C 	312 
Algeria	0 		0 			0 	0 			1 	43 		0 		12 		3 	0 		368 	0 		0 		0 		0 			0 	0 	5 	0 			0 	0 	0 		0 	5 		0 					0 	15 		0 	0 		0 	0 		C 	0 		0 		76 			0 	529 
American Samoa	0 		0 			0 	0 			0 	0 		0 		0 		0 	0 			0 		0 		0 		7 			0 	0 	0 	0 			0 	0 	0 		0 			0 					0 	0 		0 	0 		0 	0 		C 			0 		0 			0 	7 
Andorra	0 		0 			1 	0 			1 	0 		0 		0 		0 	0 			0 		0 		0 		0 			0 	0 	0 	0 			0 	0 	15 		0 	0 		0 					0 	0 		0 	0 		0 	0 		C 	0 		0 		2 			0 	18 
Angola	0 		0 			0 	0 			0 	0 		0 		0 		3 	0 			0 		0 		0 		0 			1 	0 	0 	0 			0 	0 	19 		0 	9 		0 					0 	461 		0 	0 		0 	0 	127 	C 	0 		0 		44 			0 	664 
Anguilla	0 		0 			0 	0 			0 	0 		0 		0 		0 	0 			0 		0 		0 		0 	1 		0 	0 	0 	0 			0 	0 	0 		0 	5 		0 					0 	0 		0 	0 		0 	0 		C 			0 		0 			0 	6 
Antigua and Barbuda	0 		0 		1 	0 	0 			0 	0 		0 		0 	0 	0 	0 	C 	0 	0 		0 		0 		3 		1 	4 	0 	0 	0 			0 	0 	2 	0 	0 			0 					0 	0 		0 	0 	C 	0 	0 		C 			0 		0 	68 		0 	79 
Argentina			156 		37 	544 	0 	111 	12 	280 	35 		6 	1 	0 	1 	603 	0 	15 	225 	1218 	3 	0 	0 	0 	0 	594 	1 	4093 	318 	4 	9 	0 		2 	18 	0 	2908 		C 	11 	0 	593 			16 	C 	C 	0 		1 	408 	C 	0 	0 	14 	173 	229 		1 		1634 	14291 	74 	C 	28641 
Armenia, Republic of	0 		1 			0 	3 			0 	0 		0 		2 		75 	0 	C 	30 	59 		0 		0 		0 		6 	7 	0 	32 	0 		1 	0 	0 	339 		0 			55 					0 	0 		0 	0 		0 	0 		C 	10 	0 	0 		48 			C 	666 
Aruba	0 		7 			0 	0 	18 	15 	0 	0 		0 		0 		6 	0 			0 		0 		0 		0 		6 	37 	0 	2 	0 			0 	0 	30 		0 			0 					0 	0 		0 	0 		0 	0 		C 	2 		0 		0 	181 		C 	303 
Australia	0 	7 	2908 	34 	5519 	7 	3 	25344 	249 	237 	24011 	1211 	281 	13 	24 	26 	2662 	2 	2197 	33228 	38451 	81 	6 	34 	13 	79 	39843 	306 	5178 	148080 	2364 	4342 	0 		46 	91 	10 	49418 	2234 	C 	134 		26917 	25107 	5 	16 	111 	C 	466 	1 	0 	1862 	31647 	424 	414 	379 	1658 	30302 	1133 	2 		83052 	344702 	2 	73914 	1010785 
Austria	0 			5 	15879 	7 	105 	1032 	60 	133 	208 	8 	69 		363 	4058 	2662 	121 	3199 	64195 	117310 	490 	686 	3 	0 		10712 	200 	20409 	13521 	399 	304 	41 		99 	6 	47 	32758 	87 	527 	1 		44013 	32 	1 		C 	1271 	1814 	310 	49 	305 	C 	1458 	1026 	69 	5921 	30688 	3 	0 		19085 	21034 		33795 	450577 
Azerbaijan, Republic of	0 		14 			0 	4 	15 	2 	0 	0 		0 		-5 	1 	154 	0 	12 	18 	265 		0 		0 		281 		40 	50 	1 	15 	0 		4 	0 	0 	870 		0 	5 		209 					C 	0 		0 	11 		0 	0 		C 	21 	0 	6 		506 			C 	2499 
Bahamas, The	0 		48 		35 	1625 	0 	185 	34 	123 	109 	0 	0 	0 	6 	3 	254 	0 	C 	66 	111 		5 		0 		52 		42 	854 	0 	11 	0 			0 	0 	902 	5 	C 			56 					C 	0 		0 	25 	C 	0 	0 		C 	2861 	55 	0 		446 	6600 		C 	14510 
Bahrain, Kingdom of	0 		7 		9 	0 	0 	10 		0 	79 	0 	0 		31 		8 	2 		113 	281 		0 		0 	0 	4 		28 	23 	0 	12 	0 	4124 		385 	1 	299 	118 	C 			46 	0 	1 	1 		0 	0 	C 	0 	1861 	C 	0 	0 		C 	70 	13 	0 		463 			C 	7991 
Bangladesh	0 		0 			0 	0 			0 	452 		0 	0 	0 		110 	0 			4 		0 		0 	3 	25 		0 	11 	0 	0 	0 	28 		0 	0 	347 	7 	0 	73 		3 					0 	0 		1 	0 	C 	0 	0 		C 	29 	0 	0 		455 			0 	1547 
Barbados	0 	1 	20 		0 	0 	0 	49 	4 	0 	0 		0 		0 		12 	0 	C 	34 	26 		0 		0 		0 	4 	5 	51 	0 	0 	0 			0 	0 	423 		0 			34 			7 		0 	0 		0 	0 		0 	0 		C 	5 		0 		154 	2532 		C 	3362 
Belarus	0 		8 			0 	12 			0 	0 		0 		-7 		32 	0 	C 	27 	90 		0 	0 	0 		0 		67 	16 	0 	0 	0 		3 	0 	1 	381 		0 			70 					0 	0 	C 	6 	0 	C 	1 	0 		C 	30 		1 		35 	413 		C 	1188 
Belgium	0 	2 	8058 	72 		455 	9 	2500 	149 	151 	532 	22 	21 	31 	228 	2473 	4776 	290 	5300 	139804 	69978 	1780 	588 	2 	3 	0 	23564 	108 	10683 	28157 	121 	780 	136 	0 	55 	53 	19 	62201 	0 	202 	9 	21 	45121 	62 	0 	0 		16 	2603 	0 	6 	963 	C 	724 	371 	151 	6710 	8753 	14 	1 		35937 	69729 		40991 	575488 
Belize	0 		3 			4 	0 	7 		0 	0 		17 	2 	0 		15 	0 	C 	20 	8 		0 		0 		0 		2 	0 	0 	0 	0 			0 	0 	52 		C 			4 					0 	0 		0 	0 		0 	0 		C 	1 		0 		-1 	264 		0 	396 
Benin	0 		0 			0 	0 			0 	0 		0 		0 		3 	0 			0 		0 		0 		0 			0 	0 	0 	0 			0 	0 	4 		0 	0 		0 					0 	0 		0 	0 		0 	0 		C 	0 		0 		0 			0 	8 
Bermuda	0 	2 	258 		1215 	1631 	2 	11054 	75 	73 	109397 	832 	0 		31 	59 	1928 	4 	1257 	2877 	3536 	15 	8 	20 	231 	23 	8717 	9 	567 	24267 	19 	730 	0 		9 	19 	3 	33989 	470 	115 	1055 		8229 	C 	0 	19 	6 	C 	12 	4 	138 	35 	8730 	1 	5 	9806 	228 	5672 	29 	2 		12924 	231012 		C 	481350 
Bhutan	0 		0 	2 		0 	0 			0 	0 		0 		0 		0 	0 			0 		0 		0 		0 			0 	0 	0 	0 			0 	0 	0 		0 			0 					0 	0 		0 	0 		0 	0 		C 	0 		0 		0 			0 	2 
Bolivia	0 		5 			1 	0 		2 	6 	0 		0 		0 		69 	0 	C 		81 		0 		0 		0 		9 	5 	0 	0 	0 			0 	0 	161 		0 			63 					0 	0 		0 	0 	C 	0 	0 		C 	5 		0 		12 			0 	418 
Bonaire, Sint Eustatius and Saba	0 		0 			0 	0 			0 	0 		0 		0 		0 	0 			0 		0 		0 		0 			0 	0 	0 	0 			0 	0 	174 		0 			0 					0 	0 		0 	0 		0 	0 		C 	273 		0 		126 			0 	573 
Bosnia and Herzegovina	0 		7 			0 	0 	0 		0 	0 		0 		0 		29 	0 	C 	0 	12 		0 	0 	0 	0 	0 		0 	0 	0 	0 	0 	20 		0 	1 	232 		0 			3 					0 	0 	C 	0 	0 		0 	26 		C 	0 		0 		0 	86 		C 	417 
Botswana	0 		0 			0 	0 			0 	0 		0 		0 		7 	0 	C 	4 	0 		0 		0 		29 			0 	0 	0 	0 			0 	0 	47 		0 	1 		3 					0 	0 		0 	0 		0 	0 	41 	C 	0 		0 		18 	90 		0 	239 
Brazil	427 	8 	611 	12 	882 		11 	13705 	20920 	2349 	151 	19 	356 	56 	7 	17 	3650 	6 	838 	8336 	8521 	15 	18 	5 	1 	1 	20409 	173 	1827 	19153 	7 	8360 	0 		9 	42 	3 	56576 	15 	15 	3 	682 	14615 	198 	11 	522 	C 	5 	1290 	1 	0 	2238 	C 	36 	108 	1326 	C 	5316 	2498 	11 		76392 	201243 	5 	C 	474008 
British Indian Ocean Territory	0 		0 			0 	0 			0 	0 		0 		0 		0 	0 			0 		0 		0 		0 			0 	0 	0 	0 			0 	0 	0 		0 	0 		0 					0 	0 		0 	0 		0 	0 		C 			0 		0 			C 	0 
Brunei Darussalam	0 		0 			1 	0 			0 	C 		0 		0 		0 	0 		24 	0 		0 		0 	0 	0 			0 	0 	0 	0 			0 	0 	0 	0 	0 			0 					0 	0 		0 	0 	C 	0 	0 		C 	0 		0 		0 			0 	26 
Bulgaria	0 		410 		55 	0 		2 		0 	0 		0 		46 	5 	80 	43 	32 	491 	519 	276 	32 	0 	0 		4 		88 	12 	0 	7 	0 		36 	0 	19 	774 	0 	C 			156 					67 	0 	10 	0 	0 	C 	83 	7 		C 	27 	1 	0 		989 	96 		C 	4367 
Burkina Faso	0 		0 			0 	0 			0 	0 		0 		0 		0 	0 		25 	0 		0 		0 		0 			0 	0 	0 	0 			0 	0 	0 		0 	0 		0 					0 	0 		0 	0 		0 	0 		C 	0 		0 		0 			0 	26 
Burundi	0 		0 			0 	0 	0 		0 	0 		0 		0 	0 	11 	0 		10 	5 		0 		0 		0 		21 	0 	0 	0 	0 			0 	0 	70 		0 	11 		0 					0 	0 		0 	0 		0 	0 		C 	0 		0 		11 			0 	140 
Cambodia	0 		0 			0 	0 			0 	6 		0 		0 		0 	0 			0 		0 		0 	0 	0 			251 	0 	1 	0 			0 	0 	379 	0 	0 			10 					0 	0 		0 	0 	C 	0 	0 		C 	0 	1 	0 		7 			0 	654 
Cameroon	0 		0 		0 	0 	0 			0 	0 		0 		0 		0 	0 		349 	14 		0 		0 		0 			0 	0 	0 	0 			0 	0 	12 		0 	1 		0 					C 	0 		0 	0 		0 	0 		C 	0 		0 		72 			0 	448 
Canada	1 	2 	2345 	74 	4692 	46 	2 		145 	1073 	7767 	222 	529 	63 	56 	47 	3546 	9 	2099 	14562 	31598 	74 	51 	278 	1 	0 	31042 	161 	3321 	64553 	2093 	3347 	0 	0 	314 	41 	3 	51776 	73 	C 	82 	58 	19077 	1043 		145 	24 	118 	214 	22 	84 	3280 	13122 	596 	191 	1440 	938 	32385 	169 	7 		40281 	909238 	1 	102218 	1350738 
Cabo Verde	0 		0 			0 	0 			0 	0 		0 		0 		0 	0 			0 		0 		0 		0 			0 	0 	0 	0 			0 	0 	0 		0 			0 					0 	75 		0 	0 		0 	0 		C 	0 		0 		0 			0 	76 
Cayman Islands	0 	6 	3367 		2088 	2263 	2 	20223 		924 	262220 	2696 	303 	14 	43 	49 	9372 	42 	15297 	19135 	26118 	490 	18 	31 	0 	455 	39413 	248 	4033 	522543 	25 	4976 	0 	909 	22 	155 	8 	79374 	1390 	139 	535 	27 	22088 	C 	25 	178 	365 	27 	3274 	5 	18 	1487 	10477 	58 	23 	533 	3536 	45505 	659 	349 		90337 	1046965 		C 	2244861 
Central African Republic	0 		0 			0 	0 			0 	0 		0 		0 		0 	0 			0 		0 		0 		0 			0 	0 	0 	0 			0 	0 	0 		0 			0 					0 	0 		0 	0 		0 	0 		C 	0 		0 		0 			0 	0 
Chad	0 		0 			0 	0 			0 	0 		0 		0 	0 	0 	0 			0 		0 		0 		0 			0 	0 	0 	0 			0 	0 	0 		0 			0 					0 	0 		0 	0 		0 	0 		C 	0 		0 		30 			0 	30 
Chile	4 		135 	3 	128 	345 	1 	1254 	163 		311 	7 	184 	1 	3 	2 	536 	0 	101 	637 	2023 		1 	0 	1 		1911 	3 	141 	1570 	0 	171 	0 		11 	3 	4 	4653 	0 	C 	0 	4 	1692 	21 	1 	200 	C 	C 	0 	C 	0 	595 	C 	1 	5 	3 	C 	3385 	66 	0 		5158 	29192 		C 	54628 
China, P.R.: Hong Kong	0 	3 	504 	38 	510 	8 	1 	8727 	87 	52 		12962 	0 	0 	23 	9 	2068 	1 	744 	6441 	4421 	5 	6 	16 	52 	425 	14532 	210 	589 	20667 	1087 	6985 	0 	5 	10 	8 	0 	37061 	3576 	15 	172 	24 	12651 	408 		12 	221 	1 	37 	C 	1 	4490 	34163 	32 	41 	107 	C 	6482 	5460 	0 		53463 	145330 		C 	384945 
China, P.R.: Macao	0 		0 			0 	0 			0 	712 		0 		10 	0 	0 	0 		1 	0 		0 		0 		C 			127 	6 	158 	0 			0 	0 	38 		0 			0 			5 		0 	341 		0 	0 	C 	0 	0 		C 	0 	147 	0 		342 			C 	1887 
China, P.R.: Mainland	24 	2 	436 	63 	659 	1 	0 	12298 	31 	43 	368536 	24770 	0 	2 	0 	25 	1305 	7 	763 	10646 	4810 	5 	6 	8 	3 	1501 	13989 	8 	649 	16962 	55 	8705 	0 	41 	4 	6 	0 	34405 	884 	C 	4937 	73 	10794 	C 			252 	C 	23 		4 	3209 	76261 	30 	102 	921 	C 	3195 	3118 	1 		50801 	103464 		13162 	772002 
Christmas Island	0 		0 			0 	0 			0 	0 		0 		0 		0 	0 			0 		0 		0 		0 			0 	0 	0 	0 			0 	0 	0 		0 			0 					0 	0 		0 	0 		0 	0 		C 			0 		0 			0 	0 
Cocos (Keeling) Islands	0 		0 			0 	0 			0 	0 		0 		0 		0 	0 			0 		0 		0 		0 			0 	0 	2 	0 			0 	0 	0 		0 			0 					0 	0 		0 	0 		0 	0 		C 			0 		264 			0 	266 
Colombia	0 		94 		129 	44 	0 	683 	580 	589 	4 	1 		15 	0 	1 	964 	0 	84 	439 	2961 		1 		0 	0 	3147 	1 	275 	1199 	3 	118 	0 		3 	0 	0 	6730 	0 	C 	15 		2692 	11 		774 	C 	C 	0 		0 	644 	C 	1 	1 		C 	918 	1 	0 		5099 	24694 	3 	C 	52915 
Comoros	0 		0 			0 	0 			0 	0 		0 		0 		0 	0 			0 		0 		0 		0 			0 	0 	0 	0 			0 	0 	0 		0 	0 		0 					0 	0 		0 	0 		0 	0 		C 	0 		0 		0 			0 	0 
Congo, Democratic Republic of	0 		0 		0 	0 	0 			0 	0 		0 		0 		0 	0 			0 		0 		0 		0 			0 	0 	0 	0 			0 	0 	13 		0 	5 		0 					0 	0 		0 	4 		0 	0 		C 	0 		0 		3 			0 	25 
Congo, Republic of	0 		0 		4 	0 	0 			0 	0 		0 		0 		6 	0 		30 	14 		0 		0 		0 		0 	3 	0 	0 	0 			0 	0 	5 		0 			3 					0 	0 		0 	0 		0 	0 		C 	0 		0 		4 	253 		0 	322 
Cook Islands	0 		0 			0 	0 			0 	0 		0 		0 		0 	0 		0 	0 		0 		0 		0 			0 	0 	0 	0 			0 	0 	0 		0 			0 					0 	0 		0 	0 	C 	0 	0 		C 			0 		0 			0 	0 
Costa Rica	0 		20 		0 	1 	0 	24 	13 	9 	0 		15 		0 		205 	0 	24 	15 	429 		0 		0 		10 		47 	40 	0 	2 	0 		0 	0 	0 	1026 		C 	1 		369 		1 	224 		0 	0 		0 	39 	C 	0 	0 		C 	38 	1 	0 		6 			C 	2561 
Cote d'Ivoire	0 		12 			0 	0 	21 		0 	244 		0 		0 		118 	0 	C 	178 	104 		0 		0 		307 		7 	52 	0 	0 	0 			1 	0 	742 	0 	0 	120 		87 					0 	0 		0 	0 	C 	0 	0 	1 	C 	647 		0 		112 	856 		C 	3608 
Croatia	0 		869 		27 	0 	231 	72 	10 	0 	5 		0 		19 	10 	479 	9 	78 	1619 	1429 		52 	0 	0 		780 		483 	94 	0 	1 	0 		55 	7 	76 	2849 		C 	1 		639 					33 	0 	48 	39 	107 	C 	187 	53 		C 	161 		2 		487 	2504 		C 	13515 
Cuba	0 		0 			0 	0 			0 	0 		0 		0 		0 	0 		28 	0 		0 	0 	0 		0 			27 	0 	0 	0 			0 	0 	0 		0 			0 					0 	0 		0 	0 		0 	0 		C 	0 		0 		0 	2 	200 	0 	257 
Curacao	0 	15 	489 		1562 	0 	10 	1891 	8 	1 	7 	2 	0 		5 	212 	513 	0 	81 	27167 	2161 	5 	70 		0 		1532 		735 	5161 	112 	0 	0 		1 	0 	1 	4539 	0 	C 			1644 			1 		C 	43 	C 	2 	0 	C 	42 	48 		811 	5124 		0 		135 			C 	54128 
Curacao & St. Maarten																																																																		
Cyprus	0 		217 		331 	1 	4 	69 		0 	9 		0 			58 	150 	34 	70 	403 	361 	281 	8 	0 	4 	0 	276 	1 	70 	74 	24 	19 	0 		23 	1 	7 	3025 	10 	19 	131 		234 					122 	18 	8 	3059 	0 	C 	111 	3 	1 	C 	177 		0 	66 	788 	3044 		C 	13310 
Czech Republic	0 		3592 	3 	1677 	0 	507 	158 		1 	36 	0 	0 		9 		191 	25 	102 	3633 	7508 	12 	56 	1 	0 	0 	1498 		1162 	912 	15 	30 	0 		27 	2 	72 	3491 	0 	39 			2512 					915 	22 	10 	0 	17 	C 	1346 	157 	2 	365 	1247 	1 	0 		6214 	3663 		C 	41233 
Denmark	0 	2 	2871 	48 	2585 	3452 	0 	3918 	7 	74 	242 	42 	1 		9 	18 		41 	33098 	16102 	36957 	20 	9 	55 	0 		10069 	81 	2554 	10817 	856 	524 	47 		58 	6 	150 	25072 	17 	113 	248 		12105 	C 		2 	C 	28 	414 	C 	1 	1240 	C 	415 	76 	46 	662 	10880 	4 	53 		24049 	75712 		20505 	296356 
Djibouti	0 		0 			0 	0 			0 	0 		0 		0 		0 	0 			0 		0 		0 		0 			0 	0 	0 	0 			0 	0 	0 		0 			0 					0 	0 		0 	0 		0 	0 		C 	0 		0 		0 			0 	0 
Dominica	0 		0 			0 	0 			0 	0 		0 		0 		0 	0 			0 		0 		0 		0 			0 	0 	0 	0 			0 	0 	0 		0 			0 					0 	0 		0 	0 		0 	0 		C 	0 		0 		1 			0 	1 
Dominican Republic	0 		20 		2 	0 	0 	80 	6 	0 	0 		0 	0 	0 		254 	0 	19 	20 	265 		0 		0 		273 		51 	89 	0 	0 	0 		0 	0 	0 	1170 		0 			404 			80 		0 	0 		0 	110 		0 	0 		C 	30 		0 		83 	1951 		C 	4910 
Ecuador	0 		7 			1 	0 			30 	8 		0 	0 	0 		36 	0 	C 	16 	51 		0 		0 		C 		9 	21 	0 	0 	0 			0 	0 	1134 	0 	0 			59 			15 		0 	0 		0 	18 	C 	0 	0 		C 	11 		1 		48 	486 		C 	1949 
Egypt	0 		3 	3 	1 	0 	0 	97 		0 	19 		0 		36 	0 	85 	0 	13 	477 	51 		1 		0 	1 	407 		40 	42 	0 	11 	0 	566 	1 	8 	0 	863 	2 	0 	36 		115 			9 		C 	0 		1 	63 	C 	0 	0 	199 	C 	66 	5 	0 		1739 	3619 		C 	8581 
El Salvador	0 		12 			0 	0 	26 	9 	0 	0 		15 	15 	0 		203 	0 	12 	14 	373 		0 		0 		296 		45 	57 	0 	0 	0 			0 	0 	524 		0 			236 			59 		0 	0 		0 	71 	C 	0 	0 		C 	13 		0 		103 	936 		0 	3023 
Equatorial Guinea	0 		0 			0 	0 			0 	0 		0 		0 		0 	0 			0 		0 	3 	0 		0 			0 	0 	0 	0 			0 	0 	0 		0 			0 					0 	0 		0 	0 		0 	0 		C 	0 		0 		0 			0 	3 
Eritrea	0 		0 			0 	0 			0 	0 		0 		0 		0 	0 			0 		0 		0 		0 			0 	0 	0 	0 			0 	0 	0 	0 	0 			0 					0 	0 		0 	0 		0 	0 		C 	0 	3 	0 		0 			0 	3 
Estonia	0 		64 		9 	0 	0 			2 	0 		0 		0 	12 	68 		439 	137 	321 		1 	0 	0 		27 		3 	2 	0 	0 	0 		142 	0 	205 	362 		C 			66 					20 	0 		10 	0 		66 	30 		C 	91 		0 		26 	147 		C 	2250 
Ethiopia	0 		0 			0 	0 			0 	0 		0 		0 		1 	0 			0 		0 		0 		0 			0 	0 	0 	0 			0 	0 	0 		0 	5 		0 					0 	0 		0 	0 		0 	0 		C 	0 		0 		0 			0 	5 
Falkland Islands	0 		0 		0 	0 	0 			0 	0 		0 		0 	0 	0 	0 		0 	14 		0 		0 		1 		0 	0 	0 	0 	0 			0 	0 	1 	0 	0 			1 					C 	0 		0 	0 	C 	0 	0 		C 	1 		0 		45 			0 	65 
Faroe Islands	0 		1 		1 	0 	0 			0 	0 		0 		0 		804 	0 	C 	23 	11 		0 	37 	0 		26 		1 	0 	0 	0 	0 			0 	0 	109 		0 			5 					0 	0 		0 	0 	C 	0 	0 		C 	4 		0 		9 			C 	1032 
Fiji	0 		0 			0 	0 			0 	0 		0 		0 		0 	0 			0 		0 		0 		0 		0 	0 	0 	0 	0 			0 	0 	109 		0 			0 	C 				0 	0 		0 	0 	C 	0 	0 		C 	0 		0 		6 			0 	115 
Finland	0 		6294 	4 	4747 	3 	22 	2211 	32 	75 	651 	6 	27 	0 	9 	50 	9573 	492 		19092 	44681 	97 	5 	25 	0 	1 	17107 	47 	3316 	11453 	307 	456 	38 	0 	269 	2 	66 	23853 	0 	192 	1 		28642 	188 		0 	C 	65 	796 	12 	0 	691 	C 	703 	150 	15 	1095 	9398 	4 	0 		25867 	41614 		19921 	274366 
France	1 	12 	35453 	154 	143626 	156 	331 	36991 	686 	1109 	7570 	248 	427 	19 	1261 	1503 	20090 	1018 	26841 		439366 	3689 	179 	484 	1 	7 	148161 	2067 	161473 	267392 	3580 	10646 	118 	142 	977 	593 	451 	349513 	120 	1724 	149 	61 	215400 	C 	10 	21 	C 	1750 	13944 	54 	401 	7944 	C 	2869 	2259 	438 	50155 	103257 	252 	3 		303151 	519550 	4 	374129 	3263978 
French Southern Territories	0 		0 			0 	0 			0 	0 		0 		0 		0 	0 			0 		0 		0 		0 			0 	0 	0 	0 			0 	0 	0 		0 			0 					0 	0 		0 	0 		0 	0 		C 			0 		0 			0 	0 
French Territories: French Polynesia	0 		0 			0 	0 			0 	0 		0 		0 		22 	0 		135 	0 		0 		0 		0 			0 	0 	0 	0 			0 	0 	0 		0 			0 					0 	0 		0 	0 		0 	0 		C 	0 		0 		0 			0 	156 
French Territories: New Caledonia	0 		0 			0 	0 			0 	0 		0 		0 		0 	0 		79 	0 		0 		0 		0 			0 	0 	0 	0 			0 	0 	0 		0 			0 					0 	0 		0 	0 	C 	0 	0 		C 	0 		0 		0 			0 	79 
Gabon	0 		7 		12 	0 	0 	8 		0 	0 		0 		0 		53 	0 	2 	1284 	191 		0 		0 		8 		13 	6 	0 	0 	0 		0 	0 	0 	297 		0 			115 					0 	0 		0 	37 	C 	0 	0 		C 	44 		0 		125 			0 	2204 
Gambia, The	0 		0 			0 	0 			0 	0 		0 		0 		0 	0 			0 		0 		0 		0 			0 	0 	0 	0 			0 	0 	22 	3 	0 			0 					0 	0 		0 	0 		0 	0 		C 	0 	0 	0 		2 			0 	28 
Georgia	0 		14 			0 	0 	20 		0 	0 		0 		2 	3 	126 	2 	23 	20 	137 		1 		0 		1 	123 	30 	10 	1 	4 	0 		11 	1 	10 	795 	0 	0 	1 		92 					8 	0 		0 	26 	C 	0 	0 	1 	C 	20 		0 		387 	517 		C 	2384 
Germany	7 	4 	67165 	372 	53525 	195 	627 	32769 	769 	4833 	10986 	200 	498 	36 	478 	914 	68784 	849 	37217 	273963 		2009 	606 	1311 	2 	59 	158375 	3441 	77444 	165268 	3744 	4387 	81 	109 	1181 	63 	290 	344373 	389 	1201 	10 	158 	278857 	1481 		25 	247 	2585 	14008 	183 	57 	7969 	28413 	1602 	2400 	839 	28985 	93525 	436 	50 		282377 	405664 		566160 	3034556 
Ghana	0 		41 			0 	0 			0 	25 		0 		0 		83 	0 	11 	17 	48 		0 		0 		18 		18 	3 	0 	0 	0 		1 	5 	0 	1441 		C 	164 		85 					0 	0 		0 	52 	C 	0 	0 	45 	C 	8 		0 		754 	691 		0 	3510 
Gibraltar	0 		172 		1 	1 	0 	1 		0 	0 		0 		0 	0 	123 	0 	C 	72 	44 		0 		0 		30 		87 	5 	0 	0 	0 			0 	0 	71 		0 	0 		1 					0 	0 	C 	0 	0 	C 	0 	10 		C 	109 		0 		330 			C 	1058 
Greece	0 		1552 		1725 	0 	259 	388 		2 	7 	0 	0 	0 	2441 	6 	188 	4 	207 	9545 	8370 		3 	0 	0 	0 	1217 	23 	5961 	248 	0 	13 	0 		2 	27 	8 	4690 	0 	22 		9 	3040 			0 		96 	3121 	26 	5 	29 	C 	198 	152 	1 	C 	506 	3 	31 		5764 	16101 		C 	65990 
Greenland	0 		0 			0 	0 			0 	0 		0 		0 		77 	0 	C 		0 		0 		0 		C 			0 	0 	0 	0 			0 	0 	2 		C 			0 					0 	0 		0 	0 		0 	0 		C 	0 		0 		0 			0 	80 
Grenada	0 		0 			0 	0 			0 	0 		0 		0 		4 	0 		0 	1 		0 		0 		0 		0 	0 	0 	0 	0 			0 	0 	0 		0 			0 					0 	0 		0 	0 		0 	0 		C 	0 		0 		1 			0 	6 
Guadeloupe	0 		0 			0 	0 			0 	0 		0 		0 		0 	0 			0 		0 		0 		0 			0 	0 	0 	0 			0 	0 	10 		0 			0 					0 	0 		0 	0 		0 	0 		C 			0 		17 			0 	27 
Guam	0 		0 			0 	0 			0 	0 		0 		0 		0 	0 			0 		0 		0 		0 			0 	0 	0 	0 			0 	0 	0 		0 			0 					0 	0 		0 	0 		0 	0 		C 			0 		2 			0 	2 
Guatemala	0 		11 			0 	0 	14 		5 	0 		3 	5 	0 		28 	0 	9 	2 	131 		0 		0 		0 		46 	7 	0 	0 	0 			0 	0 	210 		0 			55 			126 		0 	0 		0 	25 		0 	0 		C 	10 	0 	0 		22 			0 	710 
Guernsey	0 		490 		617 	12 	1 	917 	3 	15 	650 	2 	0 		16 	4 	2009 	16 	2774 	5263 	6843 	74 	1 	105 	0 		3371 	6 	829 	3969 	1 	228 	0 		34 	0 	0 	5466 	1 	13 	1 		5477 					2 	58 	C 	0 	35 	286 	185 	0 	3457 	347 	12971 	14 	0 		20060 	28412 		C 	105036 
Guiana, French	0 		0 			0 	0 			57 	0 		0 		0 		0 	0 			0 		0 		0 		0 			0 	0 	0 	0 			0 	0 	0 		0 			0 					0 	0 		0 	0 		0 	0 		C 			0 		0 			0 	57 
Guinea	0 		0 			0 	0 			0 	0 		0 		0 		0 	0 			0 		0 		0 		0 			0 	0 	0 	0 			0 	0 	0 		0 			0 					0 	0 		0 	0 		0 	0 		C 	0 		0 		0 			0 	0 
Guinea-Bissau	0 		0 			0 	0 			0 	0 		0 		0 		0 	0 			0 		0 		0 		0 			0 	0 	0 	0 			0 	0 	0 	0 	0 			0 					0 	7 		0 	0 		0 	0 		C 	0 		0 		0 			0 	7 
Guyana	0 		0 			0 	0 			0 	0 		0 		0 		0 	0 			0 		0 		0 		0 			0 	0 	0 	0 			0 	0 	0 		0 			12 					0 	0 		0 	0 		0 	0 		C 	0 	3 	0 		0 			0 	15 
Haiti	0 		0 			0 	0 			0 	0 		0 		0 		0 	0 			0 		0 		0 		0 			0 	0 	0 	0 			0 	0 	0 		0 			0 					0 	0 		0 	0 		0 	0 		C 	0 		0 		0 			0 	0 
Honduras	0 		3 			0 	0 			0 	0 		43 	11 	0 		45 	0 	C 	2 	101 		0 		0 		0 		2 	9 	0 	0 	0 			0 	0 	272 		0 		1 	56 			26 		0 	0 		0 	0 		0 	0 		C 	137 		0 		11 			C 	720 
Hungary	0 		2711 		309 	0 	423 	509 		4 	0 	0 	0 	0 	6 	580 	997 	24 	110 	2855 	6998 	57 		0 	0 	0 	2249 	2 	813 	497 	0 	84 	1 		51 	5 	68 	14527 	0 	6 	0 		2326 			1 		905 	19 	133 	0 	401 	C 	613 	81 	48 	150 	601 		2 		18674 	15879 		C 	73720 
Iceland	0 		182 		14 	0 	1 	65 		0 	9 		0 		0 	10 	263 	1 	4 	448 	1157 	3 	0 		0 		150 	3 	244 	56 	40 	41 	0 		1 	0 	0 	562 	0 	0 	12 	1 	61 			1 		16 	20 	C 	0 	0 	C 	6 	0 		202 	127 		0 		894 	2099 		C 	6692 
India	0 		406 	49 	341 	2 	0 	7761 	31 	4 	6468 	13 	0 	0 	97 	5 	2035 	0 	866 	5846 	1685 		0 	2 		35 	7176 	14 	420 	6124 	31 	1909 	0 	200 	5 	4 	1 	34167 	324 	0 	80300 	1 	8635 	C 		8 	152 	0 	0 		3 	605 	52815 	0 	49 	863 	C 	2611 	140 	0 		27556 	114266 		C 	364027 
Indonesia	0 	2 	283 	4 	191 	0 	8 	1776 	27 	16 	1172 	1 	0 		0 	1 	1725 	0 	296 	808 	3753 		1 	2 	42 		6843 		730 	6876 	0 	446 	0 	343 	3 	0 	0 	19390 	1995 	C 	4239 		5002 	C 	5 		1271 	C 	0 		1 	985 	17286 	2 	11 	25 	C 	1345 	50 	0 		11197 	46984 		C 	135137 
Iran, Islamic Republic of	0 		0 	4 		0 	0 			0 	0 	5 	0 		0 		0 	0 	C 	36 	0 		0 		0 		406 			0 	0 	5 	0 			0 	0 	0 		0 	55 		0 					0 	0 		0 	0 	C 	0 	0 		C 	0 	10 	0 		0 			0 	520 
Iraq	0 		4 			0 	0 	26 		0 	0 		0 		0 	6 	123 	0 	15 	29 	48 		0 		0 		0 		27 	12 	0 	319 	0 	21 	0 	0 	0 	0 		0 	7 		85 					0 	0 		0 	0 		0 	0 		C 	24 		0 		140 			0 	886 
Ireland	0 	21 	15425 	27 	41523 	146 	247 	7543 	609 	1135 	10833 	423 	120 	0 	1376 	1056 	16912 	816 	24652 	132784 	148801 	1351 	396 	1549 	22 			2954 	97982 	56086 	1480 	2173 	696 	47 	755 	74 	484 	132245 	338 	1796 	121 	34 	81660 	1340 	6 	75 	1 	256 	14938 	69 	17751 	468 	6422 	1238 	496 	16436 	33046 	53013 	818 	9 		265465 	336142 		C 	1534679 
Isle of Man	0 		7 		63 	35 	0 	18 		0 	172 		0 		15 	1 	30 	3 	24 	255 	143 	5 	1 	3 	0 		1248 		70 	159 	0 	22 	0 			4 	0 	1219 	826 	C 	10 		96 					C 	0 	1 	0 	0 	70 	0 	0 	491 	C 	146 		0 		1954 	3540 		C 	10632 
Israel	0 		365 		277 	3 	0 	1920 		9 	35 	1 	0 	1 	14 	5 	296 	1 	73 	1380 	2596 	4 	1 	2 	0 	0 	1130 		155 	1615 	16 	232 	0 		0 	0 	0 	3396 	2 	8 	1 	0 	1386 	26 		5 		C 	0 	C 	0 	0 	827 	24 	12 	4 	C 	954 	82 	2 		6787 	70060 		C 	93709 
Italy	0 	7 	26043 	108 	40248 	59 	125 	7750 	10 	578 	1189 	58 	0 	0 	592 	198 	10507 	311 	8496 	373790 	247544 	15229 	132 	15 	0 	22 	120511 	425 		62789 	104 	1312 	105 		163 	39 	39 	206041 	5 	572 	3 	7 	69842 	520 		20 	C 	358 	21480 	65 	4 	1982 	C 	2108 	918 	2380 	85849 	13152 	79 	2 		140495 	150721 		26387 	1641487 
Jamaica	0 		7 		0 	0 	0 	6 	27 	0 	0 		0 	11 	0 		8 	0 	C 	7 	57 		0 		0 		0 		28 	2 	0 	0 	0 			4 	0 	109 		C 			5 					0 	0 		0 	5 	C 	0 	0 		C 	11 		0 		144 	133 		C 	566 
Japan	13 	16 	1369 	50 	2222 	13 	22 	47067 	103 	4053 	26512 	121 	0 	0 	3 	25 	9320 	1 	1727 	119558 	23765 	8 	4 	47 	2 	31 	69630 	444 	4861 		4252 	8766 	0 	3 	8 	8 	1 	92240 	360 	25 	16 	74 	78722 	3050 	22 	7 	24 	2 	423 	0 	1 	12452 	C 	91 	55 	692 	2146 	24588 	238 	1 		234515 	700189 		201186 	1675143 
Jersey	0 	3 	2711 		1859 	183 	4 	2086 		0 	2379 	15 	0 	1 	-29 	55 	1929 	2 	1958 	17057 	12970 	1001 	240 	31 	0 	0 	9920 	4 	4079 	18578 	66 	1043 	0 	10 	17 	13 	6 	28386 	12 	C 	36 		9943 					27 	448 	4 	525 	0 	341 	9 	5 	843 	3428 	19884 	0 	0 		52051 	86647 		C 	280782 
Jordan	0 		0 			0 	0 	7 		0 	7 		0 		92 		10 	0 		1 	30 		0 		0 		19 		12 	10 	0 	0 	0 	173 		154 	0 	104 	0 	0 			12 					0 	0 		0 	16 		0 	0 		C 	7 		0 		135 	1832 		C 	2623 
Kazakhstan	0 		183 		48 	0 	1 	99 	2 	0 	0 		0 	0 	-3 	59 	663 	1 	38 	148 	1683 	3 	35 	0 	0 		1007 		308 	171 		87 	0 		32 	1 	9 	2919 	16 	C 			578 		3 	1 	C 	9 	0 		12 	54 	36 	8 	1 		C 	351 	1 	1 		843 	3923 		C 	13331 
Kenya	0 		3 		0 	0 	0 	8 		0 	38 		0 		4 		107 	0 	40 	24 	113 		0 		1 	0 	216 		6 	25 	0 	1 	0 			0 	0 	1216 	0 	0 	472 		60 	0 				0 	0 		0 	0 	C 	0 	0 	198 	C 	19 	0 	0 		431 			0 	2982 
Kiribati	0 		0 			0 	0 			0 	0 		0 		0 		0 	0 			0 		0 		0 		0 			0 	0 	0 	0 			0 	0 	0 		0 			0 					0 	0 		0 	0 		0 	0 		C 	0 		0 		0 			0 	0 
Korea, Democratic People's Rep. of	0 					0 	0 				0 		0 		0 		0 	0 			0 		0 							0 	0 	0 	0 			0 	0 	0 	0 	0 			0 					0 	0 		0 	0 		0 			C 			0 		0 			0 	0 
Korea, Republic of	0 	3 	779 	15 	1043 	2483 	1 	14364 	26 	139 	14647 	555 	1 	0 	7 	37 	2546 	11 	744 	12794 	10320 	5 	1 	7 	10 	192 	18087 	92 	931 	25896 	2092 		0 			6 	6 	37212 	1763 	21 	27 	29 	12993 	C 	6 	29 	284 	27 	39 		4 	3763 	47290 	53 	71 	171 	1069 	12956 	2633 	0 		36320 	191249 		C 	455847 
Kosovo, Republic of	0 		0 			0 	0 			0 	0 		0 		0 		0 	0 			0 		0 		0 		0 			0 	0 	0 				0 	0 	0 		0 			0 					0 	0 		0 	0 		0 	0 		C 			0 		0 			C 	0 
Kuwait	0 		0 	2 		0 	0 	1 		0 	11 		0 		0 		26 	5 	11 	17 	0 		0 		0 	4 	94 			8 	0 	9 	0 			18 	0 	637 	449 	0 	36 		0 	C 			C 	0 	0 		0 	156 	C 	0 	0 		C 	34 	1 	20 		1171 			0 	2710 
Kyrgyz Republic	0 		0 			0 	0 			0 	0 		0 		0 		0 	0 			0 		0 		0 		0 	1 		26 	105 	0 	0 			0 	0 	181 		0 			3 					0 	0 		0 	1 		0 	0 		C 	0 		0 		5 			C 	321 
Lao People's Democratic Republic	0 		0 		2 	0 	0 			0 	C 		0 		0 		0 	0 			0 		0 		0 		0 			0 	0 	368 	0 			0 	0 	15 		0 			0 					0 	0 		0 	0 	C 	0 	0 		C 	0 	101 	0 		7 			0 	493 
Latvia	0 		460 		136 	0 	41 	33 		0 	0 		0 		1 	16 	84 	171 	83 	184 	1629 		2 		0 		168 		109 	95 	0 	0 	0 			0 	132 	654 		C 			381 					C 	0 		0 	0 		59 	33 		C 	278 		0 	1 	267 	811 		C 	5829 
Lebanon	0 		7 		7 	0 	0 	29 		0 	18 		0 		27 	0 	96 	0 	C 	111 	161 		0 		0 	0 	10 		153 	22 	0 	1 	0 	46 			0 	758 		0 			264 					0 	0 		0 	99 		0 	0 		C 	18 		165 		450 	1235 		0 	3676 
Lesotho	0 		0 			0 	0 			0 	0 		0 		0 		0 	0 			0 		0 		0 	1 	0 			0 	0 	0 	0 			0 	0 	0 		0 			0 					0 	0 		0 	0 		0 	0 		C 	0 		0 		1 			0 	1 
Liberia	0 		0 		22 	0 	0 	320 		1 	30 	1 	0 		0 		41 	0 	30 	33 	45 		0 		0 		70 		9 	352 	0 	15 	0 			0 	0 	541 	0 	C 			61 					C 	0 		0 	0 	C 	0 	0 		C 	76 		0 		103 	6065 		C 	7813 
Libya	0 		0 			0 	0 			0 	0 		0 		0 		0 	0 		2 	0 		0 		0 		0 			0 	0 	0 	0 			0 	0 	0 		0 			0 					0 	57 		0 	0 		0 	0 	0 	C 	0 		0 		4 			0 	64 
Liechtenstein	0 		1751 		3 	5 	0 	2 		0 	13 		0 		0 	0 	0 	0 	C 	38 	1700 		4 		0 	0 	1 		23 	3 	0 	0 	0 			0 	0 	428 	0 	0 			4 					0 	0 		0 	0 	C 	0 	4 		C 			0 		15 			C 	3997 
Lithuania	0 		436 		112 	0 	38 	98 		0 	0 	2 	0 		5 	11 	177 	146 	60 	294 	2443 		4 	0 	0 		280 		128 	119 	0 	8 	0 		331 	7 		1160 		C 			523 			0 		58 	0 	C 	1 	57 		113 	63 		C 	404 	3 	0 		462 	2272 		C 	9816 
Luxembourg	680 	2 	41665 		206915 	448 	493 	8132 	571 	43218 	52876 	1839 	2396 	67 	1059 	4243 	36169 	1251 	46914 	320233 	563383 	79785 	3543 	1684 	456 	876 	79404 	8602 	439352 	112100 	223 	12087 	195 	60 	1236 	259 	1029 		488 	952 	1311 	1025 	106520 	C 	5 	107 	68 	6492 	18188 	656 	17209 	1181 	24592 	780 	960 	24287 	99707 	197627 	2544 	131 		111429 	136286 		C 	2825989 
Macedonia, FYR	0 		61 		0 	0 	1 			0 	0 		0 		0 		7 	0 	C 	1 	22 	71 	0 		0 		0 		11 	0 	0 	0 	0 		0 	0 	2 	47 		0 			0 					0 	0 		0 	0 		2 	18 		C 	1 	0 	0 		47 			C 	292 
Madagascar	0 		0 			0 	0 			0 	0 		0 		0 		0 	0 		36 	0 		0 		0 		0 			0 	0 	0 	0 			0 	0 	1 		0 	52 		0 					0 	0 		0 	0 		0 	0 	1 	C 	0 		0 		1 			0 	92 
Malawi	0 		0 			0 	0 			0 	0 		0 		0 		0 	0 	C 		0 		0 		0 		0 			0 	0 	0 	0 			0 	0 	6 		0 	3 		0 					0 	0 		0 	0 		0 	0 	5 	C 	0 		0 		0 	3 		0 	16 
Malaysia	0 		352 	9 	319 	0 	0 	2479 	12 	22 	11168 	206 	0 		2 	0 	1068 	0 	310 	3166 	2822 		0 	1 	0 	13 	5861 		250 	7431 	15 	854 	0 	230 	7 	6 	2 	15692 		0 	299 	3 	5906 	C 	11 		158 	C 	0 		0 	2244 	37447 	0 	4 	23 	C 	1684 	202 	17 		17126 	44165 		C 	161586 
Maldives	0 		0 			0 	0 			0 	0 		0 		0 		0 	0 			0 		0 		0 		0 			0 	0 	0 	0 			0 	0 	0 		0 	1 		0 					0 	0 		0 	0 	C 	0 	0 		C 	0 		0 		0 			0 	1 
Mali	0 		0 			0 	0 			0 	0 		0 		0 		7 	0 	C 	1 	0 		0 		0 		0 			0 	0 	0 	0 			0 	0 	0 		0 			0 					0 	0 		0 	0 		0 	0 		C 	12 		0 		2 			0 	22 
Malta	0 		61 	9 	65 	0 	0 	1059 		0 	C 		85 		0 	73 	18 	0 	70 	231 	130 		4 		0 		351 		865 	1 	0 	0 	0 	0 	13 	22 	0 	1131 			1 		85 					0 	23 		0 	0 	C 	14 	0 	1699 	C 	515 		0 		87 	465 		C 	7077 
Marshall Islands, Republic of	0 		5 		15 	10 	0 	168 		0 	0 		0 		0 	1 	66 	0 	120 	60 	25 		0 	0 	0 		176 	4 	31 	200 	0 	78 	0 		0 	0 	0 	663 	1 	C 			49 			0 		C 	0 		0 	0 	C 	0 	0 		C 	45 	0 	0 		307 	26098 		0 	28122 
Martinique	0 		0 			0 	0 			0 	0 		0 		0 		0 	0 			0 		0 		0 		0 			0 	0 	0 	0 			0 	0 	0 		0 			0 					0 	0 		0 	0 		0 	0 		C 			0 		0 			0 	0 
Mauritania	0 		0 			0 	0 			0 	0 		0 		0 		0 	0 			0 		0 		0 		0 			0 	0 	0 	0 			0 	0 	1 	0 	0 			0 					0 	0 		0 	0 	C 	0 	0 		C 	6 		0 		0 			0 	7 
Mauritius	0 		1 		9 	0 	0 	4 		0 	23 	5 	0 		10 	87 	107 	0 	208 	87 	30 		0 		112 	0 	553 	2 	11 	1827 	0 	6 	0 	19 		0 	0 	3325 	49 	C 			212 		0 		C 	0 	0 		0 	0 	C 	0 	0 	1018 	C 	296 		0 		572 	8841 		0 	17413 
Mayotte	0 		0 			0 	0 			0 	0 		0 		0 		0 	0 			0 		0 		0 		0 			0 	0 	0 	0 			0 	0 	0 		0 			0 					0 	0 		0 	0 		0 	0 		C 			0 		0 			0 	0 
Mexico	6 	7 	1023 		1215 	473 	12 	6544 	492 	1693 	167 	69 	97 	10 	2 	2 	3154 	10 	502 	8446 	13636 	12 	7 	1 	0 	0 	15529 	233 	1877 	18247 	1 	1071 	0 		11 	9 	5 	40971 	1 	20 	0 		9970 	C 	3 	175 	C 	6 	159 		0 	2083 	C 	39 	46 	67 	4605 	6326 	253 	2 		31350 	164472 	5 	C 	335116 
Micronesia, Federated States of	0 		0 			0 	0 			0 	0 		0 		0 		0 	0 			0 		0 		0 		0 			0 	0 	0 	0 			0 	0 	0 		0 			0 					0 	0 		0 	0 		0 	0 		C 	0 		0 		0 			0 	0 
Moldova	0 		0 			0 	0 			0 	0 		0 		0 		0 	0 			0 		0 		0 		0 			0 	1 	0 	0 			0 	0 	28 		0 			0 					0 	0 		0 	0 		0 	0 		C 	0 		0 		0 			C 	29 
Monaco	0 		0 		0 	2 	0 			0 	0 		0 		0 		0 	0 			0 		0 		0 		20 		14 	0 	0 	0 	0 			0 	0 	69 		0 			0 					0 	0 		0 	0 	C 	0 	0 		C 			0 		-8 	43 		C 	141 
Mongolia	0 		8 		1 	0 	0 			0 	29 		0 		0 	0 	142 	0 	C 	31 	168 		1 		0 		0 		43 	238 	0 	0 	0 		1 	0 	0 	619 		0 			102 					0 	0 		0 	32 	C 	1 	0 		C 	37 		0 		230 			C 	1683 
Montenegro	0 		26 		2 	0 	21 		11 	0 	0 		0 		0 	1 	35 	0 		6 	126 		2 		0 		1 		52 	0 	0 	0 	0 		9 	0 	1 	134 		C 			1 					2 	0 	C 	0 	0 		10 	1 		C 	8 		0 		0 			C 	451 
Montserrat	0 		0 			0 	0 			0 	0 		0 		0 		0 	0 			0 		0 		0 		0 			0 	0 	0 	0 			0 	0 	0 		0 			0 					0 	0 		0 	0 		0 	0 		C 			0 		0 			0 	0 
Morocco	0 		89 		118 	0 	0 	42 		0 	154 		0 		10 		152 	4 	62 	2186 	938 		1 		0 	0 	66 		162 	93 	0 	4 	0 	9 	2 	2 	0 	883 	1 	C 	131 		219 				C 	0 	119 	C 	0 	19 	C 	0 	1 	6 	C 	136 	1 	0 		566 	2141 		C 	8317 
Mozambique	0 		0 			0 	0 			0 	0 		0 		0 		0 	0 			0 		0 		0 		0 			2 	0 	0 	0 			0 	0 	2 		0 	80 		0 					0 	104 		0 	0 		0 	0 	40 	C 	6 		0 		12 			0 	245 
Myanmar	0 		0 			0 	0 			0 	0 		0 		0 		0 	0 			0 		0 		0 		0 			0 	0 	0 	0 			0 	0 	0 		0 			0 					0 	0 		0 	0 	C 	0 	0 		C 	0 		0 		0 			0 	0 
Namibia	0 		5 			0 	0 			0 	C 		0 		0 		9 	0 	10 	9 	101 		0 		0 		3 		10 	6 	0 	0 	0 		0 	0 	0 	120 	0 	0 	2 		11 					0 	0 		0 	1 		0 	0 	91 	C 	1 		0 		64 	152 		C 	595 
Nauru	0 		0 			0 	0 			0 	0 		0 		0 		0 	0 			0 		0 		0 		0 			0 	0 	0 	0 			0 	0 	0 		0 			0 					0 	0 		0 	0 		0 	0 		C 	0 		0 		0 			0 	0 
Nepal	0 		0 	2 		0 	0 			0 	5 		0 		0 		0 	0 			0 		0 		0 		0 			1 	0 	0 	0 			0 	0 	0 		0 			0 					0 	0 		0 	0 	C 	0 	0 		C 	0 		0 		1 			0 	9 
Netherlands	1 	27 	25377 	67 	63759 	210 	433 	16493 	355 	1216 	5229 	198 	295 	46 	574 	2229 	15526 	809 	19573 	356394 	296232 	2008 	115 	305 	7 	1101 	106531 	1267 	53721 	143368 	1952 	3767 	82 	29 	734 	157 	198 	178039 	159 	1593 	210 	14 		1472 	4 	71 	30 	807 	15087 	233 	2113 	2426 	C 	2402 	1410 	200 	34549 	85100 	178 	62 	15 	228521 	412789 	2 	99690 	2187561 
Netherlands Antilles																																																																		
New Zealand	0 	2 	120 	6 	189 	0 	0 	931 	17 	30 	523 	28 	7 	0 	0 	5 	110 	1 	160 	574 	1976 	5 	4 	0 	0 	0 	3247 	9 	94 	7562 	7 	335 	0 		0 	1 	0 	2413 	34 	186 	14 		817 			1 	C 	C 	38 		0 	244 	C 	196 	4 	25 	C 	2709 	4 	0 		5771 	21355 		C 	49755 
Nicaragua	0 		0 			0 	0 			0 	0 		0 	0 	0 		0 	0 			0 		0 		0 		3 			0 	0 	0 	0 			0 	0 	60 		0 			1 			6 		0 	0 		0 	0 		0 	0 		C 	0 		0 		7 		24 	0 	101 
Niger	0 		0 			0 	0 			0 	0 		0 		0 		0 	0 		0 	0 		0 		0 		0 			0 	0 	0 	0 			0 	0 	0 	0 	0 			0 					0 	0 		0 	0 		0 	0 		C 	0 		0 		0 			0 	1 
Nigeria	0 		12 		1 	55 	0 	120 		0 	79 		0 		3 		326 	1 	144 	127 	204 		2 	0 	0 	2 	960 		117 	76 	0 	13 	0 		1 	1 	0 	4273 		0 	1195 		572 				C 	0 	0 		0 	142 	C 	0 	0 	1125 	C 	101 		0 		2590 			C 	12243 
Niue	0 		0 			0 	0 			0 	0 		0 		0 		0 	0 			0 		0 		0 		0 			0 	0 	0 	0 			0 	0 	0 		0 			0 					0 	0 		0 	0 		0 	0 		C 			0 		0 			0 	0 
Norfolk Island	0 		0 			0 	0 			0 	0 		0 		0 		0 	0 			0 		0 		0 		0 			0 	0 	0 	0 			0 	0 	0 		0 			0 					0 	0 		0 	0 		0 	0 		C 			0 		0 			0 	0 
Norway	0 	2 	4502 	8 	3213 	15 	0 	4114 	74 	110 	1720 	24 	141 	9 	25 	16 	8358 	77 	10348 	18508 	47661 	74 	6 	804 	0 		13113 	16 	2672 	29884 	273 	640 	0 		113 	1 	105 	22513 	51 	263 	141 		13429 	C 		4 	C 	44 	110 	34 	3 	505 	C 	637 	111 	31 	1653 	12447 	5 	0 		31639 	81673 		C 	311919 
Oman	0 		0 			0 	0 	3 		0 	4 		0 		0 		31 	5 	C 	6 	108 		0 		1 		86 		0 	0 	0 	1 	0 	103 		13 	0 	266 	1 	0 	0 		5 					0 	0 		0 	90 	C 	0 	1 	3 	C 	9 		0 		162 			0 	900 
Pakistan	0 		11 	7 		1 	0 	76 	15 	0 	104 		0 		0 		153 	0 	C 	4 	10 		0 		0 	1 	79 		42 	54 	0 	10 	0 	11 	1 	1 	0 	2309 	0 	0 	137 		258 					0 	0 		0 	219 	C 	0 	0 		C 	21 		10 		297 	2200 		0 	6030 
Palau	0 		0 			0 	0 			0 	0 		0 		0 		0 	0 			0 		0 		0 		0 			0 	0 	0 	0 			0 	0 	0 		0 			0 					0 	0 		0 	0 		0 	0 		C 	0 		0 		0 			0 	0 
Panama	0 		51 		62 	78 	0 	430 	86 	102 	352 		268 	89 	0 	4 	409 	0 	26 	110 	1063 		0 	0 	0 		702 		176 	893 	2 	344 	0 		1 	0 	0 	2370 	0 	C 	45 	1 	780 					C 	0 		4 	82 	C 	1 	0 	3 	C 	761 	28 	0 		421 	26499 	1 	C 	36244 
Papua New Guinea	0 		1 		17 	0 	0 	55 		0 	40 	3 	0 		0 		17 	0 	23 	21 	41 		0 	0 	0 		89 		4 	26 	0 	6 	0 			0 	0 	411 	5 	0 			19 					0 	0 		0 	0 	11 	0 	0 		C 	37 		0 		391 	2172 		0 	3390 
Paraguay	0 		5 			39 	0 		3 	3 	0 		0 		0 		33 	0 		3 	63 		0 		0 		0 		6 	9 	0 	0 	0 			0 	0 	276 		0 			40 					0 	0 		0 	0 		0 	0 	23 	C 	3 		0 		11 			0 	516 
Peru	0 		149 		106 	3 	0 	468 	83 	824 	17 	0 	253 	6 	0 	1 	493 	0 	99 	170 	1821 		1 		0 		1326 	9 	151 	294 	2 	36 	0 		2 	0 	0 	4245 	0 	C 	0 	2 	1326 	21 		367 		C 	0 		0 	332 	C 	1 	0 	8 	C 	587 	1 	0 		1364 	10985 	2 	C 	25557 
Philippines	0 		161 		81 	0 	0 	1136 		0 	994 	0 	3 	2 	0 	1 	934 	0 	225 	766 	2163 		0 	0 	1 	41 	2098 		264 	2741 	0 	162 	0 	0 	1 	0 	0 	7874 	284 	C 	73 		2133 	C 				0 	0 		8 	798 	10426 	2 	5 	5 	C 	1010 	67 	0 		5320 	24785 		C 	64565 
Pitcairn Islands	0 		0 			0 	0 			0 	0 		0 		0 		0 	0 			0 		0 		0 		0 			0 	0 	0 	0 			0 	0 	0 		0 			0 					0 	0 		0 	0 		0 	0 		C 			0 		2 			0 	2 
Poland	0 	2 	6183 	37 	2483 	0 	107 	1254 		30 	45 	7 	0 		41 	1072 	1687 	134 	737 	9071 	28869 	221 	244 	0 	0 	0 	8237 	46 	2143 	8273 	122 	414 	0 		52 	26 	86 	20060 	0 	37 	1 		5587 	39 			C 		32 	41 	2 	414 	C 	1158 	219 	27 	C 	4413 	11 	1 		8988 	33698 		C 	146353 
Portugal	0 		1767 	4 	4126 	649 	55 	643 	562 	2 	23 	18 	0 		52 	16 	1725 	33 	1452 	27737 	23897 	1340 	1 	0 	0 	1 	53019 	1 	10003 	911 	2 	138 	0 	1 	21 	1 	9 	15116 	0 	C 			9223 	50 		0 		74 		1 	0 	115 	C 	673 	132 	15 	17469 	797 	0 	0 		7618 	12629 		C 	192123 
Puerto Rico	0 		0 		4 	20 	0 	89 		0 	0 		0 	0 	0 		10 	0 	C 	20 	0 		0 	0 	0 		8 		2 	61 	0 	2 	0 			0 	0 	0 	0 	0 			38 			17 		0 	0 		0 	0 	C 	0 	0 		C 		0 	0 		6 			C 	279 
Qatar	0 		247 	2 	51 	0 	0 	73 	7 	1 	598 	164 	0 		2 		192 	20 	10 	179 	732 		0 		0 	0 	1057 		17 	951 	4 	61 	0 	925 	1 	173 	2 	1689 	45 	C 	0 		593 	4 	31 	3 	C 	0 	0 		0 	6260 	C 	0 	0 	1 	C 	384 	99 	0 		1054 			C 	15632 
Reunion	0 		0 			0 	0 			0 	0 		0 		0 		0 	0 			0 		0 		0 	0 	3 			0 	0 	0 	0 			0 	0 	1 		0 			0 					0 	0 		0 	0 		0 	0 		C 			0 		0 			0 	3 
Romania	0 		2532 	2 	115 	0 	421 	109 		0 	0 	0 	0 		139 	304 	511 	65 	208 	558 	2203 	276 	45 		0 		1053 		379 	178 	0 	22 	0 		59 	7 	100 	4490 		C 	1 		1561 				C 	559 	0 		1 	115 	C 	136 	53 		C 	286 	0 	3 		881 	4502 		C 	21874 
Russian Federation	0 	4 	1647 	29 	254 	1 	41 	3350 	90 	30 	207 	32 	0 	2 	4242 	302 	2313 	94 	1156 	12754 	5757 	30 	78 	4 	0 		9824 	56 	956 	2899 	251 	1231 	0 		75 	68 	18 	24766 	1100 	C 	5 	30 	9192 	83 	5 	8 	C 	86 	10 	0 		1531 	C 	21 	101 	89 	214 	3221 	272 	14 	4 	36687 	69372 		C 	194607 
Rwanda	0 		1 			0 	0 			0 	0 		0 		-3 		13 	0 		1 	23 		0 		0 		11 		8 	1 	0 	0 	0 			0 	0 	146 		0 	88 		14 					0 	0 		0 	0 	C 	0 	0 	1 	C 	1 		0 		13 			0 	317 
Saint Helena	0 		0 			0 	0 			0 	0 		0 		0 		0 	0 			0 		0 		0 		0 			0 	0 	0 	0 			0 	0 	0 	0 	0 			0 					0 	0 		0 	0 		0 	0 		C 	0 		0 		0 			0 	0 
Saint Pierre and Miquelon	0 		0 			0 	0 			0 	0 		0 		0 		0 	0 			0 		0 		0 		0 			0 	0 	0 	0 			0 	0 	0 		0 			0 					0 	0 		0 	0 		0 	0 		C 			0 		0 			0 	0 
Samoa	0 		0 			0 	0 			0 	25 		0 		0 		0 	0 			0 		0 		0 		0 			0 	0 	0 	0 			0 	0 	0 		0 			0 					0 	0 		0 	0 		0 	0 		C 	0 	10 	0 		0 			0 	35 
San Marino	0 		0 			0 	0 			0 	0 		0 		0 		0 	0 			0 		0 		0 		0 		43 	0 	0 	0 	0 			0 	0 	2 		0 			0 					0 	0 		0 	0 		0 	0 		C 	0 		0 		1 			0 	46 
Sao Tome and Principe	0 		0 			0 	0 			0 	0 		0 		0 		0 	0 			0 		0 		0 		0 			0 	0 	0 	0 			0 	0 	0 		0 			0 					0 	0 		0 	0 		0 	0 		C 	0 		0 		0 			0 	0 
Saudi Arabia	0 		0 	18 		0 	0 	37 		0 	115 		0 		0 		0 	0 		716 	0 		0 	0 	0 	6 	34 			140 	0 	3 	0 	1708 		226 	0 	13 	204 	0 			516 		216 		C 	0 	0 		0 		C 	0 	0 		C 	56 	33 	0 		9040 			C 	13081 
Senegal	0 		1 			0 	0 	0 		0 	110 		0 		0 		55 	0 	C 	131 	78 		0 		0 		119 		4 	11 	0 	12 	0 		0 	0 	0 	222 	0 	0 			26 					0 	0 		0 	0 		0 	0 	1 	C 	6 		0 		52 	149 		0 	975 
Serbia, Republic of	0 		152 		1 	0 	4 	73 		0 	0 		0 		18 		199 	4 	40 	632 	462 		0 		0 		302 		70 	73 	0 	4 	39 	21 	1 	5 	1 	3046 		0 	8 		306 					C 	0 	C 	0 	58 		0 	30 		C 	19 		0 		241 			C 	5809 
Seychelles	0 		4 		0 	0 	0 		3 	0 	0 		0 		0 		9 	0 		0 	14 		0 	0 	0 		0 		503 	0 	0 	0 	0 			0 	0 	20 		0 	426 		0 					C 	0 		0 	0 		0 	0 		C 	37 		0 		3 			0 	1020 
Sierra Leone	0 		0 			0 	0 			0 	0 		0 		0 		0 	0 			0 		0 		0 		0 			0 	0 	0 	0 			0 	0 	0 	0 	0 	10 		0 					0 	0 		0 	0 		0 	0 		C 	0 		0 		157 			0 	167 
Singapore	0 	2 	223 	9 	291 	8 	0 	5610 	8 	27 	15000 	418 	0 		7 	0 	866 	0 	354 	1726 	3051 	3 	2 	3 	7 	1358 	17206 	38 	217 	19945 	749 	1944 	0 	11 	20 	2 	2 	20899 	21589 	18 	1022 		8819 	C 		0 	54 	0 	10 		2 	1850 		0 	5 	474 	C 	4653 	429 	1 		20577 	93149 		7883 	250541 
Sint Maarten	0 		0 			0 	0 			0 	0 		0 		0 		0 	0 			0 		0 		0 		0 		1255 	0 	0 	0 	0 			0 	0 	0 		0 			0 					0 	0 		0 	0 		0 	0 		C 	0 		0 		126 			0 	1381 
Slovak Republic	0 		5855 	4 	3715 	0 	70 	40 		0 	0 	25 	0 		8 	3848 	112 	38 	102 	1893 	9562 	12 	61 	0 	0 		994 	1 	864 	328 	0 	63 	0 		25 	2 	26 	2217 		31 			779 					35 	67 		4 	0 	C 		260 		C 	1579 		0 		361 			C 	32979 
Slovenia	0 		1739 		607 	0 	96 	45 	2 	1 	3 	8 	0 		1 	173 	317 	25 	157 	2130 	4380 	1 	61 	0 	0 		1859 	24 	935 	460 	0 	30 	1 		40 	6 	57 	2548 		C 			470 					99 	83 	51 	3 	0 	C 	388 			205 	176 	3 	0 		894 	5153 		C 	23228 
Solomon Islands	0 		0 			0 	0 			0 	0 		0 		0 		0 	0 			0 		0 		0 		0 			0 	0 	0 	0 			0 	0 	0 		0 			0 					0 	0 		0 	0 		0 	0 		C 	0 	0 	0 		0 			0 	0 
Somalia	0 		0 			0 	0 			0 	0 		0 		0 		0 	0 			0 		0 		0 		0 			0 	0 	0 	0 			0 	0 	0 		0 			0 					0 	0 		0 	0 		0 	0 		C 	0 		0 		0 			0 	0 
South Africa	0 	4 	299 	4 	292 	1 	2 	4381 	14 	35 	81 	3 	2 	0 	1 	4 	1952 	1 	272 	1469 	4866 	7 	8 	2 	8 	1 	9492 	46 	638 	4747 	1 	624 	0 		2 	71 	1 	18380 	0 	C 	2546 		8529 	C 		11 	8 	5 	189 		0 	1185 	C 	1 	19 		C 	3063 	247 	1 		16641 	83618 		C 	163777 
South Sudan	0 		0 			0 	0 			0 	0 		0 		0 		0 	0 			0 		0 		0 		0 			0 	0 	0 	0 			0 	0 	0 		0 			0 					0 	0 		0 	0 		0 	0 		C 			0 		0 			0 	0 
Spain	149 	5 	12662 	123 	30183 	957 	89 	8470 	21 	631 	465 	114 	168 	3 	119 	278 	9237 	66 	6387 	238496 	178205 	7004 	10 	14 	0 	2 	48498 	204 	57519 	32371 	134 	1433 	0 	0 	35 	57 	35 	99316 	1 	578 	1 	481 	65599 	367 		47 	15 	215 	25489 	5 	1 	4118 	C 	2473 	444 	121 		13969 	38 	24 		67883 	161642 	2 	20854 	1097826 
Sri Lanka	0 		31 	10 	2 	0 	0 	35 		0 	292 		0 		0 		321 	0 	31 	83 	294 		0 		10 	1 	303 		129 	106 	0 	2 	0 		1 	0 	0 	3370 	2 	0 	22 		356 				C 	0 	0 		0 	59 	C 	0 	0 		C 	32 	1 	0 		394 	3666 		C 	9550 
St. Kitts and Nevis	0 		0 			2 	0 			0 	0 		0 		0 		0 	0 			0 		0 		0 		0 		0 	0 	0 	0 	0 			0 	0 	0 		0 			0 					0 	0 		128 	0 		0 	0 		C 			0 		0 			0 	130 
St. Lucia	0 		0 			1 	0 		2 	0 	0 		0 		0 		0 	0 			0 		0 		0 		0 			0 	0 	0 	0 			0 	0 	0 		0 			0 					0 	0 		0 	0 		0 	0 		C 	0 		0 		0 	7 		0 	10 
St. Vincent and the Grenadines	0 		1 			0 	0 			0 	0 		0 		0 		0 	0 		0 	0 		13 		0 		0 			0 	0 	0 	0 			0 	0 	1 		0 			0 					0 	0 		0 	0 		0 	0 		C 	141 		0 		0 			0 	157 
Sudan	0 		0 			0 	0 			0 	0 		0 		0 		0 	0 			0 		0 		0 		0 			0 	0 	0 	0 	40 		4 	0 	0 	0 	0 			0 					0 	0 		0 	0 	C 	0 	0 		C 	0 		0 		1 			0 	44 
Suriname	0 		0 			0 	0 			0 	0 		0 		0 		0 	0 			0 		0 		0 		0 			0 	0 	0 	0 			0 	0 	0 		0 			0 					0 	0 		0 	0 		0 	1 		C 	0 		0 		0 			0 	1 
Swaziland	0 		0 			0 	0 			0 	0 		0 		0 		0 	0 			0 		0 		0 		0 			0 	0 	0 	0 			1 	0 	0 	1 	0 			0 					0 	0 		0 	0 		0 	0 	23 	C 	0 		0 		6 			0 	31 
Sweden	0 	2 	5660 	39 	5197 	9 	32 	9179 	43 	130 	1709 	63 	98 	10 	238 	287 	18154 	231 	36072 	43895 	61008 	76 	4 	128 	0 		40469 	81 	5031 	45726 	962 	1245 	0 	0 	387 	4 	89 	76137 	38 	335 	4 	10 	24840 	C 		6 	C 	1155 	703 	1 	5 	1908 	C 	1294 	167 	122 	2553 	26368 	13 	3 		57381 	191449 		24068 	684819 
Switzerland	1 	7 	5216 	11 	5335 	833 	2 	24778 	19 	1569 	1525 	346 	8 	1 	40 	71 	7176 	17 	3631 	28180 	46208 	246 	37 	52 	14 	1 	28149 	665 	8753 	26309 	559 	3615 	0 	111 	18 	160 	3 	78152 	17 	132 	266 	125 	29229 	C 	6 	12 	1 	85 	379 	4 	13 	6119 	C 	15 	137 	695 	5182 		20 	9 	2 	103847 	475812 	873 	5868 	900663 
Syrian Arab Republic	0 		0 			0 	0 			0 	0 		0 		0 		0 	0 			0 		0 		0 		15 			0 	0 	0 	0 	75 		1 	0 	0 		0 			0 					0 	0 		0 	29 		0 	0 		C 	0 		0 		0 			0 	120 
Taiwan Province of China	0 	2 	190 	25 	470 	0 	0 	6406 		2 	5933 	2 	0 	0 	0 	3 	1395 	0 	485 	2938 	2185 		0 	2 	9 	3 	10664 		470 	4887 	0 	1165 	0 			0 	0 	23832 	528 	0 	90 	34 	9246 	C 			C 	C 	14 		0 	2596 	21934 	0 	22 	13 	C 	3101 	4 	0 		50214 	115641 		C 	264506 
Tajikistan	0 		0 			0 	0 			0 	0 		0 		0 		0 	0 			0 		0 		0 		0 			0 	0 	0 	0 			0 	0 	174 		0 			3 					0 	0 		0 	0 		0 	0 		C 	0 		0 		0 			C 	177 
Tanzania	0 		0 			0 	0 			0 	3 		0 		0 		14 	0 	C 	1 	20 		0 		0 		0 		5 	2 	0 	0 	0 			0 	0 	241 		0 	62 		23 					0 	0 		0 	0 		0 	0 	51 	C 	6 		0 		185 			0 	613 
Thailand	0 		176 	2 	160 	0 	0 	2077 	108 	1 	2599 	36 	0 		5 	0 	967 	0 	200 	748 	1837 		1 	1 	23 	32 	4107 		172 	6239 	0 	534 	0 	0 	0 	0 	0 	15662 	868 	0 	402 		4018 	C 		0 	112 	0 	0 		0 	1091 	9516 	0 	5 	10 	C 	1008 		0 		9362 	36178 		C 	98259 
Timor-Leste, Dem. Rep. of	0 		0 			0 	0 			0 	0 		0 		0 		0 	0 			0 		0 		0 		0 			0 	0 	0 	0 			0 	0 	0 		0 			0 					0 	0 		0 	0 	C 	0 	0 		C 	0 		0 		0 			0 	0 
Togo	0 		0 			0 	0 			0 	4 		0 		0 		0 	0 	C 	1 	3 		0 		0 		5 			0 	0 	0 	0 			0 	0 	85 	0 	0 	3 		0 					0 	0 		0 	0 		0 	0 		C 	0 		0 		2 			0 	104 
Tokelau Islands	0 		0 			0 	0 			0 	0 		0 		0 		0 	0 			0 		0 		0 	0 	0 			0 	0 	0 	0 			0 	0 	0 		0 			0 					0 	0 		0 	0 		0 	0 		C 			0 		0 			0 	0 
Tonga	0 		0 			0 	0 			0 	0 		0 		0 		0 	0 			0 		0 		0 		0 			0 	0 	0 	0 			0 	0 	0 		0 			0 					0 	0 		0 	0 		0 	0 		C 	0 		0 		0 			0 	0 
Trinidad and Tobago	0 		26 			0 	0 	37 	50 	3 	0 		0 		0 		57 	0 	C 	0 	171 		0 		0 		1 		3 	114 	0 	6 	0 			0 	0 	100 		0 			63 			25 		0 	0 		0 	13 		0 	0 		C 	4 		0 		76 	1042 		C 	1791 
Tunisia	0 		59 		8 	0 	0 	1 		0 	6 		0 		22 		13 	0 		420 	213 		0 		0 		191 		101 	998 	0 	0 	0 	21 	1 	0 	0 	30 	0 	C 	19 		49 					0 	0 		0 	45 		0 	0 		C 	4 		0 		60 	641 		C 	2902 
Turkey	0 	2 	1482 	60 	327 	0 	172 	1281 	134 	6 	303 	2 	0 	3 	9 	145 	1994 	75 	777 	2828 	7308 	990 	81 	0 	0 	3 	7016 	65 	1305 	5929 	0 	327 	0 	259 	29 	94 	26 	17858 	169 	18795 	126 		5794 	19 	20 	12 	C 	1034 	20 	246 	1 	2403 	C 	64 	46 	35 	C 	1942 	2593 			17296 	45678 		C 	147185 
Turkmenistan	0 		0 			0 	0 			0 	0 		0 		0 		0 	0 			0 		0 		0 		0 			0 	0 	0 	0 			0 	0 	0 		0 			0 					0 	0 		0 	0 		0 	0 		C 	0 		0 		9 			C 	9 
Turks and Caicos Islands	0 		0 			225 	0 			0 	0 		0 		0 		0 	0 		5 	0 		0 		0 		0 		2 	3 	0 	12 	0 			0 	0 	7 		0 			0 					0 	0 		0 	0 		0 	0 		C 	54 		0 		0 	117 		0 	426 
Tuvalu	0 		0 			0 	0 			0 	0 		0 		0 		0 	0 			0 		0 		0 		0 			0 	0 	0 	0 			0 	0 	0 		0 			0 					0 	0 		0 	0 		0 	0 		C 	0 		0 		0 			0 	0 
Uganda	0 		0 			0 	0 			0 	5 		0 		1 		0 	0 	C 		0 		0 		0 		7 			2 	0 	0 	0 			0 	0 	76 		0 	36 		0 					0 	0 		0 	0 	C 	0 	0 	31 	C 	0 		0 		95 	203 		0 	455 
Ukraine	0 		86 	2 	3 	2 	10 	208 		0 	8 		0 		15 	1 	430 	4 	17 	272 	145 	112 	1 	1 	0 		609 	2 	238 	89 	0 	21 	0 		10 	2 	25 	4219 		0 	1 		586 			0 		C 	0 	6 	3008 	136 	C 	14 	0 		C 	75 		7 		569 	7394 		C 	18328 
United Arab Emirates	0 		318 	26 	247 	0 	4 	530 	4 	5 	1388 	162 	0 		6 	4 	257 	29 	204 	1656 	3384 	7 	0 	0 	2 	2 	2264 		412 	1317 	1 	216 	0 	2420 	2 	365 	2 	6309 	662 	C 	112 		1472 	2 	50 	2 	C 	C 	20 		0 	8335 	C 	0 	5 	2 	C 	7019 	303 	1 		3835 			C 	43364 
United Kingdom	21 	34 	18466 	253 	33592 	258 	1401 	91761 	467 	5103 	61507 	901 	402 	132 	762 	524 	27936 	133 	22964 	277315 	232959 	31463 	96 	1444 	7 	203 	466157 	5720 	70360 	194009 	4610 	13641 	0 	828 	247 	669 	97 	301530 	3581 	3297 	1482 	354 	139107 	4122 	13 	51 	132 	455 	11004 	430 	3752 	13929 	40983 	1911 	497 	79418 	34846 	90576 	363 	70 	49 		1420654 		147255 	3866299 
United States	22092 	356 	27824 	365 	46827 	10661 	526 	672163 	13757 	61203 	93217 	1846 	17217 	547 	183 	2240 	105024 	228 	40034 	261884 	280604 	1464 	1451 	2696 	634 	3276 	616259 	62014 	71465 	1243819 	46230 	72819 	168 	1625 	1266 	1866 	151 	817105 	19549 	1096 	1427 	47919 	414875 	19010 	11 	6189 	2298 	2398 	8892 	258 	2042 	61030 	250410 	825 	1453 	21729 	24853 	222505 	5012 	227 	51 	976965 		6141 	2262858 	8963134 
Uruguay	3 		38 		3 	44 	0 	88 		69 	13 		0 	7 	0 		324 	0 	50 	14 	679 		0 		0 		333 		79 	808 	0 	0 	0 		0 	0 	0 	4570 		C 			479 					0 	0 		0 	95 	C 	0 	0 		C 	63 	1 	0 		397 	3349 		C 	11506 
US Pacific Islands	0 		0 			0 	0 			0 	0 		0 		0 		0 	0 			0 		0 		0 					0 	0 	0 	0 			0 	0 	18 		0 	7 		0 					0 	0 		0 	0 		0 	0 		C 			0 		0 			0 	24 
US Virgin Islands	0 		0 			10 	0 			2 	59 		0 		0 		1 	0 	C 	0 	0 		0 		0 		18 	25 	0 	358 	0 	0 	0 			0 	0 	14 	28 	0 			3 					0 	0 		0 	0 	C 	0 	0 	24 	C 			0 		256 			C 	798 
Uzbekistan	0 		0 			0 	0 			0 	0 		0 		0 		0 	0 			0 		0 		0 		4 			0 	0 	4 	0 			0 	0 	3 		0 			0 					0 	0 		0 	0 		0 	0 		C 	0 		0 		0 			C 	11 
Vanuatu	0 		0 			0 	0 			0 	0 		0 		0 		0 	0 			0 		0 		0 		0 			0 	0 	0 	0 			0 	0 	0 		0 			0 					0 	0 		0 	0 		0 	0 		C 	0 		0 		0 			0 	0 
Vatican	0 		0 			0 	0 			0 	0 		0 		0 		0 	0 			0 		0 		0 		0 			0 	0 	0 	0 			0 	0 	0 		0 			0 					0 	0 		0 	0 		0 	0 		C 	0 		0 		0 			0 	0 
Venezuela, Republica Bolivariana de	0 	6 	208 		27 	3 	0 	224 	143 	2 	32 		49 	3 	1 	1 	1045 	1 	36 	622 	1456 	14 	0 		0 		2561 	2 	1662 	368 	0 	100 	0 		6 	83 	1 	4416 		3 			1267 		3 	181 		C 	80 	0 	93 	298 	C 	8 	0 		C 	815 	11 	19 		840 	12174 		C 	28864 
Vietnam	0 		14 	4 	18 	0 	0 	32 		0 	750 		0 		0 	0 	97 	0 	261 	150 	180 		0 		0 	1 	186 		35 	215 	0 	353 	0 		2 	0 	0 	1080 	24 	0 	64 		83 					C 	0 		0 	27 	589 	0 	0 		C 	80 	9 	0 		961 	2512 		C 	7726 
Virgin Islands, British	0 		194 		525 	461 	1 	2284 	465 	1122 	10887 	966 	1 	0 	6 	5 	420 	14 	767 	1711 	3203 	11 	2 	0 	1 	1 	3443 	12 	496 	3903 	4 	597 	0 	9 	8 	5 	4 	13726 	974 	13 	1235 		1825 	C 	12 	23 	C 	13 	120 	C 	40 	39 	3303 	5 	1 	1611 	578 		148 	0 		6356 	72094 		C 	133643 
Wallis and Futuna	0 		0 			0 	0 			0 	0 		0 		0 		0 	0 			0 		0 		0 		0 			0 	0 	0 	0 			0 	0 	0 		0 			0 					0 	0 		0 	0 		0 	0 		C 	0 		0 		0 			0 	0 
West Bank and Gaza	0 		0 			0 	0 			0 	0 		0 		0 		0 	0 			0 		0 		0 		0 			0 	0 	0 	0 			0 	0 	75 		0 			0 					0 	0 		0 	0 		0 	0 		C 	0 		0 		1 			0 	76 
Western Sahara	0 		0 			0 	0 			0 	0 		0 		0 		0 	0 			0 		0 		0 		0 			0 	0 	0 	0 			0 	0 	0 		0 			0 					0 	0 		0 	0 		0 	0 		C 			0 		0 			0 	0 
Yemen, Republic of	0 		0 			0 	0 			0 	0 		0 		0 		0 	0 			0 		0 		0 	1 	0 			0 	0 	0 	0 	9 		0 	0 	0 		0 			0 					0 	0 		0 	0 		0 	0 		C 	0 		0 		0 			0 	10 
Zambia	0 		25 			0 	0 			0 	0 		0 		-2 		58 	0 	15 	40 	134 		0 		0 		8 		20 	11 	0 	0 	0 		0 	0 	0 	417 		0 	14 		93 					0 	0 		0 	0 		0 	0 	63 	C 	11 		0 		390 	411 		0 	1707 
Zimbabwe	0 		0 			0 	0 	2 		0 	0 		0 		1 		6 	0 		1 	4 		0 		0 		100 			0 	0 	0 	0 			0 	0 	101 		0 	265 		0 					0 	0 		0 	0 		0 	0 	81 	C 	0 		0 		0 	159 		0 	722 
Not Specified (including Confidential)	28 		0 	81 	2417 	0 	0 	127 		8148 	1396 		0 	2 	0 	0 	447 	43 	489 	381 	0 		0 	49 	0 	5515 	70738 	13991 	4420 	37 	0 	637 	0 	661 		23 	0 	564 	120 	92621 	1188 	6188 	27614 	19998 		136 	559 	227 	774 	39 	11318 	172 	237654 	0 		303 	29534 	82810 	3985 	7 		164085 	178657 	859 	135818 	1104856 
International Organizations	0 	2 	10395 		14773 	0 	49 	2198 	64 	0 	5817 	182 	734 		2397 	796 	2735 	323 	3747 	90393 	125693 	1243 	8 	2 	0 		16448 		40235 	102701 	1137 	405 	0 		399 	0 	170 	29797 		802 	0 	68 	9733 	111 			102 	157 	1686 	100 	0 	1128 		464 	0 	12 	42418 	31390 		0 		122462 	20874 	59 	252731 	937137 
World	23459 	588 	369329 	2364 	758850 	29217 	7108 	1148216 	42588 	143527 	1136169 	52110 	25142 	1235 	17364 	28361 	442557 	8250 	371637 	3052170 	3292572 	153568 	9135 	11270 	1684 	15285 	2443252 	104296 	1198527 	3542066 	80250 	193329 	1749 	15973 	9614 	6275 	4451 	3713047 	66068 	127521 	107895 	57518 	1956618 	78785 	483 	10084 	6496 	22735 	163882 	3072 	61940 	186430 	965050 	29029 	15619 	175723 	525843 	1355393 	35137 	1334 	187 	4076675 	10008738 	8257 	4429392 	46932488 