COUNTRY	Argentina	Aruba	Australia	Austria	Bahamas, The	Bahrain, Kingdom of	Barbados	Belgium	Bermuda	Bolivia	Brazil	Bulgaria	Canada	Cayman Islands	Chile	China, P.R.: Hong Kong	China, P.R.: Macao	Colombia	Costa Rica	Curacao and Sint Maarten	Cyprus	Czech Republic	Denmark	Egypt	Estonia	Finland	France	Germany	Gibraltar	Greece	Guernsey	Hungary	Iceland	India	Indonesia	Ireland	Isle of Man	Israel	Italy	Japan	Jersey	Kazakhstan	Korea, Republic of	Kosovo	Kuwait	Latvia	Lebanon	Lithuania	Luxembourg	Malaysia	Malta	Mauritius	Mexico	Mongolia	Netherlands	New Zealand	Norway	Pakistan	Panama	Philippines	Poland	Portugal	Romania	Russian Federation	Saudi Arabia	Singapore	Slovak Republic	Slovenia	South Africa	Spain	Sweden	Switzerland	Thailand	Turkey	Ukraine	United Kingdom	United States	Uruguay	Venezuela, República Bolivariana de	SEFER + SSIO (**)	Value of Total Investment
Afghanistan, Islamic Republic of	0 		0 	0 			0 		0 		0 	0 		12 	0 	0 		0 			0 		0 		0 			0 		0 	0 	0 		0 	0 	0 	0 			0 		0 	0 	0 			0 		0 					0 	0 		6 				0 	0 		0 	0 		0 	0 			0 	0 		0 		0 	0 			0 	18 
Albania	0 		C 	3 			0 	0 	0 		0 	7 			0 	0 		0 			0 		5 		1 		3 	41 		4 	0 	0 		0 	0 	0 	0 		59 	0 		0 	0 	0 			0 	0 	102 					0 	6 						C 	0 	C 	0 	0 		0 	0 			0 	4 		0 		33 	230 			C 	498 
Algeria	0 		0 	0 			0 		0 		0 	0 			1 	12 		0 			2 		3 	4 	0 		339 	0 		0 	0 	0 		0 	0 	0 	0 			0 		0 	5 	0 	163 		0 		0 			5 		0 	0 		0 				0 	16 		0 	0 		0 	0 			0 	0 		0 		7 				0 	557 
American Samoa	0 		0 	0 			0 		0 		0 	0 			0 	0 		0 			0 	0 	0 		0 			0 		0 	0 	0 		0 	0 	0 	0 			0 		0 	0 	0 			0 		0 					0 	0 		22 				0 	0 		0 	0 		0 	0 			0 			0 		0 				C 	22 
Andorra	0 		0 	0 			0 		0 		1 	0 			1 	0 		0 			0 		0 		0 		0 	0 		0 	0 	0 		0 	0 	0 	0 			0 		0 	0 	0 			0 		9 					0 	0 		0 		3 		0 	0 		0 	0 		0 	0 		C 	0 	4 		0 		-9 	1 	0 		0 	11 
Angola	0 		C 	0 			0 		68 		0 	0 			0 	0 		0 			7 		3 		0 			0 		0 	10 	0 		0 	0 	18 	0 			4 	48 	0 	0 	0 			0 		10 			9 		0 	0 		5 				0 	435 		0 	16 		0 	0 	92 		0 	0 		0 		132 	0 			0 	856 
Anguilla	0 		0 	0 			0 	0 	0 		0 	0 			0 	0 		0 			0 		0 		0 		8 	0 		0 	0 	0 		0 	0 	0 	0 	1 		0 		0 	0 	0 			0 		0 					0 	0 		0 				0 	0 		0 	0 		0 	0 			1 			0 		198 	661 			0 	869 
Antigua and Barbuda	0 		C 	0 			0 	1 	0 		0 	0 			0 	0 		0 		1 	0 	0 	0 		0 	C 	6 	1 		0 	0 	0 		0 	0 	0 	0 		1 	3 		0 	0 	0 			0 		2 	0 				0 	0 						0 	0 		0 	0 	C 	0 	0 		C 	0 			0 		0 	134 			0 	150 
Argentina			16 	130 	147 	1 	364 	38 	24 		409 	0 	126 		284 	33 		5 	0 	9 	1 	1 	356 		0 	9 	177 	913 		3 	112 	0 	0 	0 	0 	247 	1 	1 	3439 	236 	160 	4 	15 	0 		2 	12 	0 	2289 			14 	62 	0 	394 		39 		19 	C 	C 	0 		1 	97 	17 	0 	0 	11 	C 	17 	217 		3 		1931 	9067 	107 	76 	C 	21637 
Armenia, Republic of	0 		0 	1 			0 		0 		0 	3 			0 	0 		0 			0 		57 		0 	C 	21 	88 		0 	4 	0 		0 	0 	0 	0 		6 	7 		0 	32 	0 		1 	0 		324 					0 	48 						0 	0 		0 	0 		0 	0 			0 	9 	0 	0 		20 	221 			C 	842 
Aruba	0 		0 	17 	52 		5 		0 		0 	0 	17 	14 	0 	0 		42 		237 	0 		3 		0 			0 		0 	41 	0 		0 	0 	0 	0 		5 	41 		0 	1 	0 			0 		19 					0 	10 						0 	0 		0 	0 		0 	0 			3 	1 		0 		4 	172 			C 	683 
Australia	1 	7 		2532 		366 	1071 	4657 	6365 	1 	7 	49 	23124 	393 	353 	27064 	418 	55 	5 	54 	10 	26 	2182 		1 	1968 	31733 	32465 	31 	94 	1320 	6 	33 	13 	65 	31974 	285 	245 	4610 	133386 	1884 	1988 	3846 	0 		32 	88 	10 	44040 	1973 	364 	138 		34 	23789 	23587 	23993 	5 	14 	99 	1 	474 	C 	0 	1868 	28610 	185 	336 	293 	C 	6301 	30029 	1212 	7 		91238 	337805 	95 	2 	72305 	1003618 
Austria	0 	1 	1234 		1 	13 	2 	14413 	542 		7 	133 	1028 	8 	139 	464 	33 	124 	0 	9 	83 	3234 	2085 		60 	3066 	66342 	115174 	8 	506 	450 	638 	2 	0 	0 	9303 	5 	117 	18922 	16625 	2233 	513 	226 	42 		15 	5 	33 	29783 	104 	444 	0 		0 	40962 	C 	5396 	1 		C 	1067 	1923 	580 	51 	291 	C 	1368 	970 	105 	6175 	894 	32033 	3 	1 		17018 	18777 	8 		32401 	448196 
Azerbaijan, Republic of	0 	0 	0 	8 			0 		0 		0 	0 	14 		0 	0 		0 			0 		76 		0 	C 	4 	143 		0 	13 	0 		0 	0 	0 	0 		12 	22 	13 	0 	12 	0 		3 	0 		496 			5 		0 	125 		1 				0 	0 		0 	40 		0 	0 			1 	8 		5 		434 	231 			C 	1668 
Bahamas, The	0 		0 	44 		5 	358 	12 	1 		914 	0 	179 	29 	115 	109 	17 	0 	0 	179 	0 	0 	307 		0 	80 	65 	84 	3 	0 	194 	1 		0 	0 	211 	1 		38 	1771 	734 	0 	10 	0 			0 	0 	832 	5 				0 	57 		94 		0 	6 	0 	0 		0 	25 	C 	0 	0 		C 	28 	3091 	91 	0 		359 	5646 	0 		C 	15696 
Bahrain, Kingdom of	0 		C 	11 			0 	6 	0 		0 	0 	10 		0 	52 	0 	0 			6 		11 	22 	1 	C 	87 	276 		3 	55 	0 		0 	0 	68 	0 		28 	34 	249 	0 	16 	0 	4450 		361 	1 	269 	140 		4 		0 	131 	C 	45 	11 			0 	0 	C 	0 	1184 	C 	0 	0 		C 	0 	49 	13 	0 		317 		0 		C 	7912 
Bangladesh	0 		C 	0 		2 	0 		0 		0 	0 			0 	500 		0 	0 		0 		105 	1 	0 			0 		0 	3 	0 		0 	3 	22 	0 			0 		0 	0 	0 	34 		0 		154 	7 		73 		0 	3 		7 				0 	0 		0 	2 		0 	0 			2 	5 		0 		416 	245 			0 	1584 
Barbados	0 	1 	C 	29 				1 	4596 		0 	0 	46 	3 	0 	0 		0 			0 		5 		0 	C 	7 	12 		0 	18 	0 		0 	0 	15 	0 	1 	6 	16 		0 	0 	0 			0 		321 					0 	15 		0 		7 		0 	0 		0 	0 		0 	0 		C 	0 	7 		0 		48 	1831 	0 		C 	6987 
Belarus	0 		0 	10 			0 	0 	0 		0 	6 			0 	5 		0 			3 	0 	22 		0 	C 	23 	81 		0 	32 	0 	0 	0 	0 	0 	0 		69 	23 		0 	0 	0 		4 	0 	1 	298 					0 	44 						0 	0 	C 	3 	0 	C 	0 	0 		C 	0 	26 		2 		39 	312 			C 	1004 
Belgium	0 	2 	1325 	6697 		16 	4 		2184 	0 	455 	98 	2452 	208 	181 	611 	21 	0 	20 	3 	191 	2245 	2925 	19 	365 	3417 	135185 	57503 	36 	1680 	244 	415 	2 	2 	1 	31588 	6 	177 	10176 	27111 	155 	130 	578 	76 	110 	5 	53 	19 	58196 	1 	179 	4 		0 	37109 	C 	8208 	0 	0 		C 	2373 	0 	6 	1074 	C 	400 	521 	217 	5831 	2102 	8368 	23 	1 		30662 	64841 	9 		37444 	546260 
Belize	0 		0 	3 			1 	0 	0 		4 	0 	7 	1 	0 	0 		0 	2 		0 		20 		0 	C 	8 	1 		0 	0 	0 		0 	0 	0 	0 		1 	3 		0 	0 	0 			0 		26 			20 		0 	4 						0 	0 		0 	1 		0 	0 		C 	0 	1 		0 		0 	96 			0 	198 
Benin	0 		0 	0 			0 		0 		0 	0 			0 	0 		0 			0 		3 		0 		0 	0 		0 	0 	0 		0 	0 	0 	0 			0 		0 	0 	0 			0 		6 			0 		0 	0 						0 	0 		0 	0 		0 	0 			0 	0 		0 		0 	0 			0 	9 
Bermuda	0 	2 	4266 	288 	13 	83 	367 	1190 			2999 	2 	10174 	5 	14 	108339 	848 	0 	0 	56 	9 	76 	1807 		10 	1264 	2699 	3224 	7 	15 	2910 	7 	19 	225 	21 	7527 	694 	24 	511 	26198 	132 	50 	590 	0 	21 	6 	15 	3 	24740 	422 		1081 		0 	7509 	C 	4796 	0 	17 	29 	1 	19 	6 	256 	38 	8343 	0 	2 	9647 	C 	2173 	4984 	24 	2 		12084 	211126 	82 		C 	464093 
Bhutan	0 		0 	0 			0 		0 		0 	0 			0 	0 		0 			0 		0 		0 		0 	0 		0 	0 	0 		0 	0 	0 	0 			0 		0 	0 	0 			0 		0 					0 	0 		12 				0 	0 		0 	0 		0 	0 		C 	0 	0 		0 		2 	0 			0 	14 
Bolivia	0 		0 	3 			0 		0 		1 	0 		2 	6 	0 		0 			0 		70 		0 	C 		62 		0 	7 	0 		0 	0 	57 	0 		8 	22 	2 	0 	0 	0 			0 		115 					0 	50 						0 	0 		0 	0 	C 	0 	0 			1 	1 		0 		15 	191 	2 		0 	615 
Bonaire, Sint Eustatius and Saba	0 		0 	0 			0 		0 		0 	0 			0 	0 		0 			0 		0 		0 			0 		0 	0 	0 		0 	0 	0 	0 			0 		0 	0 	0 			0 		155 					0 	0 						0 	0 		0 	0 		0 	0 		C 	0 	255 		0 		118 	0 	0 		0 	527 
Bosnia and Herzegovina	0 		0 	7 			0 		0 		0 	0 			0 	0 		0 			0 		30 		0 	C 	0 	8 		0 	14 	0 	0 	0 	0 	23 	0 		-1 	0 		0 	0 	0 	24 		0 	1 	252 					0 	7 						0 	0 	C 	0 	0 		0 	37 			0 	0 		0 		0 	89 			C 	492 
Botswana	0 		C 	0 			0 		131 		0 	0 			0 	0 		0 		0 	0 		7 		0 	C 	4 	0 		0 	3 	0 		0 	0 	26 	0 			0 		0 	0 	0 			0 		143 			58 		0 	1 		0 				0 	0 		0 	0 		0 	0 	64 		0 	0 		0 		26 	69 			0 	534 
Brazil	417 	6 	3972 	506 	6239 	1340 	25 	702 	1454 	12 		6 	11870 	19153 	1776 	147 	18 	400 	34 	19 	5 	18 	3436 		5 	523 	7436 	7047 	7 	11 	2260 	6 	2 	1 	1 	14367 	55 	151 	1581 	19413 	637 	6 	7020 	0 		4 	22 	1 	49514 	2 		4 	1589 	0 	13321 	C 	12244 	11 	512 	C 	2 	993 	1 	3 	2117 	C 	27 	105 	525 	C 	2128 	4634 	3340 	9 		86355 	179870 	318 	3 	C 	469736 
British Indian Ocean Territory	0 		0 	0 			0 		0 		0 	0 			0 	0 		0 			0 		0 		0 			0 		0 	0 	0 		0 	0 	0 	0 			0 		0 	0 	0 			0 		0 					0 	0 		3 				0 	0 		0 	0 		0 	0 			0 			0 		0 	16 			C 	18 
Brunei Darussalam	0 		C 	0 			0 		0 		1 	0 			0 	0 		0 			0 		0 		0 		23 	0 		0 	0 	0 		0 	0 	0 	0 			0 		0 	0 	0 			0 		0 	0 				0 	0 						0 	0 		0 	0 	C 	0 	0 		C 	0 	0 		0 		2 	0 			0 	26 
Bulgaria	0 		0 	399 		27 	0 	43 	0 		0 		2 		0 	0 		0 		1 	34 	6 	64 		15 	26 	455 	454 		281 	75 	17 	0 	0 	0 	3 	0 		52 	8 	2 	0 	0 	0 		16 	0 	8 	392 	0 				0 	204 						16 	0 	39 	0 	0 	C 	35 	3 		C 	3 	24 		0 		915 	173 	0 		C 	3790 
Burkina Faso	0 		0 	0 			0 		0 		0 	0 			0 	0 		0 			0 		0 		0 		22 	0 		0 	0 	0 		0 	0 	0 	0 			0 		0 	0 	0 			0 		0 					0 	0 						0 	0 		0 	0 		0 	0 			0 	0 		0 		0 	1 			0 	23 
Burundi	0 		0 	0 			0 		0 		0 	0 			0 	0 		0 			0 	0 	11 		0 		10 	4 		0 	0 	0 		0 	0 	0 	0 		18 	0 		0 	0 	0 			0 		69 					0 	0 						0 	0 		0 	0 		0 	0 		C 	0 	0 		0 		3 	0 			0 	115 
Cambodia	0 		0 	1 			0 		0 		0 	0 			0 	3 		0 			0 		0 		0 			0 	7 	0 	2 	0 		0 	0 	0 	0 			0 		0 	1 	0 			0 		324 	0 				0 	7 		4 				0 	0 		0 	0 		0 	0 			0 	0 	1 	0 		7 	0 			0 	357 
Cameroon	0 		0 	0 			0 	0 	0 		0 	0 			0 	0 		0 			0 		0 		0 		403 	15 		0 	0 	0 		0 	0 	0 	0 			0 		0 	0 	0 			0 		15 	0 		4 		0 	0 						C 	0 		0 	0 		0 	0 			0 	0 		0 		85 	2 			0 	524 
Canada	2 	6 	17240 	1978 	2 	51 	2168 	3072 	10866 	0 	39 	2 		266 	941 	10252 	201 	379 	63 	58 	25 	40 	3180 		8 	1517 	15054 	25500 	48 	97 	2815 	38 	295 	1 	1 	24413 	191 	119 	2800 	55465 	1135 	2019 	2689 	0 	38 	257 	34 	3 	44160 	23 		191 	28 	11 	14976 	947 	27050 		73 	15 	93 	243 	15 	537 	3739 	12552 	128 	50 	525 	C 	8539 	30647 	119 	4 		48593 	825947 	148 		103399 	1308115 
Cabo Verde	0 		0 	0 			0 		0 		0 	0 			0 	0 		0 			0 		0 		0 			0 	2 	0 	0 	0 		0 	0 	0 	47 			0 		0 	0 	0 			0 		0 			1 		0 	0 						0 	80 		0 	0 		0 	0 			0 	0 		0 		0 	0 			0 	131 
Cayman Islands	0 	5 	21744 	3704 	302 	1119 	1217 	2510 	20070 		1846 	2 	18746 		665 	256704 	2221 	257 	17 	29233 	111 	31 	9254 	322 	39 	12131 	20535 	26039 	130 	392 	15758 	16 	28 	0 	503 	32886 	1916 	185 	4052 	530230 	7526 	32 	4913 	0 	1574 	16 	149 	5 	75095 	1151 		298 	94 	0 	22428 	C 	6956 	13 	171 	292 	11 	3303 	0 	27 	1307 	9508 	75 	22 	395 	C 	10385 	41445 	729 	302 		98022 	901140 	132 		C 	2202436 
Central African Republic	0 		C 	0 			0 		0 		0 	0 			0 	0 		0 			0 		0 		0 		0 	0 		0 	0 	0 		0 	0 	0 	0 			0 		0 	0 	0 			0 		0 					0 	0 						0 	0 		0 	0 		0 	0 			0 	0 		0 		0 	0 			0 	0 
Chad	0 		0 	0 			0 		0 		0 	0 			0 	0 		0 			0 	0 	0 		0 			0 		0 	0 	0 		0 	0 	0 	0 			0 		0 	0 	0 			0 		0 					0 	0 						0 	0 		0 	0 		0 	0 			0 	0 		0 		0 	0 			0 	0 
Chile	4 	1 	425 	98 	12 	161 	11 	92 	775 	11 	345 	0 	1069 	99 		429 	16 	1630 	1 	32 	0 	1 	486 		0 	80 	586 	1769 	38 	0 	155 	0 	0 	1 	0 	1000 	0 	1 	139 	1057 	181 	0 	216 	0 		1 	2 	4 	5514 	0 			4 		1601 	C 	1581 	0 	207 	C 	C 	0 		0 	408 	C 	1 	4 	0 	C 	302 	2299 	61 	0 		5494 	26635 	98 	1 	C 	55138 
China, P.R.: Hong Kong	0 	3 	7579 	519 		158 	138 	469 	855 		8 	15 	8315 	130 	62 		14493 	0 	0 	48 	3 	20 	2116 		1 	702 	15553 	4006 	7 	6 	683 	6 	12 	51 	355 	14192 	404 	206 	611 	16366 	547 	1121 	8055 	0 	27 	3 	5 	0 	36984 	3250 		342 		287 	11093 	358 	7257 		7 	214 	1 	28 		1 	3819 	30546 	0 	50 	53 	C 	4196 	4956 	3720 	1 		53972 	140162 	0 		C 	399147 
China, P.R.: Macao	0 		C 	0 	5 		0 		0 		0 	0 			0 	792 		0 			0 	0 	0 		0 			0 	3 	0 	0 	0 		0 	0 	0 	1 			0 		6 	155 	0 			0 		51 					0 	0 						0 	337 		0 	0 	C 	0 	0 			23 	1 	328 	0 		150 	0 			C 	1853 
China, P.R.: Mainland	25 	2 	4617 	439 		144 	0 	549 	1650 		1 	0 	12690 	24 	41 	356423 	22324 	0 	5 		0 	19 	1364 	4 	6 	661 	12246 	4546 	2 	4 	2574 	1 	1 	1 	1073 	14828 	232 	47 	777 	10366 	585 	58 	7881 	0 	100 	3 	3 	1 	36890 	675 		3077 	7 	3 	10416 		10226 	1 	3 	207 	1 	29 		3 	3577 	69514 	0 	115 	196 	C 	2080 	2863 	619 	0 		50311 	103327 	1 		C 	750456 
Christmas Island	0 		0 	0 			0 		0 		0 	0 			0 	0 		0 			0 		0 		0 			0 		0 	0 	0 		0 	0 	0 	0 			0 		0 	0 	0 			0 		0 					0 	0 						0 	0 		0 	0 		0 	0 		C 	0 			0 		0 				0 	0 
Cocos (Keeling) Islands	0 		0 	0 			0 		0 		0 	0 			0 	0 		0 	0 		0 		0 		0 			0 		0 	0 	0 		0 	0 	0 	0 			0 		0 	2 	0 			0 		0 					0 	0 						0 	0 		0 	0 		0 	0 			0 			0 		0 				0 	2 
Colombia	0 	1 	185 	70 	22 	13 	64 	73 	1022 	11 	6 	0 	551 	287 	318 	7 			18 	15 	0 	0 	715 		0 	54 	363 	2022 		0 	180 	0 		0 	0 	983 	0 		228 	1314 	153 	1 	92 	0 		1 	0 	0 	4866 	0 		15 		0 	1887 		850 		806 	C 	0 	0 		0 	386 	C 	1 	1 		C 	125 	537 	2 	0 		5260 	19656 	135 	3 	C 	43301 
Comoros	0 		0 	0 			0 		0 		0 	0 			0 	0 		0 			0 		0 		0 			0 		0 	0 	0 		0 	0 	0 	0 			0 		0 	0 	0 			0 		0 					0 	0 						0 	0 		0 	0 		0 	0 			0 	0 		0 		0 	0 			0 	0 
Congo, Democratic Republic of	0 		0 	0 			0 	8 	0 		0 	0 			0 	0 		0 			0 		0 		0 		281 	0 		0 	1 	0 		0 	0 	0 	0 			0 		0 	0 	0 			0 		13 			3 		0 	0 						0 	0 		0 	0 		0 	0 			0 	0 		0 		41 	0 			0 	346 
Congo, Republic of	0 		0 	0 			0 	3 	0 		0 	0 			0 	0 		0 			0 		6 		0 		29 	7 		0 	0 	0 		0 	0 	0 	0 		0 	3 		0 	0 	0 			0 		31 					0 	7 						0 	0 		0 	0 		0 	0 			0 	0 		0 		74 	252 			0 	414 
Cook Islands	0 		0 	0 			0 		0 		0 	0 			0 	0 		0 			0 		0 		0 		0 	0 		0 	0 	0 		0 	0 	0 	2 			0 		0 	0 	0 			0 		0 					0 	0 						0 	0 		0 	0 	C 	0 	0 			0 			0 		0 	1 			0 	3 
Costa Rica	0 		C 	12 	23 		11 	0 	28 		1 	0 	25 	21 	5 	0 		10 			0 	1 	121 		0 	15 	8 	309 		0 	20 	0 		0 	0 	18 	0 		35 	46 	104 	0 	4 	0 			0 		763 					0 	237 		12 	0 	205 		0 	0 		0 	56 	C 	0 	0 		C 	0 	22 	0 	0 		47 	1432 	0 		C 	3595 
Cote d'Ivoire	0 		C 	8 		23 	0 	0 	0 		0 	0 	20 		0 	264 		0 	2 		0 		121 		0 	C 	167 	97 		0 	53 	0 		0 	0 	1 	0 		5 	55 	12 	0 	0 	0 			1 		687 	0 		21 		0 	79 						0 	0 		0 	21 	C 	0 	0 	29 		1 	543 		0 		257 	789 			C 	3254 
Croatia	0 	0 	C 	823 			0 	41 	23 		0 	243 	69 	4 	0 	0 		0 			-2 	14 	495 		13 	76 	1637 	1481 	2 	19 	66 	46 	0 	0 	0 	232 	0 		490 	115 	152 	0 	3 	0 		33 	10 	47 	2488 		4 	1 		0 	619 		69 				33 	0 	52 	0 	104 	C 	173 	47 		C 	3 	137 		0 		430 	2763 	0 		C 	13058 
Cuba	0 		C 	0 			0 		0 		0 	0 			0 	0 		0 		0 	0 		0 		0 		0 	0 		0 	8 	0 	0 	0 	0 	0 	0 			0 		0 	0 	0 			0 		0 					0 	0 		0 				0 	0 		0 	0 		0 	0 			0 	0 		0 		2 	0 	190 	10 	0 	210 
Curacao	0 	5 	0 	561 			10 	1738 	74 		0 	11 	1837 	8 	1 	16 	2 	0 	0 		9 	305 	379 		1 	67 	31213 	1862 	2 	7 	6 	74 		0 	0 	1411 	0 		625 	7038 	26 	77 	0 	0 		1 	2 	3 	4478 	0 		0 		0 	1411 		17 				C 	82 	C 	1 	0 	C 	39 	49 		934 	86 	4604 		0 		125 	86090 	0 		C 	145289 
Curacao & St. Maarten																																																																																	
Cyprus	0 	0 	27 	221 			0 	325 	0 		1 	0 	69 	4 	0 	21 		0 				72 	154 		32 	98 	403 	266 	3 	146 	2800 	4 	0 	5 	0 	102 	1 		67 	81 	56 	24 	18 	0 		14 	1 	7 	2389 	33 		36 		0 	259 		455 				135 	8 	32 	2917 	0 	21 	125 	2 	0 	C 	190 	137 		0 	66 	931 	3297 	0 		C 	16055 
Czech Republic	0 	1 	164 	4002 			2 	2102 	0 		0 	472 	155 		1 	42 		0 			7 		167 		41 	148 	3423 	8396 	3 	7 	101 	51 	1 	0 	0 	998 	0 	1 	1105 	941 	609 	15 	39 	0 		17 	0 	73 	3328 	0 	30 			0 	2619 		1219 				879 	17 	10 	0 	17 	C 	1337 	194 	1 	C 	89 	1190 	1 	0 		6672 	3517 	0 		C 	44202 
Denmark	0 	2 	1492 	2884 		38 	75 	2613 	269 	1 	1698 	35 	3825 	5 	85 	551 	48 	1 		8 	16 	17 			97 	30310 	18616 	34966 	226 	19 	9013 	7 	78 	0 	0 	6799 	477 	65 	2773 	9641 	1749 	849 	423 	10 	10 	37 	6 	125 	22205 	9 	25 	309 		0 	10531 	153 	24205 		1 	C 	13 	453 		0 	959 	C 	329 	56 	34 	C 	23696 	10263 	5 	1 		24796 	61460 	1 		17491 	326951 
Djibouti	0 		0 	0 			0 		0 		0 	0 			0 	0 		0 			0 		0 		0 			0 		0 	0 	0 		0 	0 	0 	0 			0 		0 	0 	0 			0 		0 					0 	0 						0 	0 		0 	0 		0 	0 			0 	0 		0 		0 	0 			0 	0 
Dominica	0 		0 	0 			0 		0 		0 	0 			0 	0 		0 			0 		0 		0 			0 		0 	0 	0 		0 	0 	0 	0 			0 		0 	0 	0 			0 		4 					0 	0 						0 	0 		0 	0 		0 	0 			0 	0 		0 		0 				0 	5 
Dominican Republic	0 	0 	C 	17 			0 	2 	0 		0 	0 	78 	6 	0 	2 		0 	0 		0 		159 		0 	12 	21 	234 		0 	21 	0 		0 	0 	4 	0 		49 	65 	115 	0 	0 	0 		0 	0 		905 					0 	301 				60 		0 	0 		1 	108 		0 	0 		C 	0 	30 		0 		84 	1636 	0 		C 	3912 
Ecuador	0 		0 	4 			0 	0 	0 		1 	0 			30 	10 		0 	0 	2 	0 	0 	12 		0 	C 	10 	6 		0 	5 	0 		0 	0 	0 	0 		6 	4 		0 	0 	0 			0 		265 	0 				0 	33 				18 		0 	0 		0 	6 	C 	0 	0 			0 	3 		1 		-1 	335 	2 		C 	751 
Egypt	0 		88 	10 		517 	0 	1 	540 		0 	0 	95 		1 	14 		0 		1 	26 	0 	123 		0 	16 	439 	29 		0 	196 	1 		0 	1 	310 	0 		39 	29 	79 	0 	13 	0 	463 	0 	8 		618 	2 		1 		0 	110 		444 		8 		C 	7 		5 	75 	C 	0 	0 	152 		26 	59 	5 	1 		1722 	3395 			C 	9668 
El Salvador	0 	0 	C 	11 	16 		0 	0 	0 		0 	0 	25 	16 	0 	0 		15 	16 	2 	0 		114 		0 	8 	21 	297 		0 	26 	0 		0 	0 	4 	0 		53 	69 	119 	0 	0 	0 			0 		443 					0 	204 				80 		0 	0 		0 	61 	C 	0 	0 		C 	1 	12 		0 		90 	941 	0 		0 	2643 
Equatorial Guinea	0 		0 	0 			0 		0 		0 	0 			0 	0 		0 			0 		0 		0 			0 		0 	0 	0 	8 	0 	0 	0 	0 			0 		0 	0 	0 			0 		0 					0 	0 						0 	0 		0 	0 		0 	0 			0 	0 		0 		0 	0 			0 	8 
Eritrea	0 		0 	0 			0 		0 		0 	0 			0 	0 		0 			0 		0 		0 			0 		0 	0 	0 		0 	0 	4 	0 			0 		0 	0 	0 			0 		0 	0 				0 	0 						0 	0 		0 	0 		0 	0 			0 	0 		0 		0 	0 			0 	5 
Estonia	0 		C 	54 			0 	8 	0 		0 	0 			2 	0 		0 			0 	11 	57 			385 	137 	161 	3 	0 	2 	0 	0 	0 	0 	219 	0 		3 	1 		0 	0 	0 		113 	0 	217 	416 					0 	51 		46 				33 	0 		0 	0 		67 	30 			84 	87 		0 		20 	150 			C 	2359 
Ethiopia	0 		0 	0 			0 		0 		0 	0 			0 	0 		0 			0 		1 	41 	0 			0 		0 	0 	0 		0 	0 	0 	0 			0 		0 	0 	0 			0 		0 			19 		0 	0 						0 	0 		0 	0 		0 	0 			0 	0 		0 		0 	0 			0 	60 
Falkland Islands	0 		0 	0 			0 	0 	0 		0 	0 			0 	0 		0 			0 	0 	0 		0 		0 	12 		0 	0 	0 		0 	0 	0 	0 		0 	0 		0 	0 	0 			0 		1 	0 				0 	1 						C 	0 		0 	0 	C 	0 	0 		C 	0 	1 		0 		8 	18 			0 	44 
Faroe Islands	0 		0 	0 			0 	1 	0 		0 	0 			0 	0 		0 			0 		869 		0 	C 	15 	10 		0 	2 	0 	39 	0 	0 	32 	0 		0 	0 		0 	0 	0 		0 	0 		81 					0 	1 		14 				0 	0 		0 	0 	C 	0 	0 		C 	21 	3 		0 		7 	58 			C 	1153 
Fiji	0 		C 	0 			0 		0 		0 	0 			0 	0 		0 			0 		0 		0 			0 		0 	0 	0 		0 	0 	0 	0 		0 	0 		0 	0 	0 		0 	0 		166 					0 	0 	C 					0 	0 		0 	0 	C 	0 	0 			0 	0 		0 		6 	11 			0 	183 
Finland	0 	1 	2432 	5476 		1 	1 	4515 	1243 		3 	14 	2028 	1 	87 	934 	5 	59 	0 	3 	2 	50 	8864 		484 		20812 	40141 	21 	119 	2866 	3 	26 	0 	0 	14403 	223 	51 	2717 	10877 	1046 	224 	340 	46 	0 	169 	3 	83 	21374 	0 	52 	1 		0 	24363 	153 	15414 		0 	C 	C 	846 	6 	1 	671 	C 	724 	136 	7 	1284 	33928 	9121 	6 	0 		22352 	38112 	53 		30020 	318998 
France	1 	13 	18499 	32863 	74 	528 	348 	137196 	11026 	8 	153 	204 	34853 	520 	1061 	9316 	300 	319 	13 	57 	1072 	1347 	17151 	54 	844 	22196 		405224 	219 	3930 	5257 	154 	655 	1 	5 	142290 	328 	2240 	151473 	239568 	6604 	3461 	8407 	207 	123 	239 	558 	646 	324369 	121 	1513 	139 	48 	1 	205338 	C 	62642 	9 	19 	148 	448 	11679 	42 	193 	9711 	C 	2673 	2168 	264 	50514 	17539 	100680 	296 	6 		308756 	460843 	153 	6 	397837 	3219764 
French Southern Territories	0 		0 	0 			0 		0 		0 	0 			0 	0 		0 			0 		0 		0 			0 		0 	0 	0 		0 	0 	0 	0 			0 		0 	0 	0 			0 		0 					0 	0 						0 	0 		0 	0 		0 	0 			0 			0 		0 				0 	0 
French Territories: French Polynesia	0 		0 	0 			0 		0 		0 	0 			0 	0 		0 			0 		0 		0 		81 	0 		0 	0 	0 		0 	0 	0 	0 			0 		0 	0 	0 			0 		0 					0 	0 						0 	0 		0 	0 		0 	0 			0 	0 		0 		0 	0 			0 	81 
French Territories: New Caledonia	0 		0 	0 			0 		0 		0 	0 			0 	0 		0 			0 		0 		0 		119 	0 		0 	0 	0 		0 	0 	0 	0 			0 		0 	0 	0 			0 		0 					0 	0 						0 	0 		0 	0 	C 	0 	0 			0 	0 		0 		0 	0 			0 	119 
Gabon	0 		0 	6 			0 	4 	0 		0 	0 	8 		0 	0 		0 			0 		55 		0 	2 	1460 	160 		0 	0 	0 		0 	0 	8 	0 		7 	6 	2 	0 	0 	0 		0 	0 		277 					0 	116 						0 	0 		0 	36 	C 	0 	0 		C 	0 	47 		0 		47 				0 	2243 
Gambia, The	0 		0 	0 			0 		0 		0 	0 			0 	0 		0 			0 		0 		0 			0 		0 	0 	0 		0 	0 	0 	0 			0 		0 	0 	0 			0 		22 	1 				0 	0 						0 	0 		0 	0 		0 	0 			0 	0 	0 	0 		2 	0 			0 	25 
Georgia	0 		0 	12 			0 		0 		0 	0 	19 		0 	0 		0 			0 	2 	127 		2 	7 	8 	94 		0 	21 	0 		0 	0 	0 	0 	314 	20 	8 		1 	3 	0 		4 	0 	8 	594 	0 		1 		0 	127 						0 	0 		0 	181 	C 	0 	1 	0 		51 	13 		0 		328 	403 			C 	2349 
Germany	39 	3 	33246 	68459 	57 	386 	253 	53260 	9254 	2 	187 	539 	31171 	570 	4990 	11519 	345 	510 	40 	42 	268 	878 	57916 	70 	761 	36200 	243211 		369 	2310 	7131 	535 	900 	2 	7 	123108 	295 	2728 	79769 	188026 	17408 	4242 	3968 	217 	104 	483 	55 	309 	345268 	326 	903 	27 	66 	0 	265393 	1517 	79965 		15 	237 	942 	9684 	161 	541 	9850 	27672 	1232 	2697 	788 	29050 	37908 	96277 	177 	44 		286754 	386325 	67 	650 	611470 	3182148 
Ghana	0 	0 	C 	39 			0 	1 	0 		0 	0 			0 	35 		0 		0 	0 		85 	0 	0 	15 	22 	59 		0 	15 	0 		0 	0 	29 	0 		9 	6 	5 	0 	0 	0 		1 	2 		1733 			157 		0 	131 		43 				0 	0 		0 	63 	C 	0 	0 	45 		1 	8 		0 		1095 	840 			0 	4441 
Gibraltar	0 		C 	207 			16 	1 	3 		85 	0 	1 		0 	0 		0 			0 	0 	136 		0 	C 	74 	43 		0 	141 	0 		0 	0 	37 	1 		95 	5 		0 	1 	0 			0 		49 					0 	3 		66 				0 	0 	C 	0 	0 	C 	0 	9 		C 	47 	99 		0 		240 	471 			C 	1832 
Greece	0 	0 	142 	1574 		1 	1 	2047 	616 		0 	282 	379 		1 	11 		0 	0 	9 	2310 	5 	139 		3 	166 	9498 	9365 	2 		50 	5 	0 	0 	0 	1160 	2 	22 	4679 	111 	1205 	0 	7 	0 		2 	19 	7 	2539 	0 	47 		0 	0 	2922 		685 		0 		C 	2840 	17 	8 	26 	C 	172 	208 	7 	C 	81 	383 	2 	27 		7964 	7101 	1 		C 	58852 
Greenland	0 		0 	0 			0 	0 	0 		0 	0 			0 	0 		0 			0 		87 		0 			0 		0 	0 	0 		0 	0 	0 	0 			0 		0 	0 	0 			0 		4 					0 	0 						0 	0 		0 	0 		0 	0 			0 	0 		0 		0 	0 			0 	90 
Grenada	0 		0 	0 			2 	0 	0 		0 	0 			0 	0 		0 			0 		4 		0 		0 	1 		0 	0 	0 		0 	0 	0 	1 		0 	0 		0 	0 	0 			0 		0 					0 	0 						0 	0 		0 	0 		0 	0 			0 	0 		0 		0 	20 			0 	28 
Guadeloupe	0 		0 	0 			0 		0 		0 	0 			0 	0 		0 			0 		0 		0 			0 		0 	0 	0 		0 	0 	0 	0 			0 		0 	0 	0 			0 		7 					0 	0 						0 	0 		0 	0 		0 				0 			0 		8 	20 			0 	35 
Guam	0 		0 	0 		25 	0 		0 		0 	0 			0 	0 		0 			0 	0 	0 		0 			0 		0 	0 	0 		0 	0 	0 	0 			0 		0 	0 	0 			0 		0 					0 	0 						0 	0 		0 	0 		0 	0 			27 			0 		0 				0 	52 
Guatemala	0 		0 	10 	483 		0 		0 		0 	0 	12 		1 	0 		0 	5 		0 		23 		0 	C 	0 	116 		0 	9 	0 		0 	0 	0 	0 		30 	5 	41 	0 	0 	0 			0 		151 					0 	46 				121 		0 	0 		0 	14 		0 	0 			0 	6 	0 	0 		5 	371 			0 	1450 
Guernsey	0 	0 	57 	386 		80 	44 	613 	92 		12 	0 	895 	10 	16 	816 	2 	0 		18 	4 	4 	1662 		2 	3154 	4952 	6017 	7 	73 		7 	109 	0 	0 	2430 	1941 	7 	1055 	5169 	571 	1 	180 	0 		12 	1 	0 	5065 	1 		1 		0 	4566 		5721 				3 	74 	C 	2 	0 	287 	173 	0 	4060 	404 	1053 	12059 	12 	0 		20946 	29537 	1 		C 	114362 
Guiana, French	0 		0 	0 			0 		0 		0 	0 			57 	0 		0 			0 		0 		0 			0 		0 	0 	0 		0 	0 	0 	0 			0 		0 	0 	0 			0 		0 					0 	0 						0 	0 		0 	0 		0 				0 			0 		0 	0 			0 	57 
Guinea	0 	0 	0 	0 			0 		0 		0 	0 			0 	0 		0 			0 		0 		0 			0 		0 	0 	0 		0 	0 	0 	0 			0 		0 	0 	0 			0 		0 					0 	0 						0 	0 		0 	0 		0 	0 			0 	0 		0 		0 	0 			0 	0 
Guinea-Bissau	0 		0 	0 			0 		0 		0 	0 			0 	0 		0 			0 		0 		0 			0 		0 	0 	0 		0 	0 	0 	0 			0 		0 	0 	0 			0 		0 	0 				0 	0 						0 	7 		0 	0 		0 	0 			0 	0 		0 		0 	0 			0 	7 
Guyana	0 		0 	0 			2 		0 		0 	0 			0 	0 		0 			0 		0 		0 			0 		0 	0 	0 		0 	0 	0 	0 			0 		0 	0 	0 			0 		0 					0 	12 						0 	0 		0 	0 		0 	0 			0 	0 	1 	0 		4 	0 			0 	20 
Haiti	0 		0 	0 			0 		19 		0 	0 			0 	0 		0 			0 		0 		0 			0 		0 	0 	0 		0 	0 	0 	0 			0 		0 	0 	0 			0 		0 					0 	0 						0 	0 		0 	0 		0 	0 			0 	0 		0 		0 	0 			0 	19 
Honduras	0 		0 	1 			0 		0 		0 	0 			0 	0 		0 	2 		0 		70 		0 	C 	0 	70 		0 	0 	0 		0 	0 	4 	0 		1 	7 		0 	1 	0 			0 		208 				9 		32 				27 		0 	0 		0 	0 	C 	0 	0 			0 	98 	4 	0 		16 	295 	0 		C 	846 
Hungary	0 	1 	290 	3798 		15 	0 	419 	26 		0 	235 	510 		1 	0 		0 	0 	32 	5 	492 	849 		18 	132 	2611 	7199 	2 	63 	229 		0 	0 	0 	1525 	0 	2 	801 	507 	827 	0 	81 	0 		44 	7 	60 	14021 	59 		0 		0 	2267 		719 		0 	C 	658 	37 	103 	93 	430 	C 	827 	80 	44 	C 	54 	600 		1 		19595 	15449 	1 		C 	75817 
Iceland	0 		10 	165 			0 	83 	18 		0 	1 	60 		0 	9 		0 		0 	0 	9 	208 		1 	4 	480 	1198 	7 	3 	2 	0 		0 	0 	150 	0 	4 	238 	138 	38 	47 	34 	0 		2 	0 		514 	0 			1 	0 	63 		114 				38 	17 		0 	0 	C 	4 	0 		260 	156 	126 		0 		1554 	1948 	0 		C 	7706 
India	0 		3853 	312 	17 	699 	1 	243 	492 	3 	2 	0 	5887 	27 	3 	4554 	13 	0 		4 	34 	5 	1680 	0 	0 	645 	3908 	1310 	5 	0 	526 	0 	3 		25 	4537 	4 	9 	349 	4675 	627 	30 	1864 	0 	182 	3 	5 	0 	28978 	139 		75445 		0 	6831 	98 	6592 	4 	11 	C 	0 	0 		1 	1030 	41575 	0 	45 	767 	C 	1182 	1950 	126 	0 		25629 	85610 	1 		C 	312550 
Indonesia	0 	2 	809 	261 	5 	69 	1 	139 	517 		0 	6 	1676 	83 	7 	919 	2 	0 		10 	0 	0 	1348 		0 	184 	557 	2935 	35 	0 	550 	0 	0 	41 		3817 	1 		609 	5612 	51 	0 	397 	0 	324 	2 	15 		16165 	1436 		4383 		0 	3678 		2667 	7 		932 	C 	0 		1 	856 	15153 	1 	8 	16 	C 	393 	918 	30 	1 		12414 	37458 			C 	117503 
Iran, Islamic Republic of	0 		0 	0 			0 		0 		0 	0 			0 	0 	5 	0 			0 		0 		0 	C 	0 	0 		0 	0 	0 		0 	0 	0 	0 			0 		0 	12 	0 			0 		0 			1094 		0 	0 						0 	0 		0 	2 	C 	0 	0 			0 	0 		19 		0 				0 	1132 
Iraq	0 	0 	0 	7 		18 	0 		58 		0 	0 	25 		0 	0 		0 			0 	8 	89 		0 	15 	12 	41 		0 	27 	0 		0 	0 	0 	0 		28 	21 	2 	0 	328 	0 	228 	0 	1 		0 					0 	139 						C 	0 		0 	0 		0 	0 			0 	20 		0 		181 				0 	1250 
Ireland	0 	19 	3981 	13424 	22 	18 	478 	40391 	13824 		139 	186 	7178 	624 	860 	12472 	399 	159 	1 	4009 	984 	881 	16527 	6 	691 	23722 	130111 	141927 	150 	888 	6768 	238 	1495 	10 	0 		7514 	2629 	110436 	51228 	3547 	1515 	2040 	616 	0 	569 	66 	469 	126324 	311 	865 	39 	14 	0 	101933 	982 	13057 		59 	0 	146 	16305 	78 	15041 	502 	6306 	1410 	364 	14844 	C 	16357 	48646 	1193 	11 		234302 	280714 	5 		7715 	1490736 
Isle of Man	0 		27 	12 			1 	37 	28 		35 	0 	17 		0 	6 		0 			10 	1 	29 		4 	24 	194 	123 	3 	3 	246 	0 	3 	0 	0 	947 			44 	427 	5 	0 	23 	0 		0 	3 	0 	1079 	974 		27 		0 	101 		22 				5 	0 	2 	18 	0 	82 	0 	0 	234 	C 	12 	151 		0 		2518 	3989 	2 		C 	11470 
Israel	0 	0 	541 	302 	11 		4 	190 	469 		3 	0 	1816 		8 	22 		0 	1 	2 	9 	5 	417 		1 	112 	876 	1967 	7 	1 	1644 	6 	1 	0 	0 	923 	2 		132 	1470 	119 	13 	155 	0 		0 	0 	1 	2765 	3 		22 	1 	0 	1386 	C 	2500 		4 		C 	7 		0 	0 	1132 	0 	10 	2 	C 	281 	921 	92 	1 		6808 	62535 	4 		C 	89702 
Italy	0 	7 	4204 	24591 		312 	8 	35355 	820 		59 	97 	6828 	34 	356 	1381 	37 	0 	0 	30 	536 	185 	9953 	49 	347 	7136 	348082 	232453 	25 	10859 	1769 	36 	14 	0 	5 	136972 	17 	454 		53413 	794 	118 	901 	0 	0 	13 	56 	26 	174468 	5 	388 	1 	11 	0 	61203 	C 	17843 		1 	C 	187 	19365 	36 	5 	1944 	C 	2261 	868 	135 	55276 	4372 	11945 	74 	2 		137265 	123541 	40 		C 	1489568 
Jamaica	0 		0 	4 			158 	0 	0 		0 	0 	9 	133 	0 	0 		0 	0 	3 	0 		6 		0 	C 	6 	52 		0 	47 	0 		0 	0 	1 	0 		31 	4 	122 	0 	0 	0 			0 		40 					0 	4 						0 	0 		0 	3 	C 	0 	0 		C 	0 	6 		0 		140 	155 			C 	926 
Japan	14 	14 	21945 	1320 		41 	280 	2141 	2176 		13 	1 	45713 	77 	3435 	24902 	97 	8 	0 	97 	2 	22 	8870 	16 	1 	1526 	127964 	25719 	33 	7 	1395 	4 	43 	1 	200 	65790 	90 	303 	4651 		9810 	4063 	7892 	0 	1 	6 	8 	1 	84592 	344 	12 	5 	34 	0 	42776 	2881 	61668 	19 	5 	49 	1 	550 	0 	1 	14258 	C 	2 	47 	562 	1950 	14646 	23321 	114 	0 		214603 	674241 	36 	1 	188989 	1686397 
Jersey	0 	2 	699 	2564 		57 	878 	2139 	642 		63 	3 	2028 		0 	1125 	15 	0 	0 	15 	1695 	40 	1786 		1 	1810 	17988 	12583 	38 	174 	882 	222 	32 	0 	0 	6253 	840 	17 	6171 	19244 		62 	926 	0 	19 	12 	34 	3 	25955 	16 	22 	6 		0 	9709 		1235 			C 	22 	528 	0 	847 	0 	382 	9 	9 	1952 	3466 	1047 	19926 	0 	3 		63448 	75161 	10 		C 	284816 
Jordan	0 		0 	0 		505 	0 		42 		0 	0 	8 		0 	4 		0 			0 		10 	14 	0 		0 	36 		0 	1 	0 		0 	0 	28 	0 		12 	7 		0 	0 	0 	749 		137 		84 	0 		0 		0 	48 		300 				0 	0 		0 	6 		0 	0 			0 	9 		0 		113 	1086 			C 	3198 
Kazakhstan	0 	0 	35 	218 		23 	0 	31 	82 		0 	0 	97 	15 	0 	5 	1 	0 	0 		3 	59 	600 		4 	46 	130 	1318 		3 	176 	36 	0 	0 	0 	114 	0 		226 	157 	15 		94 	0 		28 	4 	12 	2528 	15 		6 		0 	564 		33 	3 		C 	21 	0 		197 	243 	C 	4 	0 		C 	23 	162 	1 	1 		819 	3885 	0 		C 	12039 
Kenya	0 		C 	0 			0 	0 	479 		0 	0 	8 		0 	28 		0 		0 	1 		61 	0 	0 	21 	22 	1 		0 	46 	0 		1 	1 	201 	0 		0 	6 	54 	0 	2 	0 			0 		709 			400 		0 	8 		122 				0 	0 		0 	0 	C 	0 	0 	231 		17 	4 		0 		250 	958 			0 	3631 
Kiribati	0 		0 	0 			0 		0 		0 	0 			0 	0 		0 			0 		0 		0 			0 		0 	0 	0 		0 	0 	0 	0 			0 		0 	0 	0 			0 		0 					0 	0 						0 	0 		0 	0 		0 	0 			0 	0 		0 		0 	0 			0 	0 
Korea, Democratic People's Rep. of	0 		0 				0 		0 		0 	0 				0 		0 			0 		0 		0 			0 				0 					0 			0 		0 	0 	0 			0 		0 	0 				0 	0 						0 	0 		0 	0 		0 				0 			0 		0 	0 			0 	0 
Korea, Republic of	0 	5 	8711 	655 	17 	206 	2 	903 	677 		1099 	1 	13432 	23 	119 	17792 	408 	0 	0 	10 	0 	35 	2686 		6 	717 	11386 	9865 	33 	7 	850 	2 	5 	11 	151 	16662 	5 	138 	921 	25947 	558 	1908 		0 			7 	9 	46708 	1846 	16 	44 	33 	3 	12464 	C 	17634 	9 	32 	287 	24 	42 	C 	2 	3739 	42942 	43 	64 	106 	987 	2871 	12407 	3184 	0 		39469 	182811 	1 		C 	483739 
Kosovo, Republic of	0 		0 	0 			0 		0 		0 	0 			0 	0 		0 			0 		0 		0 			0 		0 	0 	0 		0 	0 	0 	0 			0 		0 	0 				0 		0 					0 	0 						0 	0 		0 	0 		0 				0 			0 		0 	0 	0 		C 	0 
Kuwait	0 		0 	0 		1023 	0 		81 		0 	0 	1 		0 	8 		0 		0 	0 		11 	1 	1 	3 	15 	0 		0 	35 	0 		0 	8 	58 	0 			7 	20 	0 	4 	0 			31 		268 	469 		55 		0 	0 	C 	30 		0 	C 	0 	0 		0 	107 	C 	0 	0 			0 	36 	0 	21 		907 				0 	3200 
Kyrgyz Republic	0 		C 	0 			0 		0 		0 	0 			0 	0 		0 			0 		0 		0 			0 		0 	1 	0 		0 	0 	0 	0 	3 		0 		92 	0 	0 			0 		161 	0 				0 	4 						0 	0 		0 	1 		0 	0 		C 	0 	0 		0 		0 	0 			C 	262 
Lao People's Democratic Republic	0 		0 	0 			0 	0 	0 		0 	0 			0 	0 		0 			0 		0 		0 			0 		0 	8 	0 		0 	0 	0 	0 			0 		0 	796 	0 			0 		14 					0 	0 						0 	0 		0 	0 	C 	0 	0 			0 	0 	157 	0 		8 	0 			0 	983 
Latvia	0 		0 	125 			0 	1 	0 		0 	4 	32 		0 	0 		0 			51 	0 	67 		114 	69 	138 	1033 		0 	10 	2 		0 	0 	4 	0 		91 	74 	26 	0 	0 	0 			0 	93 	335 					0 	414 		40 				C 	0 		0 	0 		12 	17 		C 	54 	127 	0 	0 	1 	182 	786 			C 	3905 
Lebanon	0 		C 	7 			0 	7 	0 		0 	0 	28 		0 	5 		0 			33 		85 	23 	0 	C 	61 	132 		0 	45 	0 		0 	1 	10 	0 		117 	16 	56 	0 	0 	0 	139 				482 			207 		0 	279 		1 				0 	0 		0 	103 		0 	0 		C 	2 	15 		0 		565 	914 			0 	3333 
Lesotho	0 		0 	0 			0 		0 		0 	0 			0 	0 		0 			0 		0 		0 			0 		0 	0 	0 		0 	0 	0 	0 			0 		0 	0 	0 			0 		0 					0 	0 						0 	0 		0 	0 		0 	0 			0 	0 		0 		8 	1 			0 	10 
Liberia	0 		4 	0 			0 	20 	2 		0 	0 	330 		1 	21 	1 	0 			0 		38 		0 	39 	114 	141 		4 	0 	0 		0 	0 	69 	0 		14 	175 	2 	3 	3 	0 			0 		520 	0 				0 	109 		881 				0 	0 		0 	0 	C 	0 	0 		C 	5 	68 		0 		69 	4850 	0 		C 	7485 
Libya	0 		0 	0 		99 	0 		0 		0 	0 			0 	0 		0 			0 		0 	32 	0 		1 	0 		0 	0 	0 		0 	0 	0 	0 			0 		0 	0 	0 			0 		0 					0 	0 						0 	56 		0 	0 		0 	0 	0 		0 	0 		0 		0 				0 	188 
Liechtenstein	0 		C 	1743 			0 	2 	0 		5 	0 	2 		0 	7 		0 			0 	0 	0 		0 	C 	46 	1807 		0 	0 	3 		0 	0 	0 	265 		43 	0 		0 	1 	0 			0 		315 	0 				0 	0 		48 				0 	0 		0 	0 	C 	0 	4 		C 	25 			0 		-30 	92 	0 		0 	4379 
Lithuania	0 		C 	357 			0 	81 	47 		0 	88 	95 		0 	0 		0 			4 	12 	167 		107 	66 	412 	2357 		0 	61 	1 	0 	0 	0 	22 	0 	8 	166 	147 		1 	7 	0 		273 	5 		1777 		4 			0 	425 		94 		3 		71 	0 	C 	1 	48 		111 	52 		C 	20 	352 	3 	0 		460 	2083 			C 	9987 
Luxembourg	696 	5 	12351 	39251 	90 	112 	163 	179803 	9338 		258 	589 	7404 	502 	42782 	49090 	1640 	2042 	106 	123 	733 	3982 	33472 	1 	1305 	44102 	281607 	530573 	507 	82689 	12450 	3041 	1645 	473 	1129 	64706 	9792 	7337 	396999 	104049 	14553 	321 	8276 	290 	84 	1070 	282 	1071 		738 	674 	578 	909 	0 	103341 	C 	18280 	11 	79 	54 	5118 	17759 	597 	15469 	833 	22706 	853 	960 	21338 	C 	106091 	183142 	1272 	68 		120286 	125013 	272 		C 	2699327 
Macedonia, FYR	0 		0 	52 			0 	0 	0 		0 	1 			0 	0 		0 			0 		7 		0 	C 	0 	18 		69 	0 	0 		0 	0 	10 	0 		10 	0 		0 	0 	0 			0 	2 	49 					0 	0 						0 	0 		0 	0 		0 	17 			0 	1 		0 		48 	7 			C 	291 
Madagascar	0 		C 	0 			0 		0 		0 	0 			0 	0 		0 			0 		0 		0 		32 	0 		0 	0 	0 		0 	0 	0 	0 			0 		0 	0 	0 			0 		1 			19 		0 	0 						0 	0 		0 	0 		0 	0 	1 		0 	0 		0 		0 	1 			0 	54 
Malawi	0 		0 	0 			0 		0 		0 	0 			0 	0 		0 			0 		0 		0 	C 		0 		0 	4 	0 		0 	0 	0 	0 			0 		0 	0 	0 			0 		1 					0 	0 						0 	0 		0 	0 		0 	0 	6 		0 	0 		0 		0 	0 			0 	12 
Malaysia	0 	1 	2618 	346 		364 	0 	267 	226 		0 	0 	2368 	12 	16 	11032 	197 	0 		5 	2 	0 	907 	33 	0 	319 	3557 	2771 		0 	163 	0 	0 	1 	568 	5115 	6 		272 	5539 	117 	3 	753 	0 	720 	5 	1 	2 	21265 			315 	8 	0 	4677 	C 	3357 	10 		48 	C 	13 		0 	1870 	33943 	0 	4 	15 	C 	614 	1381 	153 	13 		18305 	42223 			C 	166516 
Maldives	0 		0 	0 			0 		0 		0 	0 			0 	0 		0 			0 		0 		0 			0 		0 	0 	0 		0 	0 	0 	0 			0 		0 	0 	0 			0 		0 			3 		0 	0 						0 	0 		0 	0 	C 	0 	0 			0 	0 		0 		0 	0 			0 	3 
Mali	0 		0 	0 			0 		0 		0 	0 			0 	0 		0 			0 		0 		0 	C 	0 	0 		0 	0 	0 		0 	0 	0 	0 			0 		0 	0 	0 			0 		4 			0 		0 	0 						0 	0 		0 	0 		0 	0 			0 	1 		0 		3 	0 			0 	8 
Malta	0 		9 	36 			2 	36 	0 		0 	0 	1039 		0 	10 		76 			0 	84 	6 	27 	1 	89 	261 	66 	5 	0 	2179 	0 		0 	0 	283 	37 		402 	1 		0 	0 	0 	9 	18 	17 	3 	1161 			1 		0 	76 		79 				0 	23 		0 	5 	C 	14 	0 	1150 	C 	545 	394 		0 		288 	303 			C 	8732 
Marshall Islands, Republic of	0 		C 	6 			1 	20 	420 		10 	0 	172 		0 	0 		0 			0 	1 	59 		0 	73 	19 	26 		0 	3 	0 	0 	0 	0 	73 	0 	2 	32 	135 	8 	0 	82 	0 			0 	0 	536 	2 				0 	46 		142 		0 		C 	0 		0 	0 	C 	0 	0 		C 	91 	45 	0 	0 		332 	21280 	0 		C 	23615 
Martinique	0 		0 	0 			0 		0 		0 	0 			0 	0 		0 			0 		0 		0 			0 		0 	0 	0 		0 	0 	0 	0 			0 		0 	0 	0 			0 		0 					0 	0 						0 	0 		0 	0 		0 				0 			0 		0 	0 			0 	0 
Mauritania	0 		0 	0 			0 		0 		0 	0 			0 	0 		0 			0 		0 		0 			0 		0 	0 	0 		0 	0 	0 	0 			0 	351 	0 	0 	0 	143 		0 		2 	0 		0 		0 	0 						0 	0 		0 	0 	C 	0 	0 			0 	2 		0 		0 	61 			0 	559 
Mauritius	0 		61 	1 		5 	5 	8 	62 		0 	0 	4 		0 	39 	4 	0 		2 	9 	107 	100 		0 	209 	69 	23 	5 	0 	289 	1 		109 	13 	1026 	387 		9 	1395 	163 	0 	2 	0 	2 		0 		2989 	50 				0 	182 		74 	0 		C 	0 	0 		0 	0 	C 	0 	0 	998 	C 	267 	182 	0 	0 		1500 	7031 			C 	17385 
Mayotte	0 		0 	0 			1 		0 		0 	0 			0 	0 		0 			0 		0 		0 			0 		0 	0 	0 		0 	0 	0 	0 			0 		0 	0 	0 			0 		0 					0 	0 						0 	0 		0 	0 		0 				0 			0 		0 	1 			0 	3 
Mexico	5 	7 	2649 	854 	90 	128 	2 	887 	1571 		629 	0 	6367 	458 	1137 	134 	37 	154 	8 	36 	1 	2 	2834 		7 	402 	6953 	11678 	10 	4 	608 	3 	1 	0 	0 	11307 	2 	16 	1452 	15170 	343 	1 	1142 	0 		4 	4 	3 	37647 	1 	9 	1 		0 	9324 	C 	8497 	3 	142 	C 	0 	127 		1 	1739 	C 	25 	61 	839 	C 	1058 	5309 	129 	1 		34966 	154016 	29 	2 	C 	321023 
Micronesia, Federated States of	0 		0 	0 			13 		0 		0 	0 			0 	0 		0 			0 		0 		0 			0 		0 	0 	0 		0 	0 	0 	0 			0 		0 	0 	0 			0 		0 					0 	0 						0 	0 		0 	0 		0 	0 			0 	0 		0 		0 	0 			0 	13 
Moldova	0 		0 	0 			0 		0 		0 	0 			0 	0 		0 			0 		0 		0 			0 		0 	0 	0 		0 	0 	0 	0 			0 		0 	0 	0 			0 		171 					0 	0 						0 	0 		0 	0 		0 	0 			0 	0 		0 		0 	0 			C 	171 
Monaco	0 		0 	0 			0 	0 	0 		2 	0 			0 	0 		0 			0 		0 		0 			0 		0 	2 	0 		0 	0 	1 	0 		14 	0 	7 	0 	0 	0 			0 		67 					0 	0 		5 				0 	0 		0 	0 	C 	0 				4 			0 		-5 	12 			0 	110 
Mongolia	0 		0 	8 			0 	0 	29 		0 	0 			0 	41 		0 			0 	0 	105 		0 	C 	4 	163 		0 	23 	1 		0 	0 	1 	0 		39 	256 		0 	0 	0 		1 	0 	0 	585 						138 						C 	0 		0 	33 	3 	0 	0 			7 	24 		0 		250 	276 			C 	1989 
Montenegro	0 		0 	18 			0 	2 	0 		0 	20 			0 	0 		0 			0 		45 		0 		4 	99 		0 	0 	2 		0 	0 	7 	0 		25 	0 		0 	0 	0 		1 	0 	1 	75 			1 		0 	8 						C 	0 		0 	0 		9 	5 		C 	0 	9 		0 		0 	0 			C 	333 
Montserrat	0 		0 	0 			0 		0 		0 	0 			0 	0 		0 			0 		0 		0 			0 		0 	0 	0 		0 	0 	0 	0 			0 		0 	0 	0 			0 		0 					0 	0 						0 	0 		0 	0 		1 	0 			0 			0 		0 	0 			0 	2 
Morocco	0 		C 	33 		66 	0 	89 	0 		0 	0 	41 		0 	148 		0 		0 	1 		67 	0 	2 	39 	2317 	581 	3 	0 	40 	0 		0 	0 	116 	0 		99 	34 	13 	0 	9 	0 	11 	1 	2 		346 	0 		112 		0 	247 		53 				0 	116 		0 	18 	C 	0 	0 	7 	C 	3 	47 	1 	0 		573 	1085 			C 	6322 
Mozambique	0 		0 	0 			0 		0 		0 	0 			0 	0 		0 			0 		0 	7 	0 			0 		0 	0 	0 		0 	0 	0 	0 			1 		0 	0 	0 			0 		1 			34 		0 	0 		22 				0 	113 		0 	0 		0 	0 	43 		0 	4 		0 		41 	0 			0 	266 
Myanmar	0 		0 	0 			0 		0 		0 	0 			0 	0 		0 			0 		0 		0 			0 		0 	0 	0 		0 	0 	0 	0 			0 		0 	0 	0 			0 		0 					0 	0 						0 	0 		0 	0 	C 	0 	0 			0 	0 		0 		0 	14 			0 	14 
Namibia	0 		0 	4 			0 		1 		0 	0 			0 	0 		0 			0 		6 		0 	10 	3 	99 		0 	2 	0 		0 	0 	0 	0 		6 	5 		0 	0 	0 			0 		95 	0 		4 		0 	17 		0 				0 	0 		0 	1 		0 	0 	143 		0 	1 		0 		87 	92 	0 		C 	575 
Nauru	0 		0 	0 			0 		0 		0 	0 			0 	0 		0 			0 		0 		0 		0 	0 		0 	0 	0 		0 	0 	0 	0 			0 		0 	0 	0 			0 		0 					0 	0 						0 	0 		0 	0 		0 	0 			0 	0 		0 		0 	0 			0 	0 
Nepal	0 		0 	0 			0 		0 		0 	0 			0 	10 		0 			0 		0 		0 			0 		0 	0 	0 		0 	0 	0 	0 			0 		0 	0 	0 			0 		0 					0 	0 						0 	0 		0 	0 	C 	0 	0 	4 		0 	0 		0 		0 	0 			0 	14 
Netherlands	1 	7 	15247 	24902 	36 	426 	507 	83983 	9790 	0 	206 	447 	15730 	540 	340 	5632 	236 	109 	52 	244 	503 	2278 	14220 	13 	560 	17077 	340749 	281729 	173 	2161 	6684 	141 	399 	7 	1655 	82909 	130 	1004 	56230 	139064 	3534 	2138 	3087 	44 	9 	321 	177 	194 	162434 	120 	1158 	155 	8 	0 		C 	30213 	6 	64 	145 	875 	14009 	206 	3967 	3677 	C 	2409 	1443 	204 	33596 	13569 	85901 	331 	41 	0 	247073 	386449 	161 		115353 	2219192 
Netherlands Antilles																																																																																	
New Zealand	0 	3 	7197 	121 		26 	0 	140 	525 		0 	0 	871 	16 	15 	391 	69 	7 	0 	1 	0 	5 	44 		0 	145 	956 	1615 		6 	228 	4 	0 	0 	1 	2088 	2 	4 	85 	6668 	156 	1 	131 	0 			1 		2369 	1 				0 	812 		1659 		0 	1 	C 	41 		0 	240 	C 	112 	2 	16 	C 	98 	2217 	3 	0 		7231 	17552 	0 		C 	53877 
Nicaragua	0 		0 	0 			0 		0 		0 	0 			0 	0 		0 	0 		0 		0 		0 			0 		0 	0 	0 		0 	0 	3 	0 			0 		0 	0 	0 			0 		62 					0 	0 				15 		0 	0 		0 	0 		0 	0 			0 	0 		0 		2 	0 		24 	0 	105 
Niger	0 		0 	0 			0 		0 		0 	0 			0 	0 		0 			0 		0 		0 		0 	0 		0 	33 	0 		0 	10 	0 	0 			0 	2 	0 	0 	0 			0 		2 	0 		1 		0 	0 						0 	0 		0 	83 		0 	0 			0 	2 		0 		0 				0 	133 
Nigeria	0 	0 	59 	8 			0 	1 	72 		33 	0 	117 		0 	77 		0 		2 	4 		232 	11 	1 	106 	84 	287 		0 	182 	2 	0 	0 	1 	964 	0 		85 	109 	499 	0 	10 	0 		0 	0 		4424 			770 		0 	619 		52 				0 	0 		0 	151 	C 	0 	0 	479 	C 	29 	53 		0 		2227 				C 	11748 
Niue	0 		0 	0 			0 		0 		0 	0 			0 	0 		0 			0 		0 		0 			0 		0 	0 	0 		0 	0 	0 	0 			0 		0 	0 	0 			0 		0 					0 	0 						0 	0 		0 	0 		0 	0 			0 			0 		0 	0 			0 	0 
Norfolk Island	0 		0 	0 			226 		0 		0 	0 			0 	0 		0 			0 		0 		0 			0 		0 	0 	0 		0 	0 	0 	0 			0 		0 	0 	0 			0 		0 					0 	0 						0 	0 		0 	0 		0 	0 			0 			0 		0 				0 	226 
Norway	0 	2 	3820 	4252 	2 		139 	2874 	2197 		15 	7 	3775 	126 	106 	1990 	22 	50 		9 	27 	18 	6765 		72 	10302 	19114 	44996 	13 	76 	4670 	4 	809 	0 	0 	10929 	135 	152 	2530 	26391 	2915 	267 	545 	0 		81 	0 	84 	20868 	25 	144 	126 	3 	0 	12719 	C 			2 	C 	11 	147 	32 	1 	487 	C 	594 	134 	20 	C 	28165 	11986 	7 	0 		34216 	76844 	62 		C 	336876 
Oman	0 		C 	0 		190 	0 		0 		0 	0 	3 		0 	2 		0 		0 	0 		29 		2 	C 	26 	108 		0 	18 	0 		1 	0 	87 	0 		0 	0 	41 	0 	1 	0 	150 		16 		188 	1 		0 		0 	6 		58 				0 	0 		0 	73 	C 	0 	1 	3 		0 	2 		0 		169 				0 	1175 
Pakistan	0 		20 	3 		16 	0 		394 		0 	0 	70 	15 	0 	33 		0 		0 	0 		80 		0 	C 	1 	23 		0 	18 	0 		0 	0 	88 	0 		21 	21 	13 	0 	14 	0 	2 	1 	0 		1630 	0 		135 		0 	165 		3 				0 	0 		0 	130 	C 	0 	0 		C 	53 	10 		9 		359 	1420 			0 	4749 
Palau	0 		0 	0 			0 		0 		0 	0 			0 	0 		0 			0 		0 		0 			0 		0 	0 	0 		0 	0 	0 	0 			0 		0 	0 	0 			0 		0 					0 	0 						0 	0 		0 	0 		0 	0 			0 	0 		0 		0 	0 			0 	0 
Panama	0 	1 	C 	44 	44 	50 	46 	67 	194 	1 	77 	0 	412 	63 	82 	364 		144 	85 	5 	0 	0 	384 		0 	21 	66 	887 		0 	27 	0 	0 	0 	0 	330 	2 		104 	816 	16 	2 	376 	0 		1 	0 	0 	2451 	0 		21 	1 	0 	741 		260 				0 	0 		0 	83 	C 	2 	0 	3 	C 	40 	523 	103 	0 		445 	27872 	4 		C 	37260 
Papua New Guinea	0 		835 	1 			0 	12 	0 		0 	0 	55 		0 	21 	2 	0 		24 	0 		7 		0 	C 	11 	32 		0 	3 	0 	0 	0 	0 	86 	0 		2 	27 	2 	0 	4 	0 			0 		265 	2 				0 	19 		75 				0 	0 		0 	0 	9 	0 	0 	0 	C 	0 	24 		0 		535 	1672 			0 	3725 
Paraguay	9 		C 	3 			0 		0 		39 	0 		6 	2 	C 		0 			0 		21 		0 		0 	48 		0 	12 	0 		0 	0 	0 	0 		8 	7 	23 	0 	0 	0 			0 		205 					0 	23 						0 	0 		0 	0 		0 	0 			0 	6 		0 		6 	393 	0 		0 	812 
Peru	0 	0 	84 	66 	72 		4 	76 	160 	26 	3 	0 	461 	92 	618 	24 		209 	7 	2 	0 	1 	437 		0 	80 	138 	1575 	3 	0 	89 	1 		0 	0 	298 	4 		122 	340 	110 	1 	48 	0 		1 	0 		3859 	0 			1 	0 	1223 	C 	101 		400 		C 	0 		0 	373 	C 	1 	0 	8 	C 	64 	288 	2 	0 		1322 	9478 	7 		C 	22281 
Philippines	0 	1 	6153 	125 	3 		0 	78 	429 		0 	0 	980 		0 	999 	0 	0 		1 	0 	0 	857 		0 	183 	709 	1865 		0 	420 	0 	0 	1 	60 	1139 	5 		243 	2577 	56 	0 	158 	0 		1 	1 		8125 	293 		83 		0 	1956 	C 	4715 				0 	0 		0 	948 	9049 	3 	3 	6 	C 	282 	777 	68 	0 		4668 	22159 	0 		C 	70176 
Pitcairn Islands	0 		0 	0 			0 		0 		0 	0 			0 	0 		0 			0 		0 		0 			0 		0 	0 	0 		0 	0 	0 	0 			0 		0 	0 	0 			0 		0 					0 	0 						0 	0 		0 	0 		0 	0 			0 			0 		3 	0 			0 	3 
Poland	0 	2 	C 	6489 	23 	56 	0 	2356 	161 		0 	80 	1222 		27 	63 	6 	0 		7 	1 	1108 	1534 	5 	134 	726 	8963 	28375 	94 	203 	1214 	216 	0 	0 	0 	6737 	0 	8 	2085 	9411 	562 	121 	529 	7 		62 	32 	85 	20355 	0 	37 	2 		0 	5315 	C 	4037 			0 		33 	48 	2 	557 	C 	1089 	227 	14 	C 	250 	4659 	10 	0 		10224 	31585 	1 		C 	151144 
Portugal	0 	0 	312 	1685 		7 	3 	4218 	0 		671 	40 	629 	700 	2 	73 	18 	0 		3 	48 	4 	840 	0 	41 	1058 	29538 	22139 	3 	898 	287 	1 	0 	0 	1 	10048 	0 	1 	7647 	1262 	160 	2 	109 	0 		22 	1 	7 	11426 	0 	124 	0 		0 	10518 		1662 				98 		C 	0 	105 	C 	685 	126 	5 	16794 	168 	490 	0 	3 		6852 	10687 	1 		C 	142223 
Puerto Rico	0 		2 	0 			0 	1 	33 		20 	0 	87 		0 	0 		0 	0 	0 	0 		12 		0 	C 	8 	0 		0 	1 	0 	0 	0 	0 	34 	0 		4 	29 	2 	0 	10 	0 			0 	0 	0 	0 				0 	30 		30 		13 		0 	0 		0 	0 	C 	0 			C 	11 		0 	0 		2 		0 		9 	337 
Qatar	0 	0 	31 	273 		2770 	0 	45 	706 		0 	0 	71 	5 	0 	536 	145 	0 		2 	0 		169 	84 	11 	8 	174 	779 	2 	0 	182 	0 		0 	0 	619 	0 		20 	1054 	206 	4 	77 	0 	1458 	1 	201 	3 	1580 	65 		0 		0 	830 	C 	329 	38 	5 	C 	0 	0 		0 	5757 	C 	0 	0 	1 	C 	12 	327 	122 	1 		954 		3 		C 	19660 
Reunion	0 		0 	0 			0 		0 		0 	0 			0 	0 		0 			0 		0 		0 			0 		0 	0 	0 		0 	0 	3 	0 			0 		0 	0 	0 			0 		1 			7 		0 	0 						0 	0 		0 	0 		0 				0 			0 		0 				0 	11 
Romania	0 	0 	21 	2371 		4 	0 	112 	50 		0 	477 	105 		0 	0 		0 			77 	211 	371 		51 	167 	414 	1804 		277 	104 	23 		0 	0 	448 	0 		343 	180 	367 	0 	20 	0 		43 	2 	111 	4181 			1 		0 	1141 		71 			C 	388 	0 		0 	99 	C 	110 	32 		C 	21 	208 	1 	3 		801 	3252 	0 		C 	18463 
Russian Federation	0 	3 	1974 	1993 	69 	603 	1 	345 	1184 	0 	1 	19 	3378 	55 	15 	206 	26 	0 	0 	5 	2833 	368 	2653 		133 	1912 	12037 	5631 	7 	34 	1493 	113 	1 	0 	0 	4692 	8 	24 	1011 	2694 	158 	136 	1674 	0 		121 	59 	23 	28914 	1143 		5 	1 	0 	13581 	C 	8203 	4 	11 	C 	204 	20 	2 		2029 	C 	82 	89 	50 	C 	3909 	4427 	470 	11 		37317 	70899 	4 		C 	219065 
Rwanda	0 		0 	0 			0 		0 		0 	0 			0 	0 		0 			0 		11 		0 		1 	36 		0 	1 	0 		0 	0 	10 	0 		7 	1 		0 	0 	0 			0 		93 			85 		0 	21 		2 				0 	0 		0 	0 	C 	0 	0 	0 	C 	0 	1 		0 		18 	125 			0 	412 
Saint Helena	0 		0 	0 			0 		0 		0 	0 			0 	0 		0 			0 		0 		0 			0 		0 	0 	0 		0 	0 	0 	0 			0 		0 	0 	0 			0 		0 	0 				0 	0 						0 	0 		0 	0 	C 	0 	0 			0 	0 		0 		0 	0 			0 	0 
Saint Pierre and Miquelon	0 		0 	0 			0 		0 		0 	0 			0 	0 		0 			0 		0 		0 			0 		0 	0 	0 		0 	0 	0 	0 			0 		0 	0 	0 			0 		0 					0 	0 						0 	0 		0 	0 		0 				0 			0 		0 	0 			0 	0 
Samoa	0 		0 	0 			0 		0 		0 	0 			0 	0 		0 			0 		0 		0 			0 		0 	0 	0 		0 	0 	0 	0 			0 		0 	0 	0 			0 		0 					0 	0 						0 	0 		0 	0 		0 	0 			0 	0 	10 	0 		0 	0 			0 	10 
San Marino	0 		0 	0 			0 		0 		0 	0 			0 	0 		0 			0 		0 		0 			0 		0 	0 	0 		0 	0 	0 	0 		43 	0 		0 	0 	0 			0 		0 					0 	0 						0 	0 		0 	0 		0 	0 			0 	0 		0 		0 	0 			0 	43 
Sao Tome and Principe	0 		0 	0 			0 		0 		0 	0 			0 	0 		0 			0 		0 		0 			0 		0 	0 	0 		0 	0 	0 	0 			0 		0 	0 	0 			0 		0 					0 	0 						0 	0 		0 	0 		0 	0 			0 	0 		0 		0 	0 			0 	0 
Saudi Arabia	0 		14 	0 		1275 	0 		0 		0 	0 	37 		0 	47 		0 		2 	0 		0 	327 	0 		1905 	0 		0 	180 	0 	0 	0 	9 	40 	168 			2 	25 	0 	2 	0 	2612 		216 		11 	187 		3 		0 	517 			187 			0 	0 		0 		C 	0 	0 			0 	51 	30 	0 		7054 				C 	14900 
Senegal	0 		0 	1 		73 	0 	0 	0 		0 	0 			0 	69 		0 		0 	0 		57 		0 	C 	128 	74 		0 	15 	0 		0 	0 	110 	0 		2 	16 	28 	0 	13 	0 		0 	0 		227 	0 		21 		0 	54 						0 	0 		0 	0 		0 	0 	15 		0 	3 		0 		27 	57 			0 	991 
Serbia, Republic of	0 		C 	112 			0 	1 	0 		0 	2 	70 		0 	0 		0 		0 	28 	0 	233 		5 	29 	651 	323 		3 	22 	0 		0 	0 	28 	0 		57 	83 	5 	0 	4 	32 	22 	2 	3 	1 	2814 					0 	266 						C 	0 	C 	0 	52 		3 	34 			28 	29 		0 		167 	2464 			C 	7572 
Seychelles	0 		0 	4 			0 	0 	0 		0 	0 		3 	0 	0 		0 			0 		10 		0 		0 	11 		0 	0 	0 	0 	0 	0 	14 	0 		23 	0 		0 	0 	0 			1 		14 			67 		0 	0 						C 	0 		1 	0 		0 	0 		C 	0 	39 		0 		4 	22 			0 	212 
Sierra Leone	0 		0 	0 			0 		0 		0 	0 			0 	0 		0 			0 		0 		0 			0 		0 	0 	0 		0 	0 	0 	0 			0 		0 	0 	0 			0 		0 	0 		10 		0 	3 						0 	0 		0 	0 		0 	0 			7 	0 		0 		228 	0 			0 	248 
Singapore	0 	1 	2625 	232 		44 	64 	272 	3049 		8 	0 	4970 	3 	54 	16496 	627 	32 		11 	5 	1 	661 	7 	0 	367 	1801 	2830 	7 	1 	776 	1 	2 	7 	606 	13348 	57 	37 	211 	14806 	427 	763 	1744 	0 	6 	11 	4 	2 	22483 	20089 		1311 		15 	8175 	C 	4290 		0 	69 	C 	8 		1 	1980 		0 	5 	426 	C 	1250 	4888 	498 	0 		21325 	89055 			7656 	250499 
Sint Maarten	0 		0 	0 			0 		0 		0 	0 			0 	0 		0 			0 		0 		0 			0 		0 	0 	0 		0 	0 	0 	0 		1267 	0 		0 	0 	0 			0 		0 					0 	0 						0 	0 		0 	0 		0 	0 			0 	0 		0 		118 	0 	0 		0 	1385 
Slovak Republic	0 	0 	C 	5798 			0 	3373 	1 		0 	56 	39 		0 	0 	33 	0 		1 	2 	3594 	79 		34 	121 	1535 	9145 		8 	4 	91 	0 	0 	0 	605 	0 	1 	806 	306 	201 	0 	75 	0 		15 	2 	34 	1313 		47 			0 	994 		282 				42 	69 		0 	5 			277 		C 	0 	1534 		0 		202 	484 			C 	31211 
Slovenia	0 	1 	C 	1644 		5 	0 	677 	0 		0 	159 	43 	1 	0 	16 		0 		2 	0 	215 	132 		36 	116 	1921 	3171 		1 	0 	113 	0 	0 	0 	229 	0 	26 	753 	173 	198 	0 	25 	6 		54 	2 	82 	2358 					0 	331 		386 				295 	113 	33 	0 	0 	C 	446 		0 	C 	8 	177 	1 	0 		705 	4012 	0 		C 	18667 
Solomon Islands	0 		0 	0 			0 		0 		0 	0 			0 	0 		0 			0 		0 		0 			0 		0 	0 	0 		0 	0 	0 	0 			0 		0 	0 	0 			0 		0 					0 	0 						0 	0 		0 	0 		0 	0 			0 	0 	0 	0 		0 	0 			0 	0 
Somalia	0 		0 	0 			0 		0 		0 	0 			0 	0 		0 			0 		0 		0 			0 		0 	0 	0 		0 	0 	0 	0 			0 		0 	0 	0 			0 		0 					0 	0 						0 	0 		0 	0 		0 	0 			0 	0 		0 		0 	0 			C 	0 
South Africa	0 	4 	2602 	241 		109 	6 	275 	288 		1 	2 	3958 	13 	23 	61 	2 	2 	0 	3 	1 	2 	1828 		1 	194 	1120 	4729 	5 	6 	655 	4 	0 	8 	0 	8272 	5 	64 	548 	4244 	133 	32 	643 	0 		6 	68 	0 	16747 	0 	2 	2041 		0 	7744 	C 	5482 		5 	6 	2 	206 	C 	3 	1097 	C 	1 	23 		C 	1320 	2469 	365 	0 		17703 	76665 	2 		C 	162041 
South Sudan	0 		0 	0 			0 		0 		0 	0 	0 		0 	0 		0 			0 		0 		0 			0 		0 		0 		0 	0 	0 	0 			0 		0 	0 	0 			0 		0 					0 	0 						0 	0 		0 	0 		0 	0 			0 			0 		0 	0 	0 		0 	0 
Spain	152 	4 	3955 	11200 		163 	2 	28926 	494 	1 	519 	91 	7378 	15 	488 	758 	50 	32 	2 	15 	135 	401 	8568 		66 	6284 	221805 	169793 	28 	3959 	815 	7 	12 	0 	3 	63996 	8 	192 	55634 	29124 	1146 	127 	1446 	0 		7 	76 	23 	91366 	5 	333 	2 	417 	0 	65990 	C 	27501 		16 	1 	89 	22206 	67 	1 	1399 	C 	3359 	283 	88 		5669 	12833 	33 	3 		69600 	132955 	93 		C 	1052207 
Sri Lanka	0 		C 	25 			0 	1 	116 		0 	0 	34 		0 	293 		0 		0 	0 		196 	1 	0 	22 	61 	237 		0 	18 	0 		9 	1 	86 	0 		79 	76 	2 	0 	1 	0 		1 	0 		2871 	1 		17 		0 	298 						0 	0 		0 	98 	C 	0 	0 	0 	C 	7 	27 	0 	0 		424 	3359 			C 	8361 
St. Kitts and Nevis	0 		0 	0 			0 		0 		2 	0 			0 	0 		0 			0 		0 		0 			0 		0 	0 	0 		0 	0 	0 	0 		0 	0 		0 	0 	0 			0 		0 					0 	0 						0 	0 		131 	0 		0 	0 			0 			0 		0 	0 			0 	133 
St. Lucia	0 		0 	0 			16 		1 		1 	0 		1 	0 	0 		0 			0 		0 		0 			0 		0 	0 	0 		0 	0 	0 	0 			0 		0 	0 	0 			0 		0 					0 	0 						0 	0 		0 	0 		0 	0 			0 	0 		0 		0 	14 			0 	33 
St. Vincent and the Grenadines	0 		0 	3 			3 	0 	3 		0 	0 			0 	0 		0 			0 		0 		0 		0 	0 		0 	0 	14 		0 	0 	0 	0 			0 		0 	0 	0 			0 		5 					0 	0 						0 	0 		0 	0 		0 	0 			0 	182 		0 		0 	1 			0 	211 
Sudan	0 		0 	0 		6 	0 		0 		0 	0 			0 	0 		0 			0 		0 	13 	0 			0 		0 	5 	0 		0 	0 	0 	0 			0 		0 	0 	0 	36 		4 		0 	0 				0 	0 		4 				0 	0 		0 	0 	C 	0 	0 			0 	0 		0 		0 	0 			0 	66 
Suriname	0 		0 	0 			0 		0 		0 	0 			0 	0 		0 		2 	0 		0 		0 			0 		0 	0 	0 		0 	0 	0 	0 			0 		0 	0 	0 			0 		0 					0 	0 						0 	0 		0 	0 		0 	2 			0 	0 		0 		0 	0 			0 	4 
Swaziland	0 		0 	0 		1 	10 		0 		0 	0 			0 	0 		0 			0 		0 		0 			0 		0 	0 	0 		0 	0 	0 	0 			0 		0 	0 	0 			1 		4 	0 		9 		0 	0 		3 				0 	0 		0 	18 		0 	0 	15 		0 	0 		0 		3 				0 	64 
Sweden	0 	2 	4685 	5973 		5 	412 	5338 	2325 	0 	9 	29 	8717 	138 	223 	2046 	91 	50 	19 	14 	297 	201 	18783 		242 	40720 	51148 	59264 	41 	80 	11893 	5 	145 	0 	0 	34392 	2805 	63 	5428 	44889 	7368 	946 	1055 	10 	2 	261 	4 	99 	87074 	6 	198 		2 	0 	26906 	C 	43571 		3 	C 	676 	737 	9 	0 	1815 	C 	1159 	333 	47 	2383 		26451 	58 	0 		57763 	164526 	168 		28058 	752157 
Switzerland	1 	8 	10634 	5083 	519 	15 	112 	5064 	2573 	0 	667 	19 	22789 	12 	1542 	1413 	29 	3 	1 	14 	27 	84 	6871 	38 	9 	3169 	28820 	43711 	124 	245 	4783 	52 	66 	15 	2 	24501 	401 	594 	8393 	25293 	2090 	530 	3219 	0 	155 	18 	148 	2 	63860 	18 	95 	36 	40 	1 	28360 	538 	40793 		8 	10 	77 	319 	3 	15 	5695 	C 	21 	136 	665 	C 	23191 		12 	5 	2 	89873 	442517 	12 	754 	8885 	909797 
Syrian Arab Republic	0 		0 	0 			0 		0 		0 	0 			0 	0 		0 		0 	0 		0 	1 	0 			0 	10 	0 	0 	0 		0 	0 	14 	0 			0 		0 	0 	0 	81 		2 		0 					0 	0 						0 	0 		0 	52 		0 	0 			0 	0 		0 		0 	0 			0 	160 
Taiwan Province of China	0 	2 	3017 	183 			3 	385 	685 		0 	0 	5850 		4 	4355 	2 	0 		3 	0 	2 	1220 		0 	407 	1931 	2040 		0 	296 	0 	0 	8 	2 	9245 	1 		451 	2634 	249 	0 	924 	0 			0 		20587 	358 		57 	27 	0 	7095 		7951 			C 	C 	14 		0 	2197 	17969 	0 	16 	12 	C 	1595 	2406 	2 	0 		47124 	98142 			C 	239452 
Tajikistan	0 		0 	0 			0 		0 		0 	0 			0 	0 		0 			0 		0 		0 			0 		0 	0 	0 		0 	0 	0 	0 			0 		0 	0 	0 			0 		135 					0 	3 						0 	0 		0 	0 		0 	0 			0 	0 		0 		0 	0 			C 	138 
Tanzania	0 		0 	0 			0 		236 		0 	0 			0 	4 		0 			0 	0 	12 		0 	C 	1 	23 		0 	3 	0 		0 	0 	0 	0 		4 	10 	13 	0 	0 	0 			0 		217 			4 		0 	17 		23 				0 	0 		0 	0 		0 	0 	48 		0 	5 		0 		227 	196 			0 	1044 
Thailand	0 	1 	1386 	182 		38 	0 	179 	58 		0 	0 	2006 	105 	2 	1935 	32 	0 		2 	5 	0 	890 		0 	202 	481 	1711 	10 	0 	183 	0 	1 	22 	12 	3569 	36 		173 	4451 	155 	0 	498 	0 		0 	0 	0 	15710 	730 		221 		0 	3885 	C 	2902 			124 	C 	10 		0 	1146 	11434 	0 	5 	5 	C 	497 	993 		0 		10190 	32696 	0 		C 	98877 
Timor-Leste, Dem. Rep. of	0 		C 	0 			0 		0 		0 	0 			0 	0 		0 			0 		0 		0 			0 		0 	0 	0 		0 	0 	0 	0 			0 		0 	0 	0 			0 		0 					0 	0 						0 	0 		0 	0 	C 	0 	0 			0 	0 		0 		0 				0 	0 
Togo	0 		0 	0 			0 		0 		0 	0 			0 	3 		0 			0 		0 		0 	C 	1 	0 		0 	0 	0 		0 	0 	7 	0 			0 		0 	0 	0 			0 		82 	0 				0 	0 						0 	0 		0 	0 		0 	0 			0 	0 		0 		0 	17 			0 	110 
Tokelau Islands	0 		0 	0 			0 		0 		0 	0 			0 	0 		0 			0 		0 		0 			0 		0 	0 	0 		0 	0 	516 	0 			0 		0 	0 	0 			0 		0 					0 	0 						0 	0 		0 	0 		0 	0 			0 			0 		0 	0 			0 	516 
Tonga	0 		0 	0 			0 		0 		0 	0 			0 	0 		0 			0 		0 		0 			0 		0 	0 	0 		0 	0 	0 	0 			0 		0 	0 	0 			0 		0 			3 		0 	0 		2 				0 	0 		0 	0 		0 	0 			0 	0 		0 		0 	0 			0 	5 
Trinidad and Tobago	0 	11 	0 	26 		6 	47 		0 		0 	0 	27 	30 	1 	0 		0 		30 	0 		62 		0 	C 		154 		0 	0 	0 		0 	0 	0 	0 		2 	134 		0 	6 	0 			0 		135 					0 	51 		6 		15 		0 	0 		0 	14 		0 	0 		C 	0 	7 		0 		70 	1058 	0 		C 	1896 
Tunisia	0 		C 	58 		54 	0 	8 	0 		0 	0 	1 		0 	5 		0 	2 	0 	11 		11 		0 		461 	205 		0 	6 	0 		0 	0 	185 	0 		95 	798 	3 	0 	0 	0 	168 	1 	0 		37 	0 				0 	52 		8 				0 	0 		0 	35 		0 	0 	2 		0 	4 		0 		53 	563 			C 	2825 
Turkey	0 	2 	750 	1365 	1 	6565 	0 	268 	219 		0 	107 	1227 	81 	3 	380 	2 	0 	3 	0 	1 	136 	1672 	14 	55 	628 	2977 	6152 	7 	1098 	578 	59 	0 	0 	4 	4598 	0 	29 	1116 	5626 	1566 	0 	326 	0 	1767 	18 	63 	12 	14458 	22 	14486 	137 		0 	5275 	C 	3378 	21 	6 	C 	660 	33 	119 	27 	2261 	C 	26 	41 	4 	C 	640 	1738 	1231 			19200 	38597 	1 		C 	141837 
Turkmenistan	0 		0 	0 			1 		0 		0 	0 			0 	0 		0 			0 		0 		0 			0 		0 	0 	0 		0 	0 	0 	0 			0 		0 	0 	0 			0 		0 					0 	0 						0 	0 		0 	0 		1 	0 			0 	0 		0 		4 	0 			C 	6 
Turks and Caicos Islands	0 		0 	0 			0 		0 		175 	0 			0 	0 		0 			0 		0 		0 		4 	0 		0 	0 	0 		0 	0 	0 	0 		2 	3 		0 	0 	0 			0 		7 					0 	0 				0 		0 	0 		0 	0 		0 	0 			0 	49 		0 		0 	108 			0 	349 
Tuvalu	0 		0 	0 			0 		0 		0 	0 			0 	0 		0 			0 		0 		0 			0 		0 	0 	0 		0 	0 	0 	0 			0 		0 	0 	0 			0 		0 					0 	0 						0 	0 		0 	0 		0 	0 			0 	0 		0 		0 	0 			0 	0 
Uganda	0 		0 	0 			0 		0 		0 	0 			0 	C 		0 			0 		0 		0 	C 		0 		0 	6 	0 		0 	0 	8 	0 			0 		0 	0 	0 			0 		63 			16 		0 	0 		21 				0 	0 		0 	0 	C 	0 	0 	7 		0 	0 		0 		57 	43 			0 	221 
Ukraine	0 	0 	18 	119 			0 	3 	141 		2 	17 	202 		0 	11 		0 			1021 	3 	449 		4 	17 	360 	325 	3 	112 	255 	0 	1 	0 	0 	30 	0 		182 	154 	21 	2 	22 	0 		23 	3 	28 	4035 			1 		0 	684 		0 				68 	0 	5 	3059 	245 	C 	19 	0 		C 	36 	87 	0 	11 		779 	6483 			C 	19042 
United Arab Emirates	0 	0 	351 	236 		4088 	0 	248 	1301 		0 	3 	515 	3 	4 	879 	142 	0 		0 	0 	1 	220 	72 	17 	70 	1405 	1979 	13 	10 	1122 	1 	0 	2 	2 	2555 	0 		283 	852 	944 	1 	98 	0 	2550 	1 	370 	1 	5625 	727 		117 		0 	1005 	C 	287 	83 	1 	C 	C 	7 		0 	4839 	C 	0 	7 	1 	C 	103 	6262 	579 	1 		3438 				C 	43423 
United Kingdom	25 	28 	60248 	18342 	321 	1450 	538 	34910 	26317 	1 	209 	1435 	84471 	333 	4650 	65569 	903 	269 	85 	185 	573 	587 	29406 	146 	124 	22003 	243002 	227527 	1403 	31966 	43789 	113 	1266 	8 	257 	357231 	27182 	4605 	65759 	200072 	47675 	3988 	12045 	0 	1463 	211 	648 	75 	266681 	2669 	2634 	961 	149 	4 	137280 	3450 	111868 	13 	59 	254 	382 	10442 	430 	241 	12669 	40667 	2041 	605 	71759 	C 	53569 	85810 	414 	87 	48 		1344095 	250 	894 	181501 	3955340 
United States	21874 	341 	241718 	27054 	6803 	7251 	10315 	39354 	274228 	452 	10757 	408 	629737 	20582 	59563 	90160 	1109 	15895 	343 	3524 	189 	2114 	97122 	1353 	229 	35849 	241165 	262827 	295 	1947 	39243 	1267 	2437 	597 	1591 	637315 	3335 	60874 	69221 	1182322 	45009 	38430 	62640 	42 	1435 	625 	1862 	144 	724763 	17911 	868 	5204 	48667 	26 	388921 	17268 	265647 	3 	5556 	1869 	1928 	9060 	317 	707 	56216 	237766 	756 	1382 	29693 	26685 	129548 	202554 	4416 	232 	55 	977038 		1410 	4726 	2361203 	9775345 
Uruguay	3 	0 	C 	39 	11 		0 	2 	0 		43 	0 	74 		67 	10 		0 	7 	102 	0 		273 		0 	46 	7 	570 		0 	83 	0 		0 	0 	25 	0 		65 	871 	10 	0 	0 	0 			0 		4428 					0 	447 		31 				0 	0 		0 	114 	C 	0 	0 		C 	2 	61 	1 	0 		461 	3168 			C 	11021 
US Pacific Islands	0 		0 	0 			0 		0 		0 	0 			0 	0 		0 			0 		0 		0 			0 		0 	0 	0 		0 	0 		0 			0 		0 	0 	0 			0 		22 			0 		0 	0 		2 				0 	0 		0 	0 		0 	0 			0 			0 		0 				0 	24 
US Virgin Islands	0 		C 	0 		2 	0 	0 	2 		10 	0 		1 	1007 	83 		0 		13 	0 		1 		0 	C 	1 	0 		0 	0 	0 		0 	0 	141 	0 	21 	0 	546 		0 	0 	0 			0 		5 	32 		35 		0 	0 		0 				0 	0 		0 	0 	C 	0 	0 	6 		17 			0 		79 		0 		C 	2001 
Uzbekistan	0 		C 	0 			0 		0 		0 	0 			0 	0 		0 			0 		0 		0 			0 		0 	0 	0 		0 	0 	4 	0 			0 		0 	3 	0 			0 		3 					0 	0 						0 	0 		0 	0 		0 	0 			0 	0 		0 		0 	0 			C 	10 
Vanuatu	0 		0 	0 			0 		0 		0 	0 			0 	0 		0 			0 		0 		0 			0 		0 	0 	0 		0 	0 	0 	0 			0 		0 	0 	0 			0 		0 					0 	0 						0 	0 		0 	0 		0 	0 			0 	0 		0 		0 	0 			0 	0 
Vatican	0 		0 	0 			0 		0 		0 	0 			0 	0 		0 			0 		0 		0 			0 		0 	0 	0 		0 	0 	0 	0 			0 		0 	0 	0 			0 		0 					0 	0 						0 	0 		0 	0 		0 	0 			0 	0 		0 		0 	0 			0 	0 
Venezuela, Republica Bolivariana de	0 	2 	C 	163 		0 	23 	24 	0 	1 	3 	0 	215 	50 	1 	24 		0 	2 	41 	0 	0 	835 		1 	27 	535 	1317 		12 	116 	0 		0 	0 	68 	1 	1 	1531 	409 	1340 	0 	83 	0 		7 	61 	1 	2937 					0 	1185 			3 	209 		C 	69 	C 	0 	342 	C 	2 	1 		C 	2 	840 	4 	12 		1364 	9902 	52 		C 	23821 
Vietnam	0 		C 	12 			0 	17 	0 		0 	0 	31 		0 	636 		0 		0 	0 	0 	110 		0 	135 	92 	165 		0 	53 	0 		0 	1 	143 	0 		29 	193 	2 	0 	305 	0 		3 	0 		1079 	27 		0 		0 	112 		105 				C 	0 		0 	28 	515 	0 	0 		C 	5 	31 	8 	0 		925 	2093 	0 		C 	6858 
Virgin Islands, British	0 	1 	840 	364 		43 	265 	464 	3127 		461 	0 	2226 	266 	109 	10074 	788 	1 	0 	3797 	52 	8 	338 		15 	641 	1775 	2544 	56 	7 	1926 	3 	0 	1 	97 	2109 	2135 	8 	671 	3664 	2134 	12 	291 	0 	10 	4 	3 	3 	12661 	775 		326 		0 	1729 		690 	11 	10 	183 	17 	105 	C 	86 	37 	2800 	5 	2 	1491 	C 	139 		92 	0 		5609 	61698 	5 		C 	129803 
Wallis and Futuna	0 		0 	0 			0 		0 		0 	0 			0 	0 		0 			0 		0 		0 			0 		0 	0 	0 		0 	0 	0 	0 			0 		0 	0 	0 			0 		0 					0 	0 						0 	0 		0 	0 		0 	0 			0 	0 		0 		0 				0 	0 
West Bank and Gaza	0 		0 	0 			0 		0 		0 	0 			0 	0 		0 			0 		0 		0 			0 		0 	0 	0 		0 	0 	11 	0 			0 	18 	0 	0 	0 			0 		71 					0 	0 						0 	0 		0 	0 		0 	0 			0 	0 		0 		0 	0 			0 	100 
Western Sahara	0 		0 	0 			0 		0 		0 	0 			0 	0 		0 			0 		0 		0 			0 		0 	0 	0 		0 	0 	0 	0 			0 		0 	0 	0 			0 		0 					0 	0 						0 	0 		0 	0 		0 				0 			0 		0 	0 			0 	0 
Yemen, Republic of	0 		0 	0 			0 		0 		0 	0 			0 	0 		0 			0 		0 	0 	0 			0 		0 	0 	0 		0 	0 	0 	0 			0 		0 	0 	0 	8 		0 		0 					0 	0 						0 	0 		0 	0 		0 	0 			0 	0 		0 		3 	0 			0 	12 
Zambia	0 		C 	4 			0 	0 	0 		0 	0 			0 	0 		0 		0 	0 		26 		0 	3 	21 	61 		0 	13 	0 		0 	0 	18 	0 		14 	6 		0 	0 	0 		0 	0 		145 			9 		0 	46 		4 				0 	0 		0 	0 		0 	0 	46 		0 	3 		0 		460 	143 			0 	1021 
Zimbabwe	0 		C 	0 			0 	0 	77 		0 	0 	1 		0 	0 		0 		0 	1 		9 		0 		0 	3 		0 	74 	0 		0 	0 	92 	2 			0 		0 	0 	0 			0 		115 			57 		0 	0 		10 				0 	0 		0 	0 		0 	0 	106 		0 	11 		0 		2 	170 			0 	730 
Not Specified (including Confidential)	29 	1 	C 	0 	25 	747 	350 	2883 	2966 		0 	0 	132 	2 	7851 	437 	2 	0 			0 	666 	2849 		0 	345 	587 	4 	12 	0 		0 	37 	0 	6305 	147617 	385 	10194 	4360 	2 		0 	512 	0 	588 	11 	11 		1934 	111 	848 	484 	4729 	0 	23799 	14650 	15059 	2 	97 	495 	400 	415 	37 	7773 	137 	218946 	0 	1 	242 	186109 	0 	90228 	3773 	3 		176255 	22450 	3 	1018 	551376 	1511283 
International Organizations	0 		C 	8611 		303 	500 	14021 	4628 	0 	0 	67 	2111 	74 	0 	5810 	349 	862 	68 	92 	2305 	0 	2877 	139 	292 	3005 	83860 	109593 	18 	1245 	1448 	1 	7 	0 	0 	10845 	4 		40763 	107482 	1362 	2296 	397 	0 		210 	0 	158 	28194 		595 	1 	51 	0 	9720 		8167 			C 	153 	1519 	151 	1496 	1174 		374 	106 	3 	51968 	5830 	31008 		0 		95282 	61829 	210 	58 	C 	703692 
World	23299 	554 	586654 	355024 	15629 	35247 	22151 	726600 	444649 	533 	25437 	6821 	1073991 	47118 	136764 	1121244 	48850 	23913 	1039 	42641 	16463 	26358 	407361 	2968 	7541 	346074 	2888546 	3083617 	4376 	148856 	212853 	7875 	10638 	1638 	14759 	2241567 	62879 	95527 	1146207 	3411352 	199447 	72801 	168760 	1645 	22373 	5694 	6147 	4544 	3419910 	59976 	27118 	101398 	57017 	387 	1838835 	66580 	1045867 	491 	9224 	5775 	16334 	150592 	3236 	53743 	178178 	890448 	28150 	15746 	166432 	473665 	574463 	1297312 	29966 	986 	172 	4084278 	9108798 	4456 	8228 	4753112 	47827899 