COUNTRY	Argentina	Aruba	Australia	Austria	Bahamas, The	Bahrain, Kingdom of	Barbados	Belgium	Bermuda	Bolivia	Brazil	Bulgaria	Canada	Cayman Islands	Chile	China, P.R.: Hong Kong	China, P.R.: Macao	Colombia	Costa Rica	Curacao and Sint Maarten	Cyprus	Czech Republic	Denmark	Egypt	Estonia	Finland	France	Germany	Gibraltar	Greece	Guernsey	Hungary	Iceland	India	Indonesia	Ireland	Isle of Man	Israel	Italy	Japan	Jersey	Kazakhstan	Korea, Republic of	Kosovo	Kuwait	Latvia	Lebanon	Lithuania	Luxembourg	Malaysia	Malta	Mauritius	Mexico	Mongolia	Netherlands	New Zealand	Norway	Pakistan	Panama	Philippines	Poland	Portugal	Romania	Russian Federation	Singapore	Slovak Republic	Slovenia	South Africa	Spain	Sweden	Switzerland	Thailand	Turkey	Ukraine	United Kingdom	United States	Uruguay	Venezuela, República Bolivariana de	SEFER + SSIO (**)	Value of Total Investment
Afghanistan, Islamic Republic of	0 		0 	0 			0 		0 		0 	0 			0 	0 		0 			0 		0 	0 		0 		0 			0 				0 	0 	0 			0 		0 	0 	0 			0 	0 	0 			0 		0 	0 		6 				0 	0 		0 			0 		C 	0 	0 		0 		0 	0 	0 	0 	0 	6 
Albania	0 		C 	21 			0 		0 		0 	3 			19 	0 		0 			0 		0 	0 		0 	3 	32 	3 	120 	0 				0 	13 	0 		44 	0 		0 	0 	0 				0 	95 					0 	5 		6 				C 	0 		0 			0 		C 	0 	24 		0 		73 	82 	0 	0 	C 	545 
Algeria	0 		0 	0 			0 		0 		0 	0 			0 	25 		0 			2 		3 	0 		0 	399 	0 			0 			0 	0 	0 	0 			0 		0 	0 	0 	165 			0 	0 			6 		0 	0 						0 	16 		0 			0 		0 	0 	1 		0 		1136 	0 	0 	0 	0 	1753 
American Samoa	0 		0 	0 			0 		0 		0 	0 			0 	0 		0 			0 		0 	0 		0 		0 			0 				0 	0 	0 			0 		0 	0 	0 				0 	0 					0 	0 		12 				0 	0 		0 			0 		0 	0 	0 		0 		0 	0 	0 	0 	0 	12 
Andorra	0 		0 	0 			0 		0 		0 	0 			0 	0 		0 			0 		0 	0 		0 	1 	0 			0 				0 	0 	0 			19 	8 	0 	0 	0 				0 	1 					0 	0 						0 	0 		0 			0 		0 	0 	0 		0 		6 	5 	0 	0 	0 	40 
Angola	0 		0 	0 			0 		0 		1 	0 		2 	0 	0 		0 			0 		0 	0 		0 		0 			16 				0 	1 	0 	1 		0 	42 	0 	0 	0 				0 	0 					0 	0 		1 				0 	447 		0 			0 	79 	0 	0 	0 		0 		134 	7 		0 	0 	730 
Anguilla	0 		0 	0 			0 		0 		0 	0 			0 	0 		0 			0 		0 	0 		0 	9 	0 			0 				0 	0 	0 			0 		0 	0 	0 				0 	0 					0 	0 						0 	0 		0 			0 		0 	0 	0 		0 		0 	403 		0 	0 	412 
Antigua and Barbuda	0 		0 	0 			1 	0 	0 		0 	0 			0 	0 		0 			0 	0 	0 	0 		0 	0 	0 		0 	0 				0 	4 	0 		1 	0 		0 	0 	0 		30 		0 	1 	0 				0 	0 						0 	0 		0 	C 		0 		C 	0 	0 		0 		0 	44 		0 	0 	81 
Argentina			18 	238 	127 	2 	0 	34 	140 		132 	0 	105 	56 	147 	42 		2 	7 	12 	4 	2 	544 	0 		C 	291 	780 		3 	187 	0 	1 		0 	175 	1 	1 	2972 	575 	15 	0 	27 	0 		3 	22 	0 	3113 	0 		18 	1 	0 	621 		44 		17 	0 	5 	0 		1 	C 		0 	2 	C 	19 	178 	0 	1 		2234 	9584 	89 	112 	C 	22704 
Armenia, Republic of	0 		0 	0 			0 		0 		0 	0 			0 	0 		0 			0 		0 	0 		0 	17 	0 			0 				0 	0 	0 			0 		0 	0 	0 				0 	140 					0 	3 				0 		0 	0 		1 			0 		0 	0 	1 		0 		0 	0 		0 	0 	161 
Aruba	0 		0 	10 			1 		0 		1 	0 		22 	0 	0 		0 		247 	0 		0 	0 		0 		3 			1 				0 	4 	0 		0 	534 		0 	0 	0 				0 	6 					0 	0 				0 		0 	0 		0 			0 		0 	0 	1 		0 		48 	548 		0 	0 	1426 
Australia	2 	2 		2163 	18 	162 	1055 	4949 	7166 	5 	9 	0 	19073 	285 	51 	30373 	548 	24 	7 	80 	108 	73 	1303 	0 		1227 	23449 	18733 	5 	84 	1319 	3 	22 	138 	129 	22720 	233 	440 	4627 	156562 	1977 	1201 	2371 	0 		36 	51 	8 	41022 	1301 	345 	260 	8 	65 	20416 	15671 	10908 	0 	27 	188 	1 	503 	0 	67 	24679 	169 	143 	505 	1824 	5914 	25029 	2419 	2 		89755 	333584 	57 	2 	83699 	961357 
Austria	0 		1384 		15 	25 	212 	15084 	1059 		208 	89 	946 	15 	56 	423 	14 	1 	56 	1 	186 	2411 	3253 	0 	168 	3844 	72705 	92011 	17 	769 	572 	877 	17 		2 	6631 	29 	79 	17717 	16236 	1891 	439 	64 	44 		19 	0 	45 	27583 	50 	428 			0 	32357 	C 	5841 	0 	1 		442 	2028 	500 	90 	C 	1589 	922 	39 	6753 	574 	2064 		5 		7107 	11522 	36 	0 	46843 	386392 
Azerbaijan, Republic of	0 		0 	0 			0 		0 		0 	0 			0 	0 		1 			0 		0 	0 		0 		0 			7 				0 	0 	0 			0 	34 	0 	0 	0 			0 	0 	116 					0 	3 		1 		0 		0 	0 		1 			0 		0 	0 	4 		0 		67 	7 		0 	0 	240 
Bahamas, The	0 		C 	57 			368 	9 	0 		2509 	0 	288 	665 	8 	11 	12 	0 		785 	0 	0 	281 	0 		108 	379 	10 	1 		456 	0 			0 	308 	2 		59 	1692 	696 	0 	0 	0 	118 	0 	0 	0 	1248 	7 				0 	98 		90 		7 	0 	0 	32 		2 	C 		0 	0 	C 	127 	1770 		0 		35 	5253 	0 	0 	0 	17493 
Bahrain, Kingdom of	0 		0 	38 			0 	3 	116 		0 	0 	1 		0 	48 	0 	0 			17 	0 	17 	64 		0 	120 	94 	1 	3 	59 			0 	0 	61 	0 		8 	36 	496 	0 	0 	0 	6781 		332 	0 	145 	52 				0 	9 		80 	11 	1 	0 	0 	0 	C 	0 	C 		0 		C 	0 	51 	0 	6 		489 	0 		0 	0 	9140 
Bangladesh	0 		0 	0 			0 	1 	0 		0 	0 			0 	349 		0 			1 		94 	0 		0 		0 			0 			0 	4 	8 	0 			0 	31 	0 	0 	0 	38 			0 	29 					0 	0 		2 		0 		0 	0 		0 	C 		0 		0 	0 	0 		0 		174 	80 		0 	0 	811 
Barbados	0 	2 	0 	34 				1 	199 		0 	0 	45 	9 	0 	0 		0 	5 		0 		15 	0 		0 		32 			52 				0 	100 	0 		3 	24 		0 	0 	0 				0 	164 					0 	19 				3 		0 	0 		0 			0 		0 	0 	9 	23 	0 		68 	1580 	0 	0 	C 	2388 
Belarus	0 		0 	12 		1 	0 		0 		0 	5 			0 	0 		0 			49 		26 	0 		0 	9 	39 			37 	1 	0 		0 	4 	0 	1 	35 	13 		0 	0 	0 		0 	0 	1 	199 					0 	22 				0 		0 	0 	C 	551 	C 	0 	0 		0 	0 	0 		1 		285 	239 	0 	0 	0 	1533 
Belgium	0 	0 	1024 	4182 		49 	10 		1204 		115 	129 	2625 		19 	360 	7 	0 	1 	22 	691 	2111 	1776 	17 	181 	1803 	102714 	33683 	26 	273 	572 	135 	2 	1 	0 	10089 	13 	26 	8347 	14326 	1208 	104 	241 	39 	62 	6 	68 	20 	47742 	0 	224 			0 	24232 	C 	6526 	0 	0 	0 	45 	2605 	0 	4 	C 	352 	577 	22 	8248 	1246 	5771 	5 	0 		29938 	34015 	65 	0 	44531 	394432 
Belize	0 		0 	4 		0 	1 	0 	0 		5 	0 		1 	0 	3 		0 	2 		0 		25 	0 		0 	4 	12 			0 				0 	4 	0 		1 	2 		0 	0 	0 		23 		0 	17 			7 		0 	8 				0 		0 	0 		19 	C 		0 		C 	0 	0 		0 		0 	308 	0 	0 	0 	445 
Benin	0 		0 	0 			0 		0 		0 	0 			0 	0 		0 			0 		2 	0 		0 	18 	0 			0 				0 	0 	0 			0 	23 	0 	0 	0 				0 	5 					0 	0 				0 		0 	0 		0 			0 		0 	0 	0 		0 		0 	1 		0 	0 	49 
Bermuda	0 	1 	3308 	322 	30 	92 	57 	843 			2658 	2 	9428 	9 	43 	73525 	533 	0 	1 	185 	69 	69 	1473 	0 	6 	962 	4872 	2091 	2 	10 	3718 	7 	15 	96 	13 	5742 	653 	74 	715 	19942 	336 	12 	642 	0 	53 	1 	9 	2 	18441 	162 		47 		0 	5026 	C 	3724 	1 	16 	0 	5 	30 	0 	194 	5912 		7 	13142 	245 	2468 	3729 	20 	1 		13456 	160894 	41 	0 	C 	360179 
Bhutan	0 		0 	0 			0 		0 		0 	0 			0 	0 		0 			0 		0 	0 		0 		0 			0 				0 	0 	0 			0 		0 	0 	0 				0 	0 					0 	0 		14 		0 		0 	0 		0 			0 		0 	0 	0 		0 		0 	0 		0 	0 	14 
Bolivia	0 		0 	0 			0 		0 		64 	0 		1 	0 	0 		0 			0 		0 	0 		0 		0 			0 				0 	0 	0 			0 		0 	0 	0 				0 	50 					0 	5 				0 		0 	0 		0 			0 		0 	0 	1 		0 		205 	0 	2 	0 	0 	328 
Bonaire, Sint Eustatius and Saba	0 		0 	0 			0 		0 		0 	0 			0 	0 		0 			0 		0 					0 			0 				0 	0 				0 		0 	0 	0 				0 	75 					0 	0 				0 		0 	0 		0 			0 		0 	0 	0 		0 		0 	0 		0 	0 	75 
Bosnia and Herzegovina	0 		0 	8 			0 		0 		0 	0 			0 	0 		0 		0 	0 		66 	0 		C 	1 	14 			4 		0 		0 	30 	0 		-2 	0 		0 	5 	0 	27 			146 	257 	20 				0 	10 				0 		0 	0 		0 			45 		0 	0 	0 		0 		86 	102 		0 	0 	820 
Botswana	0 		0 	0 			0 		0 		0 	0 			0 	0 		0 			0 		2 	0 		0 	0 	0 			0 				0 	9 	0 			0 	12 	0 	0 	0 				0 	1 			78 		0 	1 				0 		0 	0 		0 			0 	55 	0 	0 	0 		0 		11 	63 		0 	0 	233 
Brazil	424 	1 	3504 	468 	4174 	737 	7 	539 	4311 	8 		1 	11719 	17366 	3970 	241 	18 	259 	51 	120 	1 	15 	3218 	0 	4 	C 	7759 	5037 	3 	31 	2530 	6 	4 	0 	0 	11599 	11 	64 	1987 	28890 	388 	0 	4470 	0 		2 	18 	0 	53001 	14 		2 	314 	0 	11839 	182 	7915 		463 	0 	1 	1102 	C 	14 	C 	9 	89 	509 	C 	2159 	3496 	5 	42 		106009 	196178 	139 	30 	C 	497464 
British Indian Ocean Territory	0 		0 	0 			0 		0 		0 	0 			0 	0 		0 			0 		0 	0 		0 		0 			0 				0 	0 	0 			0 		0 	0 	0 				0 	0 					0 	0 				0 		0 	0 		0 			0 		0 	0 			0 		0 	0 		0 	C 	0 
Brunei Darussalam	0 		0 	0 			0 		0 		0 	0 			0 	0 		0 			0 		0 	0 		0 	19 	0 			0 				1 	0 	0 			0 	5 	0 	0 	0 				0 	0 	0 				0 	0 				0 		0 	0 		0 	C 		0 		0 	0 	0 		0 		0 	0 	0 	0 	0 	25 
Bulgaria	0 		C 	371 			0 	3 	0 		0 				0 	0 		0 			37 	0 	10 	0 	9 	C 	171 	274 		630 	0 	16 	0 		0 	57 	0 		31 	6 	11 	0 	0 	0 		7 		5 	104 	0 				0 	21 				0 		3 	0 	52 	3 	C 	15 	2 		C 	4 	30 		0 		21 	216 	0 	0 	0 	2111 
Burkina Faso	0 		0 	0 			0 		0 		0 	0 			0 	0 		0 			0 		0 	0 		0 	31 	0 			0 				0 	0 	0 			0 		0 	0 	0 				0 	0 					0 	0 				0 		0 	0 		0 			0 		0 	0 	0 		0 		0 	0 		0 	0 	31 
Burundi	0 		0 	9 			0 		0 		0 	0 			0 	0 		0 			0 	0 	7 	0 		0 		0 			0 				0 	0 	0 		8 	0 		0 	0 	0 				0 	53 					0 	0 				0 		0 	0 		0 			0 		0 	0 	0 		0 		0 	0 		0 	0 	77 
Cambodia	0 		0 	0 			0 		0 		0 	0 			0 	C 		0 			0 		0 	0 		0 		0 			0 				0 	1 	0 			0 		0 	0 	0 				0 	147 	0 				0 	0 		3 		0 		0 	0 		0 			0 		0 	0 	3 		0 		0 	0 		0 	0 	154 
Cameroon	0 		0 	0 			0 		0 		0 	0 			0 	0 		0 			0 		0 	0 		0 	547 	0 			0 				0 	1 	0 			0 		0 	0 	0 				0 	7 	0 				0 	0 				0 		0 	0 		0 			0 		0 	0 	0 		0 		38 	3 		0 	0 	597 
Canada	7 	5 	15219 	2055 	34 	80 	1507 	3379 	13533 	5 	37 	3 		340 	1531 	6896 	245 	442 	9 	108 	352 	70 	2726 	0 	6 	794 	22718 	22137 	33 	389 	1720 	9 	129 	7 	0 	22651 	122 	185 	2701 	60659 	864 	1260 	1288 	0 	40 	118 	34 	3 	40641 	31 	50 	23 	43 	8 	12048 	C 	16857 		54 	0 	53 	236 	6 	947 	C 	8 	44 	287 	535 	7523 	27805 	76 	6 		29236 	736180 	84 	5 	74215 	1133454 
Cabo Verde	0 		0 	0 			0 		0 		0 	0 			0 	0 		0 			0 		0 	0 		0 		0 			0 				0 	0 	0 			0 		0 	0 	0 				0 	0 					0 	0 				0 		0 	64 		0 			0 		0 	0 	0 		0 		0 	0 		0 	C 	64 
Cayman Islands	0 	4 	C 	5066 	104 	1212 	356 	3702 	5451 		4289 	0 	11988 		578 	178431 	1051 	490 	10 	3688 	94 	38 	5315 	138 	30 	9035 	35492 	24560 	49 	503 	28328 	3 	61 	8 	82 	28314 	2085 	171 	4162 	560358 	6727 	5 	5706 	0 	7814 	11 	75 	7 	56249 	749 	107 	418 	751 	0 	20671 	C 	4680 		112 	293 	C 	8837 	8 	94 	7361 	32 	27 	131 	C 	7307 	30819 	344 	114 		109174 	708764 	59 	12 	C 	1892706 
Central African Republic	0 		0 	0 			0 		0 		0 	0 			0 	0 		0 			0 		0 	0 		0 	0 	0 			0 				0 	0 	0 			0 		0 	0 	0 				0 	0 					0 	0 				0 		0 	0 		0 			0 		0 	0 	0 		0 		0 	0 		0 	0 	0 
Chad	0 		0 	0 			0 		0 		0 	0 			0 	0 		0 			0 		0 	0 		0 		0 			0 				0 	0 	0 			0 		0 	0 	0 				0 	0 					0 	0 				0 		0 	0 		0 			0 		0 	0 	0 		0 		0 	0 		0 	0 	0 
Chile	7 		292 	83 	7 	67 	1 	16 	581 	11 	71 	0 	606 	85 		72 	4 	27 	4 	99 	0 	0 	293 	0 		C 	476 	906 			130 	1 	0 	2 	0 	701 	0 	1 	60 	622 	148 	0 	91 	0 		0 		0 	3598 	0 		4 	2 	0 	956 	C 	649 		120 		0 	0 		0 	C 	1 	3 	1 	C 	200 	384 	57 	0 		4184 	23871 	226 	8 	C 	39727 
China, P.R.: Hong Kong	0 	1 	6206 	373 		9 	0 	307 	475 		8 	0 	7879 	104 	20 		7978 	0 	0 	21 	3 	19 	1638 	0 	1 	550 	4064 	2207 	1 	13 	556 	6 	17 	69 	165 	10077 	211 	144 	612 	14513 	326 	35 	5588 	0 	59 	0 	3 	0 	25737 	2375 		1339 		106 	8251 	C 	3108 	2 	5 	169 	C 	46 		8 	14168 	1 	48 	144 	5067 	2516 	2860 	1129 	2 		33696 	115644 	0 	0 	C 	280680 
China, P.R.: Macao	0 		C 	0 			0 		0 		0 	0 			0 	291 		0 			0 		0 	0 		0 		0 			0 				0 	1 	0 			47 	2 	1 	8 	0 				0 	13 					0 	0 				0 		0 	122 		0 	C 		0 		0 	8 	0 	28 	0 		94 	0 		0 	0 	616 
China, P.R.: Mainland	22 	0 	3215 	365 		11 	27 	372 	618 		3 	0 	6158 	25 	78 	213678 	4429 	0 	8 	7 	1 	328 	1128 	4 		510 	10490 	2355 	4 	10 	1653 	3 	5 	0 	312 	13589 	42 	44 	655 	10650 	393 	33 	6986 	0 	332 	0 	67 	3 	34863 	416 		7399 	40 	1 	7358 	C 	3614 		9 	255 	C 	27 		12 	43777 	1 	72 	277 	C 	1532 	1689 	655 	5 		29331 	76799 	1 	0 	C 	486745 
Christmas Island	0 		0 	0 			0 		0 		0 	0 			0 	0 		0 			0 		0 	0 		0 		0 			0 				0 	0 	0 			0 		0 	0 	0 				0 	1 					0 	0 				0 		0 	0 		0 			0 		0 	0 	0 		0 		0 	0 		0 	0 	1 
Cocos (Keeling) Islands	0 		0 	0 			0 		0 		0 	0 			0 	0 		0 			0 		0 	0 		0 	0 	0 			0 				0 	0 	0 			0 		0 	0 	0 				0 	0 					0 	0 				0 		0 	0 		0 			0 		0 	0 	0 		0 		0 	0 		0 	0 	0 
Colombia	0 		80 	79 	29 	1 	70 	11 	1721 	9 	11 	0 	294 	66 	685 	11 			17 	87 	0 	0 	600 	0 		C 	315 	1269 		0 	290 				0 	537 	0 		123 	1612 	133 	0 	34 	0 		0 		0 	3322 	0 		11 		0 	1287 	C 	75 		819 		0 	0 		0 	C 	1 	0 		C 	67 	147 	1 	0 		1950 	15415 	192 	9 	0 	31383 
Comoros	0 		0 	0 			0 		0 		0 	0 			0 	0 		0 			0 		0 	0 		0 		0 			0 				0 	0 	0 			0 		0 	0 	0 				0 	0 					0 	0 				0 		0 	0 		0 			0 		0 	0 	0 		0 		0 	0 		0 	0 	0 
Congo, Democratic Republic of	0 		0 	0 			0 	21 	0 		0 	0 			0 	0 		0 			0 		0 	0 		0 	21 	0 			0 				0 	1 	0 			0 	2 	0 	0 	0 				0 	4 			17 		0 	0 				0 		0 	0 		0 			0 	12 	0 	0 	0 		0 		421 	0 		0 	0 	498 
Congo, Republic of	0 		0 	0 			0 		0 		0 	0 			0 	0 		0 			0 		29 	0 		0 	0 	0 			0 				0 	6 	0 		0 	0 		0 	0 	0 				0 	14 					0 	3 				0 		0 	0 		0 			0 		0 	0 	0 		0 		13 	177 		0 	0 	242 
Cook Islands	0 		0 	0 			0 		0 		0 	0 			0 	0 		0 			0 		0 	0 		0 		0 			0 				0 	0 	1 			0 		0 	0 	0 				0 	0 					0 	0 				0 		0 	0 		0 	C 		0 		0 	0 	0 		0 		0 	6 		0 	C 	7 
Costa Rica	0 		0 	4 			3 		77 		0 	0 		13 	2 	C 		0 			0 		1 	0 		0 	3 	23 		0 	1 				0 	10 	0 		2 	0 		0 	0 	0 				0 	61 					0 	13 				108 		0 	0 		0 			0 		C 	0 	4 		0 		59 	153 	0 	0 	C 	538 
Cote d'Ivoire	0 		C 	6 		1 	0 		0 		0 	0 	1 		0 	C 		0 			0 		81 	0 		0 	142 	14 		0 	46 				0 	5 	0 		3 	22 	12 	0 	0 	0 			0 	0 	266 	0 		16 		0 	44 				0 		0 	0 		0 	C 		0 	11 	0 	0 	0 		0 		285 	289 		0 	C 	1245 
Croatia	0 		C 	1026 		1 	0 	25 	0 		0 	30 	3 		0 	1 		0 			2 	3 	223 	0 	16 	22 	1467 	916 		31 	51 	60 	0 		0 	238 	0 		315 	60 	29 	0 	1 	0 		14 	0 	14 	964 		3 	1 		0 	254 		47 		0 		C 	0 	11 	0 		117 	52 		C 	8 	83 	2 	0 		452 	1337 		0 	0 	7880 
Cuba	0 		0 	0 			0 		0 		0 	0 			0 	0 		0 			0 		0 	0 		0 	0 	0 			8 		1 		0 	0 	0 			0 		0 	0 	0 			2 	0 	0 					0 	0 				0 		0 	0 		0 			0 		0 	6 	0 		0 		36 	0 	190 	33 	0 	277 
Curacao	0 	38 	0 	616 			6 	2683 	55 		0 	10 	1285 	6 	0 	52 	0 	0 	0 		26 	357 	164 		1 		39160 	1603 	1 	98 	9 	27 			0 	584 		20 	1099 	12586 	80 	0 	0 	0 		1 		3 	3260 	1 			1 	0 	1949 		804 		16 		16 	207 	C 	1 	C 		29 		912 	55 	2347 		0 		242 	69707 	2 	0 	C 	140120 
Curacao & St. Maarten																																																																																
Cyprus	0 		C 	445 		4 	0 	212 	17 		0 	1 	100 	1 	0 	610 		0 	0 			67 	73 	0 	17 	96 	291 	1003 	2 	2806 	522 	1 	0 	2 	0 	164 	0 		68 	9 	9 	0 	9 	0 		38 	2 	13 	1197 	10 	24 	73 		0 	216 	C 	580 		0 		86 	0 	3 	5236 	C 	158 	6 	3 	C 	193 	70 		0 	11 	1608 	1545 		0 	C 	17601 
Czech Republic	0 		183 	3117 			0 	1887 	7 		0 	505 	125 		0 	103 		0 		1 	19 		186 	0 	39 	C 	2636 	5881 		12 	101 	226 	0 	0 	0 	607 	0 	1 	996 	978 	598 	26 	59 	0 		9 		29 	3779 	1 	10 			0 	2125 	C 	318 		0 		346 	18 	8 	20 	C 	805 	174 		C 	109 	894 		0 		2339 	4279 		0 	C 	33556 
Denmark	0 	0 	1034 	2892 	5 	28 	78 	3227 	926 	2 	1847 	0 	1814 	32 	288 	705 	31 	6 	1 	15 	49 	23 		0 	39 	32121 	11667 	25206 	133 	28 	9075 	3 	123 	0 	0 	4998 	206 	83 	2412 	12611 	1229 	22 	153 	5 	10 	27 	7 	144 	17123 	17 	38 	203 		0 	8378 	C 	25534 		13 	0 	6 	465 	C 	20 	C 	39 	130 	16 	831 	21932 	8882 	6 	0 		17829 	43235 	0 	0 	C 	258002 
Djibouti	0 		0 	0 			0 		0 		0 	0 			0 	0 		0 			0 		0 	0 		0 		0 			0 				0 	0 	0 			0 	3 	0 	0 	0 				0 	0 					0 	0 				0 		0 	0 		0 			0 		0 	0 	0 		0 		0 	0 		0 	0 	3 
Dominica	0 		0 	0 			5 		0 		0 	0 			0 	0 		0 			0 		0 	0 		0 		0 			0 				0 	0 	0 			0 		0 	0 	0 				0 	2 					0 	0 				0 		0 	0 		0 			0 		0 	0 	0 		0 		1 	0 		0 	0 	8 
Dominican Republic	0 		0 	28 	7 	1 	1 	4 	14 		0 	0 	38 	3 	6 	C 		0 	2 	40 	0 		56 	0 		C 	17 	101 			22 				0 	36 	0 		33 	75 	39 	0 	0 	0 			0 	0 	425 					0 	111 				124 		0 	0 		0 			0 		C 	0 	12 		0 		87 	866 		1 	0 	2148 
Ecuador	0 		0 	4 		0 	0 		0 		1 	0 		1 	0 	9 		0 	1 		0 		14 	0 		C 	9 	3 		0 	8 				0 	23 	0 		9 	5 		0 	0 	0 		1 	0 	0 	111 	0 				0 	10 				27 		0 	0 		0 	C 		0 		C 	0 	0 		0 		21 	287 	0 	0 	0 	544 
Egypt	0 		111 	43 		101 	0 	7 	38 		0 	0 	103 		2 	22 		0 		0 	27 	0 	108 			C 	473 	97 		225 	278 	0 		1 	2 	281 	0 		21 	36 	159 	0 	27 	0 	743 	0 	9 	0 	1418 	2 		21 		0 	168 		219 		16 		0 	20 		13 	C 		0 	30 	C 	14 	56 	0 	0 		1650 	4614 	0 	0 	C 	11155 
El Salvador	0 		C 	13 	10 	0 	3 		3 		0 	0 	2 	17 	0 	0 		0 	21 		0 	0 	85 	0 		C 	15 	102 			67 				0 	6 	0 		26 	61 		0 	0 	0 				0 	419 				471 	0 	162 				41 		0 	0 		0 	C 		0 		C 	0 	12 		0 		47 	786 	0 	0 	0 	2371 
Equatorial Guinea	0 		0 	0 			0 		0 		0 	0 			0 	0 		0 			0 		0 	0 		0 		0 			0 		5 		0 	0 	0 			0 		0 	0 	0 				0 	0 					0 	0 				0 		0 	0 		0 			0 		0 	0 	0 		0 		0 	0 		0 	0 	5 
Eritrea	0 		0 	0 			0 		0 		0 	0 			0 	0 		0 			0 		0 	89 		0 		0 			0 				0 	6 	0 			0 		0 	0 	0 				0 	0 	0 				0 	0 				0 		0 	0 		0 			0 		0 	0 	0 		0 		0 	0 		0 	0 	95 
Estonia	0 		C 	72 			0 	16 	0 		0 	0 			0 	0 		0 			0 	9 	31 	0 		253 	20 	52 		0 	2 	1 	0 		0 	141 	0 		0 	1 		0 	0 	0 		97 		147 	241 					0 	27 		17 		0 		41 	0 		39 	C 		2 		C 	157 	26 		0 		11 	120 		0 	0 	1524 
Ethiopia	0 		0 	0 			0 		0 		0 	0 			0 	0 		0 			0 		1 	78 		0 		0 			0 			0 	0 	0 	0 			0 		0 	0 	0 				0 	0 					0 	0 		1 		0 		0 	0 		0 			0 		0 	0 	0 		0 		0 	0 		0 	0 	79 
Falkland Islands	0 		0 	0 			0 	0 	0 		0 	0 			0 	0 		0 			0 		0 	0 		0 	0 	9 			0 				0 	1 	0 		0 	0 		0 	0 	0 		0 		0 	5 	0 				0 	1 				0 		0 	0 		0 	C 		0 		C 	0 	1 		0 		4 	17 		0 	0 	38 
Faroe Islands	0 		0 	1 			0 	1 	0 		0 	0 			0 	0 		0 			0 		789 	0 		7 	0 	6 			1 		25 		0 	13 	0 		0 	0 		0 	0 	0 				0 	18 					0 	3 		9 		1 		0 	0 		0 	C 		0 		C 	0 	1 		0 		0 	19 		0 	0 	893 
Fiji	0 		C 	0 			0 		0 		0 	0 			0 	C 		0 			0 		0 	0 		0 		0 			0 				0 	0 	0 		0 	0 		0 	0 	0 				0 	155 					0 	0 				0 		0 	0 		0 	C 		0 		0 	0 	0 		0 		2 	7 		0 	0 	164 
Finland	0 		680 	4335 	20 	23 	0 	5585 	533 		3 	8 	1216 		0 	608 	20 	0 	4 	17 	155 	45 	9611 	0 	396 		16051 	25076 	8 	43 	1314 	2 	63 		0 	11015 	134 	34 	3376 	14977 	476 	192 	283 	0 	0 	108 	2 	51 	17334 	0 	66 		0 	0 	16975 	C 	11273 		13 	0 	C 	615 	9 	31 	C 	731 	118 	6 	1443 	27001 	8128 	2 	0 		13270 	23323 	53 	0 	23921 	240777 
France	1 	2 	15325 	27031 	60 	359 	234 	124316 	13646 	89 	108 	397 	22557 	515 	395 	13747 	321 	93 	37 	247 	1613 	1310 	18335 	63 	793 	21600 		301545 	56 	2716 	14781 	192 	360 	0 	110 	99712 	178 	2002 	134947 	142254 	11277 	3169 	3043 	56 	181 	204 	457 	363 	260076 	98 	875 	64 	21 	0 	162013 	C 	56069 	1 	31 	52 	173 	14187 	45 	100 	C 	2823 	1962 	239 	53130 	17102 	92417 	523 	16 		210217 	300683 	104 	2 	503849 	2657669 
French Southern Territories	0 		0 	0 			0 		0 		0 	0 			0 	0 		0 			0 		0 	0 		0 		0 			0 				0 	0 	0 			0 		0 	0 	0 				0 	0 					0 	0 				0 		0 	0 		0 			0 		0 	0 	0 		0 		0 	0 		0 	0 	0 
French Territories: French Polynesia	0 		0 	0 			0 		0 		0 	0 			0 	0 		0 			0 		0 	0 		0 	77 	0 			0 				0 	0 	0 			0 		0 	0 	0 				0 	0 					0 	0 				0 		0 	0 		0 			0 		0 	0 	0 		0 		0 	0 		0 	0 	77 
French Territories: New Caledonia	0 		0 	0 			0 		0 		0 	0 			0 	0 		0 			0 		0 	0 		0 	46 	0 			0 				0 	0 	0 			0 		0 	0 	0 				0 	0 					0 	0 				0 		0 	0 		0 	C 		0 		0 	0 	0 		0 		0 	0 		0 	0 	46 
Gabon	0 		0 	0 			0 	2 	392 		0 	0 			0 	0 		0 			0 		30 	0 		C 	139 	136 			2 				0 	74 	0 		4 	13 	65 	0 	0 	0 		0 		0 	72 					0 	36 				0 		0 	0 		0 			0 		C 	0 	46 		0 		28 	0 		0 	0 	1038 
Gambia, The	0 		0 	0 			0 		0 		0 	0 			0 	0 		0 			0 		0 	0 		0 		0 			0 				0 	0 	0 			0 		0 	0 	0 				0 	21 					0 	0 				0 		0 	0 		0 			0 		0 	0 	0 		0 		3 	0 		0 	0 	25 
Georgia	0 		0 	3 			0 	2 	38 		0 	0 	1 		0 	0 		0 			1 	0 	45 	0 	3 	C 	7 	38 		1 	32 				0 	35 	0 		8 	8 	22 	1 	5 	0 		1 	0 	4 	296 	1 		1 		0 	50 		10 		0 		C 	0 		0 			0 		C 	10 	16 		4 		427 	221 	0 	0 	0 	1289 
Germany	36 	2 	25378 	68053 	75 	433 	488 	44748 	15583 	29 	215 	580 	18169 	866 	6041 	9871 	188 	264 	58 	309 	892 	969 	51553 	31 	396 	27368 	267479 		89 	2255 	5443 	768 	598 	3 	8 	133255 	279 	1410 	106995 	179030 	16135 	2571 	2022 	47 	102 	330 	54 	250 	332398 	419 	1280 	236 	36 	0 	229243 	C 	58533 	1 	15 	0 	384 	7831 	124 	505 	C 	1269 	2803 	349 	34934 	30166 	95417 	189 	210 		166696 	262597 	147 	0 	580149 	2797649 
Ghana	0 		C 	5 		0 	0 		27 		0 	0 			0 	43 		0 			0 		33 	0 		C 	12 	19 			16 				0 	18 	0 		5 	5 	12 	0 	0 	0 		0 	0 	0 	952 			56 		0 	40 		19 		0 		0 	0 		0 	C 		0 		0 	0 	9 		0 		472 	449 		0 	0 	2195 
Gibraltar	0 		0 	378 			0 	0 	0 		1022 	0 	2 	154 	0 	C 		0 			1 	1 	2 	0 		0 	53 	63 			6 	1 			0 	38 	1 		98 	3 		0 	9 	0 				0 	35 					0 	6 		37 		0 	0 	C 	0 	0 	0 	C 		0 	0 	C 	5 	80 		0 		222 	494 		0 	C 	2711 
Greece	0 	0 	85 	2020 		13 	0 	3028 	0 		0 	16 	229 		0 	63 		0 	0 	0 	10463 	217 	236 	1 	5 	786 	13880 	12288 	1 		78 	8 	0 		0 	2667 	24 	11 	4430 	305 	892 	1 	3 	0 		6 	21 	17 	2749 	0 	211 		2 	0 	3272 	C 	622 		0 	0 	4 	1962 	52 	24 	C 	347 	400 	11 	3486 	179 	254 		62 		7427 	3775 	0 	0 	C 	76634 
Greenland	0 		0 	0 			0 		0 		0 	0 			0 	0 		0 			0 		41 	0 		0 		0 			0 				0 	0 	0 			0 		0 	0 	0 				0 	4 					0 	0 				0 		0 	0 		0 			0 		C 	0 	0 		0 		0 	0 		0 	C 	45 
Grenada	0 		0 	0 			2 	2 	0 		0 	0 			0 	0 		0 			0 		5 	0 		0 	7 	0 			0 				0 	13 	0 		0 	4 		0 	0 	0 				0 	2 					0 	0 				0 		0 	0 		0 			0 		0 	0 	0 		0 		2 	28 		0 	0 	65 
Guadeloupe	0 		0 	0 			0 		0 		0 	0 			0 	0 		0 			0 		0 	0 		0 		0 			0 				0 	12 	0 			0 		0 	0 	0 				0 	0 					0 	0 				0 		0 	0 		0 					0 	0 	0 		0 		-3 	6 		0 	0 	14 
Guam	0 		0 	0 		27 	0 	11 	0 		0 	0 			0 	0 		0 			0 		0 	0 		0 	0 	0 			0 				0 	0 	3 			0 		0 	0 	0 				0 	0 					0 	0 				0 		0 	0 		0 	C 		0 		0 	0 	0 		0 		0 	0 		0 	0 	41 
Guatemala	0 		0 	1 	388 		108 		83 		0 	0 		4 	0 	5 		0 	3 		0 		4 	0 		C 	2 	3 			0 				0 	12 	0 		1 	0 		0 	0 	0 			0 	0 	22 					0 	0 				114 		0 	0 		0 			0 		C 	0 	0 		0 		10 	27 		0 	0 	787 
Guernsey	0 		C 	815 		74 	81 	811 	41 		16 	0 	1422 	14 	0 	366 		0 		52 	11 	28 	791 	0 		2349 	3955 	3213 	1 	58 		17 	94 		0 	1652 	1173 	1 	1060 	7643 	162 	1 	68 	0 		1 	4 	1 	3922 	7 	0 	6 		0 	5176 		3404 		0 		C 	113 		7 	253 	1 	0 	3662 	462 	602 	8429 	10 	1 		16540 	17129 	3 	0 	C 	85706 
Guiana, French	0 		0 	0 			0 		0 		0 	0 			0 	0 		0 			0 		0 	0 		0 		0 			0 				0 	0 	0 			0 		0 	0 	0 				0 	0 					0 	0 				0 		0 	0 		0 	C 				0 	0 	0 		0 		0 	0 		0 	0 	0 
Guinea	0 		C 	0 			0 		0 		0 	0 			0 	0 		0 			0 		0 	0 		0 		0 			0 				0 	0 	0 			0 	23 	0 	0 	0 				0 	0 			36 		0 	0 				0 		0 	0 		0 			0 		0 	0 	0 		0 		0 	0 		0 	0 	59 
Guinea-Bissau	0 		0 	0 			0 		0 		0 	0 			0 	0 		0 			0 		0 	0 		0 		0 			0 				0 	0 	0 			0 		0 	0 	0 				0 	0 	0 				0 	0 				0 		0 	7 		0 			0 		0 	0 	0 		0 		0 	0 		0 	0 	7 
Guyana	0 		0 	0 			0 		0 		0 	0 			0 	0 		0 			0 		0 	0 		0 		0 			0 				0 	0 	0 			0 		0 	0 	0 				0 	0 					0 	0 				0 		0 	0 		0 			0 		0 	0 	0 		0 		0 	0 		0 	0 	0 
Haiti	0 		0 	0 			0 		0 		0 	0 			0 	0 		0 			0 		0 	0 		0 		0 			0 				0 	0 	0 			0 		0 	0 	0 				0 	0 					0 	0 				0 		0 	0 		0 			0 		0 	0 	0 		0 		0 	0 		0 	0 	0 
Honduras	0 		0 	0 			3 		0 		0 	0 		4 	0 	C 		39 	20 	3 	0 		0 	0 		0 	0 	5 			0 				0 	4 	0 		1 	0 		0 	0 	0 				0 	18 				0 	0 	0 				54 		0 	0 		0 			0 		0 	0 	123 	16 	0 		2 	14 		0 	0 	305 
Hungary	0 		182 	4772 		1 	0 	372 	10 		0 	145 	376 		0 	11 		0 	0 	1 	61 	242 	544 	0 	22 	75 	1448 	7639 		25 	193 		0 		4 	1035 	0 	5 	640 	417 	577 	0 	81 	0 		29 	5 	46 	9733 	0 	5 			0 	1460 	C 	491 		1 		526 	36 	55 	146 	C 	573 	111 	0 	C 	63 	548 	1 	0 		7967 	9081 	0 	0 	C 	49753 
Iceland	0 		C 	75 			0 	124 	0 		0 	1 	33 	1 	0 	29 		0 		1 	0 	12 	110 	0 	1 	3 	604 	1338 	5 	3 	10 				0 	177 	0 		355 	164 		49 	0 	0 		1 	0 	7 	877 	0 			1 	0 	114 		44 		0 		23 	120 		0 	C 	1 	0 		183 	93 	101 	131 	0 		1685 	1447 	0 	0 	C 	7923 
India	0 	0 	1947 	257 	19 	307 	0 	214 	439 	2 	1 	0 	3997 	20 	11 	5908 	34 	0 		5 	6 	4 	1213 	69 		662 	3496 	743 	53 	19 	851 	0 	1 		16 	3781 	23 	2 	348 	5160 	278 	0 	1756 	0 	185 	2 	8 	0 	22858 	336 		73319 		0 	3767 	C 	2078 	1 	24 	0 	C 	0 		0 	32360 		34 	646 	929 	693 	1149 	437 	2 		22833 	58594 	1 	0 	C 	251900 
Indonesia	0 		809 	217 	2 	3 	0 	93 	1489 		0 	0 	1958 	56 	7 	482 	1 	0 		10 	1 	0 	1204 	0 		262 	1521 	2053 			1099 		1 	41 		3290 	1 		550 	6020 	315 	0 	504 	0 	91 	1 	2 	0 	19772 	1381 		90 		0 	2962 	C 	906 		0 	939 	0 	0 		0 	15722 	2 	9 	8 	C 	378 	595 	45 	1 		7015 	39112 	0 	0 	C 	111020 
Iran, Islamic Republic of	0 		0 	0 			0 		0 		0 	0 			1 	0 	6 	0 			0 		0 	0 		0 	1 	0 		6 	0 				0 	0 	0 			0 	144 	0 	21 	0 				0 	91 	159 				0 	0 				0 		0 	0 		0 			0 		0 	0 	0 	101 	0 		14 	0 		0 	0 	543 
Iraq	0 		0 	6 		0 	0 		0 		0 	0 	11 		0 	0 		0 			0 	13 	40 	0 		C 	13 	4 			68 				0 	0 	0 		20 	25 		0 	130 	0 	176 	0 		0 	314 					0 	146 				0 		0 	0 		0 		1 	0 		0 	0 	15 		0 		62 	0 		0 	0 	1045 
Ireland	0 	18 	3008 	11733 	108 	22 	105 	37985 	4791 		70 	141 	4832 	513 	4365 	11218 	297 	127 	2 	3777 	1394 	692 	9630 	14 	343 	13917 	97933 	125291 	21 	1980 	4272 	282 	1067 	12 	0 		4075 	1233 	88987 	53399 	4352 	165 	1770 	476 	66 	318 	53 	274 	72279 	191 	1152 	29 	49 	0 	49246 	C 	10254 		78 	0 	82 	30513 	32 	9356 	1690 	2604 	346 	6276 	27242 	10728 	25970 	240 	23 		184530 	149497 	4 	0 	13153 	1090688 
Isle of Man	0 		C 	9 			6 	6 	32 		4 	0 	49 		0 	7 		0 			3 	3 	33 	0 	3 	43 	72 	119 		0 	205 	0 	12 	0 	0 	567 			18 	645 	3 	0 	11 	0 		0 	0 	0 	2621 	922 		7 		0 	85 		6 		0 		C 	0 	0 	288 	59 		0 	340 	C 	6 	128 		0 		2177 	2872 	0 	0 	0 	11361 
Israel	0 	1 	C 	251 			0 	138 	301 		3 	0 	1473 	84 	0 	8 		0 	0 	4 	24 	7 	190 	0 		72 	749 	1321 	5 	4 	1481 	65 	1 	0 	0 	626 	1 		103 	1838 	40 	17 	51 	0 		0 		0 	4168 	0 		15 		0 	989 	C 	706 		9 		C 	0 	0 	0 	C 	1 	12 	104 	C 	151 	502 	170 	0 		5900 	57968 	2 	0 	C 	79557 
Italy	1 	0 	2344 	23433 		49 	7 	32276 	825 	25 	30 	26 	4664 	32 	52 	1543 	22 	0 	2 	27 	1296 	539 	5764 	55 	422 	6052 	254662 	173733 	1 	1536 	2041 	31 	10 		5 	106056 	5 	181 		54264 	2570 	45 	643 	0 		38 	19 	19 	123866 	5 	513 	1 	0 	0 	50524 	C 	16584 		2 	0 	27 	14193 	10 	18 	2269 	2403 	1273 	82 	63163 	2950 	2498 	49 	0 		102210 	62483 	73 	0 	52459 	1172999 
Jamaica	0 		0 	13 		0 	2 	8 	0 		0 	0 	8 	47 	0 	0 		0 	0 	32 	0 		2 	0 		0 	11 	80 		0 	0 				0 	3 	0 		18 	9 	28 	0 	0 	0 			0 	0 	47 					0 	8 				0 		C 	0 		0 	C 		0 		C 	0 	11 		0 		76 	243 		0 	C 	647 
Japan	101 	4 	19586 	961 		124 	87 	1273 	1992 	3 	13 	0 	36132 	1 	1525 	34791 	97 	21 	0 	238 	1 	16 	5387 	27 	1 	715 	99871 	24812 		9 	996 	4 	38 	18 	23 	46992 	103 	101 	3383 		6735 	2427 	4834 	0 	9 	0 	10 	0 	63217 	438 	9 	15 	24 	0 	24029 	1350 	31859 		1 	43 	C 	383 	0 	2 	C 	4 	29 	257 	1485 	10175 	20439 	127 	1 		180024 	492456 	29 	0 	238893 	1358754 
Jersey	0 	0 	C 	2991 	20 	63 	374 	2987 	514 		8 	7 	1211 	29 	0 	1328 	15 	0 	0 	34 	50 	67 	1057 	0 	4 	1249 	12106 	13746 	7 	805 	713 	119 	73 		0 	5335 	502 	3 	4793 	18907 		2 	593 	0 	137 	4 	14 	4 	20081 	6 	311 			0 	7300 		827 		0 	0 	C 	932 	4 	1704 	415 	4 	6 	991 	4241 	887 	4135 	1 	0 		43930 	48975 	1 	0 	C 	204619 
Jordan	0 		C 	1 		338 	0 		35 		0 	0 	6 		0 	9 		0 			25 		23 	6 		0 	1 	43 			54 				0 	52 	0 		8 	1 	241 	0 	0 	0 	737 		95 	0 	150 	0 				0 	18 				0 		0 	0 		0 	C 		0 		0 	0 	3 		0 		301 	155 		0 	0 	2300 
Kazakhstan	0 		C 	279 		46 	0 	10 	1108 		0 	2 	67 	22 	0 	15 	1 	0 	0 		12 	45 	166 	4 	3 	C 	57 	355 		9 	691 	46 	0 		0 	311 	0 		57 	88 	93 		100 	0 		31 	2 	7 	1173 					0 	118 		30 		0 	0 	4 	0 	1 	180 	C 		0 		C 	35 	62 	0 	3 		3005 	3329 	0 	0 	C 	11566 
Kenya	0 		0 	0 			0 	0 	0 		0 	0 	2 		0 	12 		0 			0 		14 	0 		0 	11 	0 			47 	0 			0 	61 	0 		0 	2 	53 	0 	1 	0 				0 	205 			168 		0 	3 		18 		0 		0 	0 		0 	C 		0 	34 	0 	3 	4 		0 		65 	223 		0 	0 	927 
Kiribati	0 		0 	0 			0 		0 		0 	0 			0 	0 		0 			0 		0 	0 		0 		0 			0 				0 	0 	0 			0 		0 	0 	0 				0 	0 					0 	0 				0 		0 	0 		0 			0 		0 	0 	0 		0 		0 	0 		0 	0 	0 
Korea, Democratic People's Rep. of	0 		C 				0 				0 	0 				0 		0 			0 		0 	0 		0 		0 								0 	0 			0 		0 	0 	0 			0 	0 	0 					0 	0 				4 		0 	0 		0 					0 	0 			0 			0 		0 	C 	4 
Korea, Republic of	0 	0 	4898 	643 	1 	111 	0 	437 	1254 		168 	0 	8500 	143 	46 	17384 	117 	0 	0 	20 	0 	3 	1676 	0 		429 	7610 	6970 	1 	5 	553 	7 	4 	25 	177 	12211 	10 	29 	852 	22280 	257 	974 		0 	34 	0 	15 	9 	38673 	2408 	5 	39 	75 	1 	8330 	C 	7505 	0 	33 	154 	C 	13 		0 	40215 	4 	28 	42 	183 	2073 	2113 	6518 	0 		45069 	146206 	1 	0 	C 	387539 
Kosovo, Republic of	0 		0 	0 			0 				0 	0 			0 	0 		0 			0 		0 			0 		0 							0 	0 				0 		0 	0 					0 	0 					0 	0 	C 			0 		0 	0 		0 					0 	0 	0 		0 		0 	0 		0 	0 	0 
Kuwait	0 		0 	16 	40 	115 	0 		19 		2 	0 			3 	16 		0 			5 		13 	0 			53 	1 		0 	194 			0 	0 	10 	0 			14 	63 	0 	3 	0 			40 	0 	226 	540 				0 	0 				3 	0 	0 	0 		0 			0 		0 	0 	0 		0 		371 	0 		0 	0 	1748 
Kyrgyz Republic	0 		0 	0 			0 		0 		0 	0 			0 	0 		0 			0 		0 	0 		0 		0 			0 				0 	0 	0 	2 		0 		7 	0 	0 				0 	86 					0 	0 				0 		0 	0 		0 			0 		0 	0 	3 		0 		0 	0 	0 	0 	0 	99 
Lao People's Democratic Republic	0 		0 	0 			0 		0 		0 	0 			0 	0 		0 			0 		0 	0 		0 		0 			3 				0 	0 	0 			0 		0 	268 	0 				0 	0 					0 	0 				0 		0 	0 		0 			0 		0 	0 	0 	28 	0 		0 	0 		0 	0 	299 
Latvia	0 		0 	246 			0 	1 	0 		0 	1 			0 	0 		0 			3 		3 	0 	97 	17 	1 	750 		0 	21 	3 			0 	1 	0 		67 	1 	36 	0 	0 	0 				25 	214 					0 	10 		560 		0 		0 	0 		1 		8 	4 		0 	144 	0 		0 		118 	148 		0 	0 	2480 
Lebanon	0 		C 	16 		9 	0 	8 	0 		27 	0 	16 		0 	9 		0 			284 		86 	6 		C 	89 	63 			155 				0 	31 	0 		42 	16 	244 	0 	0 	0 	126 			0 	320 					0 	162 				0 		0 	0 		0 			0 		C 	0 	6 		0 		730 	460 		0 	0 	2905 
Lesotho	0 		0 	0 			0 		0 		0 	0 			0 	0 		0 			0 		0 	0 		0 		0 			0 				0 	0 	0 			0 		0 	0 	0 				0 	0 			2 		0 	0 				0 		0 	0 		0 			0 	8 	0 	0 	0 		0 		9 	4 		0 	0 	22 
Liberia	0 		C 	0 			0 	12 	31 		0 	0 	80 		0 	0 		0 		0 	1 	0 	44 	0 		17 	73 	153 		4 	0 				0 	57 	0 		137 	65 		0 	0 	0 		0 	0 	0 	436 	0 				0 	168 		426 		0 		0 	0 		0 	C 		0 		C 	9 	97 		0 		56 	3983 		0 	C 	5852 
Libya	0 		0 	0 		64 	0 		0 		0 	0 			0 	0 		0 			0 		0 	3 		0 		0 			0 			0 	0 	0 	0 			0 	17 	0 	0 	0 				0 	0 					0 	0 				0 		0 	55 		0 			0 		0 	0 	0 		0 		0 	0 		0 	0 	139 
Liechtenstein	0 		0 	1093 	777 		0 	1 	0 		0 	0 	1 		0 	0 		0 			0 	0 	3 	0 		0 	31 	1571 			4 	1 			0 	3 	2 		38 	0 		0 	0 	0 				0 	303 	0 				0 	0 		613 		0 		0 	0 		0 	C 		3 		C 	11 	0 	3 	0 		21 	104 		0 	C 	4584 
Lithuania	0 		C 	505 			49 	97 	10 		0 	12 	48 		0 	3 		0 			16 		174 	0 	120 	43 	219 	2518 		21 	76 	1 	3 		0 	26 	0 	12 	171 	89 		3 	5 	0 		200 	9 		1615 		6 			0 	283 		532 		0 	0 	24 	0 	C 	2 		18 	43 		C 	330 	123 	2 	0 		436 	1982 		0 	C 	9828 
Luxembourg	523 	44 	14891 	26537 	77 	6 	154 	127970 	8507 		269 	183 	3954 	466 	34041 	27518 	841 	930 	3 	203 	909 	2992 	23265 	21 	648 	23618 	144437 	386049 	213 	6535 	16890 	2664 	1155 	386 	945 	41683 	5181 	5224 	270180 	101109 	11347 	275 	4496 	213 	9 	713 	166 	914 		556 	604 	887 	653 	0 	75389 	C 	12888 		58 	24 	3608 	9704 	405 	11534 	5881 	861 	599 	11757 	39944 	70165 	144756 	460 	430 		97199 	93219 	83 	7 	5259 	1886286 
Macedonia, FYR	0 		0 	52 			0 	0 	0 		0 	2 			0 	0 		0 			0 		11 	0 		C 	0 	21 		65 	0 				0 	35 	0 		4 	0 		0 	0 	0 				7 	72 					0 	0 				0 		0 	0 		1 		0 	25 		0 	0 	3 		0 		-2 	8 		0 	0 	303 
Madagascar	0 		0 	0 			0 		0 		0 	0 			0 	0 		0 			0 		0 	0 		0 	15 	0 			0 				0 	0 	0 			0 		0 	0 	0 				0 	1 			13 		0 	0 		1 		0 		0 	0 		0 			0 		0 	0 	0 		0 		0 	0 		0 	0 	29 
Malawi	0 		0 	0 			0 		0 		0 	0 			0 	0 		0 			0 		0 	0 		0 		0 			0 				0 	1 	0 			0 		0 	0 	0 				0 	5 					0 	0 				0 		0 	0 		0 			0 	8 	0 	0 	0 		0 		0 	3 		0 	0 	18 
Malaysia	0 		1659 	268 		106 	1 	133 	172 		0 	0 	1620 	3 	13 	7603 	130 	0 		17 	0 	0 	1027 	33 		127 	1558 	1753 		0 	183 		0 		40 	4020 	8 		167 	4410 	247 	0 	565 	0 	724 	2 		1 	18231 			575 	5 	0 	2816 	C 	1248 	8 	0 	31 	0 	0 		1 	16309 		9 	10 	C 	391 	572 	59 	1 		11616 	35727 	1 	0 	C 	114200 
Maldives	0 		0 	0 			0 		0 		0 	0 			0 	0 		0 			0 		0 	0 		0 		0 			0 			0 	0 	0 	0 			0 		0 	0 	0 				0 	0 			3 		0 	0 				0 		0 	0 		0 			0 		0 	0 	0 		0 		0 	0 		0 	0 	3 
Mali	0 		0 	0 			0 		0 		0 	0 			0 	0 		0 			0 		0 	0 		0 		0 		0 	0 				0 	0 	0 			0 		0 	0 	0 			0 	0 	0 			1 		0 	16 				0 		0 	0 		0 			0 		0 	0 	0 		0 		2 	0 		0 	0 	19 
Malta	0 		0 	32 			0 	38 	0 		0 	0 			0 	0 		42 			0 	11 	41 	27 	1 	0 	906 	84 	6 	0 	377 				0 	202 	12 		230 	17 	65 	0 	0 	0 	8 	41 		3 	504 			25 		0 	49 		32 		0 		0 	0 		10 	C 		0 	622 	C 	231 	253 		0 		159 	138 		0 	0 	4168 
Marshall Islands, Republic of	0 		0 	5 			0 	2 	18 		6 	0 	146 		0 	0 		0 	5 	0 	0 	0 	33 	0 		53 	20 	10 			4 	0 	0 		0 	25 	0 		9 	32 	2 	0 	0 	0 		0 		0 	168 	1 				0 	27 		34 		0 		C 	0 		0 	C 		0 		C 	0 	222 	0 	0 		123 	8160 	0 	0 	C 	9107 
Martinique	0 		0 	0 			0 		0 		0 	0 			0 	0 		0 			0 		0 	0 		0 		0 			0 				0 	0 	0 			0 		0 	0 	0 				0 	0 					0 	0 				0 		0 	0 		0 					0 	0 	0 		0 		0 	0 		0 	0 	0 
Mauritania	0 		0 	0 			0 		0 		0 	0 			0 	0 		0 			0 		0 	0 		0 		0 			0 				0 	0 	0 			2 		0 	0 	0 	4 			0 	0 			30 		0 	6 				0 		0 	0 		0 			0 		0 	0 	0 		0 		0 	19 		0 	0 	61 
Mauritius	0 		20 	1 		18 	0 	8 	1 		0 	0 	3 		0 	429 	3 	0 		1 	0 	106 	56 	0 		C 	81 	36 	5 		257 	3 		15 	49 	870 	152 		8 	1790 	425 	0 	11 	0 	46 			0 	3198 	36 				0 	184 		4 	0 	0 	3 	0 	0 		0 	1136 		0 	800 	C 	90 	186 	0 	0 		471 	4769 		0 	C 	15273 
Mayotte	0 		0 	0 			0 		0 		0 	0 			0 	0 		0 			0 		0 	0 		0 		0 			0 				0 	0 	0 			0 		0 	0 	0 				0 	0 					0 	0 				0 		0 	0 		0 					0 	0 	0 		0 		0 	7 		0 	0 	7 
Mexico	7 	1 	1446 	565 		136 	1 	463 	2968 		332 	0 	4465 	3007 	895 	362 	36 	39 	11 	85 	2 	3 	2021 	0 	4 	158 	2486 	6405 	1 	30 	922 	1 	0 	0 	0 	5687 	1 	4 	997 	11926 	189 	0 	659 	0 		2 	2 	0 	22464 	4 	6 	1 		0 	6140 	C 	1632 		484 	0 	0 	43 		0 	C 	4 	49 	4 	585 	715 	3185 	123 	1 		20917 	108493 	62 	8 	C 	211237 
Micronesia, Federated States of	0 		0 	0 			0 		0 		0 	0 			0 	0 		0 			0 		0 	0 		0 		0 			0 				0 	0 	0 			0 		0 	0 	0 				0 	0 					0 	0 				0 		0 	0 		0 			0 		0 	0 	0 		0 		0 	0 		0 	0 	0 
Moldova	0 		0 	0 			0 		0 		0 	0 			0 	0 		0 			0 		0 	0 		0 		0 			1 				0 	0 	0 			0 		0 	0 	0 				0 	60 					0 	0 				0 		0 	0 	0 	0 			5 		0 	0 	0 		0 		0 	0 		0 	0 	66 
Monaco	0 		0 	0 			0 	0 	0 		0 	0 			0 	0 		0 			0 		0 	0 		0 		0 			0 				0 	0 	0 		12 	0 	2 	0 	0 	0 				0 	1 					0 	0 				0 		0 	0 		0 				7 	0 	0 	0 		0 		0 	9 		0 	0 	32 
Mongolia	0 		C 	0 			0 		0 		0 	0 			2 	0 		0 			0 		2 	0 		0 		0 			13 				0 	0 	0 		2 	1 		0 	13 	0 				0 	119 						50 				0 		0 	0 		0 	C 		0 		0 	4 	7 		0 		294 	17 		0 	0 	523 
Montenegro	0 		0 	30 			0 	2 	0 		0 	8 			0 	0 		0 			0 	0 	10 	0 		0 	3 	25 			2 	3 			0 	16 	0 		5 	0 		0 	0 	1 		0 		2 	107 					0 	5 				0 		C 	0 		2 		3 	7 		C 	0 	10 		0 		23 	0 		0 	0 	264 
Montserrat	0 		0 	0 			0 		0 		0 	0 			0 	0 		0 			0 		0 	0 		0 		0 			0 				0 	0 	0 			0 		0 	0 	0 				0 	0 					0 	0 				0 		0 	0 		0 			0 		0 	0 	0 		0 		0 	0 		0 	0 	0 
Morocco	0 		C 	53 		12 	0 	13 	110 		0 	0 	34 		0 	6 		0 			1 	0 	19 	0 		0 	1658 	384 			33 				0 	124 	0 		65 	10 	997 	0 	0 	0 	15 	1 		0 	103 			53 		0 	23 		6 		0 		0 	111 		0 	C 		1 		475 	12 	152 		0 		167 	426 		0 	0 	5065 
Mozambique	0 		0 	0 			0 		0 		0 	0 			0 	0 		0 			0 		0 	12 		0 		0 			0 			0 	0 	0 	0 			0 		0 	0 	0 				0 	1 			10 		0 	0 		16 		0 		0 	128 		0 			0 	15 	0 	0 	0 		0 		19 	0 		0 	0 	202 
Myanmar	0 		0 	0 			0 		0 		0 	0 			0 	0 		0 			0 		0 	0 		0 		0 			0 				0 	0 	0 			0 		0 	0 	0 				0 	0 					0 	0 				0 		0 	0 		0 	C 		0 		0 	0 	0 		0 		0 	0 		0 	0 	0 
Namibia	0 		C 	3 		1 	0 		0 		0 	0 			0 	0 		0 			0 		15 	0 		C 	8 	72 			0 				0 	-1 	0 		2 	4 		0 	0 	0 				0 	73 	1 				0 	19 		3 		0 		0 	0 		0 			0 	356 	0 	0 	3 		0 		82 	167 	0 	0 	0 	808 
Nauru	0 		0 	0 			0 		0 		0 	0 			0 	0 		0 			0 		0 	0 		0 		0 			0 				0 	0 	0 			0 		0 	0 	0 				0 	0 					0 	0 				0 		0 	0 		0 			0 		0 	0 	0 		0 		0 	0 		0 	0 	0 
Nepal	0 		0 	0 			0 		0 		0 	0 			0 	0 		0 			0 		0 	0 		0 		0 			0 			0 	0 	0 	0 			0 		0 	0 	0 				0 	0 					0 	0 				0 		0 	0 		0 			0 		0 	0 	0 		0 		53 	0 		0 	0 	54 
Netherlands	2 	9 	14100 	23250 	29 	372 	520 	100252 	12947 	44 	195 	196 	11085 	437 	10 	11681 	491 	3 	13 	387 	797 	2022 	10899 	9 	452 	15594 	281214 	237273 	50 	1854 	3536 	133 	423 	13 	1416 	71012 	244 	863 	66817 	98626 	5592 	1332 	1999 	29 	78 	249 	106 	182 	137842 	96 	1077 	33 	36 	0 		C 	23196 	1 	45 	101 	667 	10512 	148 	4142 	C 	1830 	1036 	102 	38519 	8915 	72655 	347 	32 	8 	180714 	241757 	129 	0 	137121 	1839900 
Netherlands Antilles																																																																																
New Zealand	0 		6567 	85 	10 	25 	1 	101 	1819 		0 	0 	861 	2 	0 	597 	90 	9 	0 	0 	0 	0 	20 	0 		0 	860 	801 		0 	190 	0 	0 		0 	797 	1 	59 	42 	6048 	226 	0 	66 	0 		5 	1 	0 	1436 	6 		11 		0 	325 		499 		0 	0 	0 	15 		12 	2196 	68 	0 	0 	C 	91 	1108 	5 	0 		4518 	18460 	0 	0 	C 	48036 
Nicaragua	0 		0 	0 			0 		0 		0 	0 			0 	0 		0 			0 		9 	0 		0 		0 			0 				0 	6 	0 		11 	0 		0 	0 	0 				0 	22 					0 	0 				7 		0 	0 		0 			0 		0 	0 	1 		0 		0 	0 		0 	0 	57 
Niger	0 		0 	0 			0 		0 		0 	0 			0 	0 		0 			0 		0 	0 		0 		0 			4 				0 	0 	0 			0 	3 	0 	0 	0 				0 	0 	0 				0 	0 		5 		0 		0 	0 		0 			0 		0 	0 	0 		0 		2 	0 		0 	0 	15 
Nigeria	0 		C 	1 			0 		0 		0 	0 	29 		0 	59 		0 		1 	24 		47 	5 	1 	C 	2 	27 			111 	1 	0 		0 	208 	0 		12 	15 	339 	0 	8 	0 		0 	2 	0 	684 			616 		0 	41 		3 		0 		0 	0 		0 	C 		0 	245 	C 	9 	1 		0 		941 	0 		0 	0 	3431 
Niue	0 		0 	0 			0 		0 		0 	0 			0 	0 		0 			0 		0 	0 		0 		0 			0 				0 	0 	0 			0 		0 	0 	0 			0 	0 	0 					0 	0 				0 		0 	0 		0 			0 		0 	0 	0 		0 		0 	0 		0 	0 	0 
Norfolk Island	0 		0 	0 			0 		0 		0 	0 			0 	0 		0 			0 		0 	0 		0 		0 			0 				0 	0 	0 			0 		0 	0 	0 				0 	0 					0 	0 				0 		0 	0 		0 			0 		0 	0 	0 		0 		0 	0 		0 	0 	0 
Norway	1 	0 	3258 	3720 	8 	54 	288 	1743 	2065 		8 	27 	2710 	70 	32 	1367 	40 	5 	1 	19 	84 	44 	5558 	0 	38 	6697 	13081 	27504 	5 	93 	2798 	4 	387 	3 	0 	8651 	92 	84 	2949 	49378 	14869 	13 	253 	0 		45 	0 	10 	18730 	11 	44 		3 	0 	8461 	392 			0 	0 	6 	261 	39 	0 	C 	612 	105 	19 	1342 	19277 	10172 	37 	0 		23482 	62538 	10 	0 	C 	293597 
Oman	0 		0 	18 		21 	0 		0 		0 	0 	1 		0 	C 		0 			0 		16 	2 	1 	C 	31 	34 			1 			1 	0 	44 	0 			3 	53 	0 	1 	0 	138 		1 	0 	112 			3 		0 	0 				0 		0 	0 		0 	C 		0 		0 	0 	0 		0 		78 	0 		0 	0 	559 
Pakistan	0 		22 	5 		14 	0 		0 		0 	0 	51 	17 	0 	16 		0 		0 	0 		51 	14 		0 	17 	14 			40 				1 	31 	0 		12 	14 	15 	0 	12 	0 	13 	1 	0 	0 	880 	0 		92 		0 	60 		4 		0 	0 	0 	0 		0 	C 		0 		C 	3 	5 		0 		401 	917 		0 	0 	2723 
Palau	0 		0 	0 			0 		0 		0 	0 			0 	0 		0 			0 		0 	0 		0 		0 			0 				0 	0 	0 			0 		0 	0 	0 				0 	0 					0 	0 				0 		0 	0 		0 			0 		0 	0 	0 		0 		0 	0 		0 	0 	0 
Panama	0 		27 	94 	26 	2 	27 	26 	748 	1 	109 	0 	683 	47 	18 	267 		83 	182 	4 	0 	0 	325 	0 		C 	35 	655 			92 		0 		0 	279 	0 		87 	970 		11 	164 	0 		0 	0 	0 	1731 	0 		38 		0 	594 		185 				0 	0 		0 	C 	1 	0 		C 	22 	484 	1 	0 		173 	20710 	1 	5 	C 	28908 
Papua New Guinea	0 		740 	3 			0 	2 	0 		0 	0 	51 		0 	21 		0 			0 		6 	0 		C 	11 	44 			2 		0 		0 	84 	0 		1 	25 		0 	12 	0 				0 	251 	1 				0 	21 		83 		0 		0 	0 		0 	0 		0 		C 	11 	15 		0 		316 	1355 		0 	C 	3056 
Paraguay	3 		0 	0 			0 		0 		5 	0 		3 	0 	0 		0 			0 		0 	0 		0 		0 			8 				0 	1 	0 			0 		0 	0 	0 				0 	56 					0 	0 				0 		C 	0 		0 			0 	4 	0 	0 	0 		0 		-2 	47 	0 	0 	0 	126 
Peru	0 		29 	66 	31 	1 	6 	25 	1120 	14 	11 	0 	276 	41 	451 	5 		96 	3 	58 	0 	1 	576 	0 		C 	87 	1264 		0 	138 	0 			9 	323 	5 		127 	421 	59 	0 	19 	0 		1 	0 	0 	3076 	0 			1 	0 	838 	C 	108 		298 		C 	0 		0 	C 	1 	2 	1 	C 	125 	149 	1 	0 		2025 	8900 	1 	0 	C 	20792 
Philippines	0 		4807 	144 	1 	4 	0 	25 	1366 		1 	0 	760 	36 	0 	657 	0 	0 		3 	0 	0 	846 	0 		52 	413 	1510 		1 	571 	0 	0 	18 	2 	1271 	1 	4 	253 	2830 	25 	0 	138 	0 		1 	0 	0 	6097 	265 		17 		0 	1365 	C 	3888 		0 		0 	0 		0 	4545 	2 	1 	7 	C 	86 	1130 	1 	0 		3014 	17855 	0 	0 	C 	54014 
Pitcairn Islands	0 		0 	0 			0 		0 		0 	0 			0 	0 		0 			0 		0 	0 		0 		0 			0 				0 	0 	0 			0 		0 	0 	0 				0 	0 					0 	0 				0 		0 	0 		0 			0 		0 	0 	0 		0 		3 	0 		0 	0 	3 
Poland	0 		662 	5940 		11 	0 	2175 	334 		0 	94 	666 		0 	198 	16 	0 		6 	125 	1243 	995 	8 	94 	461 	5931 	18465 		402 	1008 	522 	0 		0 	4912 	0 	32 	2012 	6881 	1408 	42 	270 	7 		50 	3 	31 	16946 	1 	34 	2 		0 	3393 	C 	1448 		1 	0 		209 	32 	103 	C 	994 	233 	1 	517 	627 	3618 	13 	0 		6422 	24221 	0 	0 	356 	114174 
Portugal	0 		204 	1665 		15 	1 	4858 	31 		915 	0 	362 	938 	0 	31 	33 	0 	0 	1 	113 	13 	397 	0 	23 	1074 	32670 	22267 		245 	163 	1 	0 		1 	48820 	0 	2 	7115 	2580 	1645 	2 	9 	0 	2 	6 	5 	7 	7022 	0 	252 			0 	11555 	C 	2436 		0 		45 			16 	636 	1305 	140 	0 	15740 	195 	156 	5 	2 		9112 	4248 	0 	0 	5900 	184981 
Puerto Rico	0 		C 	0 			0 	2 	269 		9 	0 	41 		0 	3 		10 	0 	0 	6 	0 	3 	0 		0 	9 	0 			0 	0 	0 		0 	16 	0 		1 	2 		0 	0 	0 			0 	0 	0 	0 				0 	8 				2 		0 	0 		0 					0 	0 	0 	0 	0 		14 	0 		0 	C 	395 
Qatar	0 		C 	248 		1393 	0 	0 	1174 		5 	0 	80 	1 	0 	222 	70 	0 		1 	11 		325 	73 	3 	C 	183 	766 			185 				0 	700 	0 		33 	237 	411 	6 	35 	0 	1919 		159 	3 	1333 	1 				0 	340 	C 	133 	5 	1 	0 	0 	0 		0 	C 		0 		C 	7 	304 	131 	0 		1455 	0 	0 	0 	191 	12144 
Reunion	0 		0 	0 			0 		0 		0 	0 			0 	0 		0 			0 		0 	0 		0 		0 			0 				0 	0 	0 			0 		0 	0 	0 				0 	0 			2 		0 	0 				0 		0 	0 		0 					0 	0 	0 		0 		0 	0 		0 	0 	3 
Romania	0 		C 	1428 			0 	7 	30 		0 	114 	16 		0 	1 		0 		2 	190 	46 	44 	0 	26 	13 	237 	964 	1 	778 	139 	20 			0 	119 	0 		238 	6 	240 	0 	10 	0 		5 		20 	2672 			1 		0 	126 		0 		0 	0 	59 	0 		1 	C 	85 	31 		C 	51 	70 		0 		545 	1149 		0 	0 	9485 
Russian Federation	1 	0 	1355 	1601 		173 	1 	326 	1593 	1 	10 	7 	2205 	10 	60 	707 	16 	0 	2 	3 	1689 	221 	1912 	0 	123 	1815 	4723 	3609 		70 	4852 	61 	1 		0 	2176 	16 	6 	735 	2058 	776 	479 	1636 	0 		75 	64 	26 	22613 	969 		3 		0 	4671 	C 	4427 	1 	6 	0 	75 	0 	2 		C 	31 	93 	23 	C 	4697 	2677 	152 	7 		17738 	51334 	1 	0 	C 	144717 
Rwanda	0 		0 	0 			0 		0 		0 	0 			0 	0 		0 			35 		0 	0 		0 		0 			0 				0 	0 	0 			0 	8 	0 	0 	0 				0 	1 			201 		0 	0 		2 		0 		0 	0 		0 	C 		0 		0 	0 	0 		0 		2 	0 		0 	0 	249 
Saint Helena	0 		0 	0 			0 		0 		0 	0 			0 	0 		0 			0 		0 	0 		0 		0 			0 				0 	0 	0 			0 		0 	0 	0 				0 	0 	0 				0 	0 				0 		0 	0 		0 			0 		0 	0 	0 		0 		0 	0 		0 	0 	0 
Saint Pierre and Miquelon	0 		0 	0 			0 		0 		0 	0 			0 	0 		0 			0 		0 	0 		0 		0 			0 				0 	0 	0 			0 		0 	0 	0 				0 	0 					0 	0 				0 		0 	0 		0 					0 	0 	0 		0 		0 	0 		0 	0 	0 
Samoa	0 		0 	0 			0 		0 		4 	0 			0 	0 		0 			0 		0 	0 		0 		0 			0 				0 	0 	0 			0 		0 	0 	0 				0 	0 					0 	0 				0 		0 	0 		0 			0 		0 	0 	0 		0 		0 	0 		0 	0 	4 
San Marino	0 		0 	0 			0 		0 		0 	0 			0 	0 		0 			0 		0 	0 		0 		0 			0 				0 	0 	0 		62 	0 		0 	0 	0 				0 	1 					0 	0 				0 		0 	0 		0 			0 		0 	0 	0 		0 		0 	0 		0 	0 	63 
Sao Tome and Principe	0 		0 	0 			0 	0 	0 		0 	0 			0 	0 		0 			0 		0 	0 		0 		0 			0 				0 	0 	0 			0 		0 	0 	0 				0 	0 					0 	0 				0 		0 	0 		0 			0 		0 	0 	0 		0 		1 	0 		0 	0 	1 
Saudi Arabia	0 		C 	0 		955 	0 	4 	43 		0 	0 	1 		0 	202 		0 			25 		14 	338 		0 	1589 	0 		0 	109 		0 	0 	6 	3 	16 			9 	250 	0 	1 	0 	4408 		252 	0 	21 	317 				0 	0 			89 	0 	0 	0 	0 		0 	C 		0 		0 	0 	42 		0 		2578 	0 		2 	0 	11274 
Senegal	0 		0 	14 			0 		43 		0 	0 			0 	0 		0 		0 	9 		69 	0 		C 	193 	50 			16 				0 	14 	0 		1 	1 	100 	0 	0 	0 				0 	109 	0 		21 		0 	21 				0 		0 	0 		0 	C 		0 		0 	0 	0 		0 		110 	76 		0 	0 	849 
Serbia, Republic of	0 		0 	53 			0 	1 	7 		0 	1 	3 		0 	0 		0 			190 		55 	0 	3 	C 	121 	374 		273 	19 				0 	50 	0 		25 	27 	8 	0 	0 	0 	57 	1 		3 	822 					0 	50 				0 		C 	0 	0 	0 		0 	46 		0 	47 	9 		0 		447 	436 		0 	0 	3128 
Seychelles	0 		0 	3 			0 	0 	0 		0 	0 			0 	0 		0 			0 		11 	0 		0 	0 	8 		0 	13 		0 		0 	6 	0 		6 	0 		0 	0 	0 		0 	1 	0 	6 			24 		0 	0 				0 		C 	0 		29 			0 		C 	0 	21 		0 		9 	27 		0 	0 	165 
Sierra Leone	0 		C 	0 			0 		0 		0 	0 			0 	0 	0 	0 			0 	2 	0 	0 		0 		0 			0 				0 	0 	0 			0 	5 	0 	0 	0 				0 	0 	0 		6 		0 	41 				0 		0 	0 		0 			0 		0 	0 	0 		0 		65 	0 		0 	0 	119 
Singapore	0 	0 	2479 	101 		29 	2 	216 	742 		2 	0 	4307 	14 	13 	7861 	183 	0 		4 	5 	1 	588 	32 	4 	470 	1170 	1576 	1 	1 	527 	0 	3 	21 	491 	7989 	25 	23 	261 	12202 	436 	17 	793 	0 	9 	0 	0 	2 	15992 	10682 		5111 		4 	6143 	C 	1425 		1 	117 	C 	8 	0 	1 			4 	21 	C 	1100 	1274 	625 	1 		17448 	59552 		0 	7690 	169800 
Sint Maarten	0 		0 	0 			1 		0 		0 	0 			0 	0 		0 			0 		0 					0 		0 	0 				0 	0 			1189 	0 		0 	0 	0 				0 	0 					0 	0 				0 		0 	0 		0 			0 		0 	0 	0 		0 		394 	0 		0 	0 	1584 
Slovak Republic	0 		C 	2505 			0 	1300 	0 		0 	30 			0 	0 		0 			1 	1896 	0 	0 	25 	61 	926 	4276 		0 	7 	66 	0 		0 	311 	0 		361 	3 	142 	0 	1 	0 		11 		30 	517 		39 			0 	525 		222 		0 		34 	74 		1 			181 		C 	0 	0 		0 		55 	308 		0 	132 	14038 
Slovenia	0 		C 	2250 			0 	1507 	137 		0 	41 	4 		0 	1 	2 	0 			42 	104 	49 	0 	12 	214 	2471 	3015 	1 	0 	23 	32 	0 		0 	168 	0 	19 	1191 	10 		0 	6 	13 		14 	0 	26 	621 		209 			0 	345 		175 		0 		24 	41 	3 	1 		735 			C 	28 	266 	2 	0 		710 	255 		0 	C 	14767 
Solomon Islands	0 		20 	0 			0 		0 		0 	0 			0 	0 		0 			0 		0 	0 		0 		0 			0 				0 	0 	0 			0 		0 	0 	0 				0 	0 					0 	0 				0 		0 	0 		0 			0 		0 	0 	0 	0 	0 		0 	0 		0 	0 	21 
Somalia	0 		0 	0 			0 		0 		0 	0 			0 	0 		0 			0 		0 	0 		0 		0 			0 				0 	0 	0 			0 		0 	0 	0 				0 	0 					0 	0 				0 		0 	0 		0 			0 		0 	0 	0 		0 		0 	0 		0 	0 	0 
South Africa	0 	0 	2306 	498 		18 	0 	233 	943 		3 	2 	3191 	30 	67 	103 	32 	1 		10 	1 	5 	1520 	0 	1 	455 	2490 	4611 	2 	23 	747 	5 	1 	15 	4 	6669 	123 	4 	592 	3300 	156 	0 	583 	0 		1 	16 	0 	17097 	1 	45 	982 		0 	5657 	C 	2166 	0 	3 	75 	3 	175 	0 	0 	C 	1 	16 		C 	748 	1585 	157 	1 		14311 	70511 	1 	0 	C 	142297 
South Sudan			0 									0 											0 					1 							0 								0 	0 					0 						0 				0 		0 								0 									0 		1 
Spain	117 	1 	3087 	11208 	10 	73 	17 	34649 	1874 	2 	2899 	16 	4323 	37 	14 	1239 	33 	4 	7 	120 	347 	378 	5614 	5 	79 	5818 	195969 	163712 	13 	530 	632 	6 	11 	0 	5 	37664 	13 	146 	46429 	27979 	1504 	43 	493 	0 		13 	27 	17 	61197 	5 	594 	0 	297 	0 	56210 	C 	27435 		36 	0 	2 	17432 	14 	0 	C 	4765 	332 	21 		5922 	3753 	19 	1 		54079 	75689 	211 	7 	46905 	902105 
Sri Lanka	0 		2 	8 		0 	0 		425 		0 	0 	16 		0 	344 		0 		0 	0 		76 	1 		C 	38 	85 			28 			5 	3 	56 	0 		39 	82 		0 	0 	0 		0 	2 	0 	1912 	0 		4 		0 	132 			20 	0 	0 	0 	0 		0 	166 		0 		0 	0 	41 		0 		408 	2011 		0 	0 	5906 
St. Kitts and Nevis	0 		0 	0 			1 		0 		0 	0 			0 	0 		0 			0 		0 	0 		0 		0 			0 				0 	0 	0 		0 	0 		0 	0 	0 				0 	0 					0 	0 				0 		0 	0 		0 			0 		0 	0 	0 		0 		0 	0 		0 	0 	2 
St. Lucia	0 		0 	0 			4 		0 		0 	0 		1 	0 	0 		0 			0 		0 	0 		0 		0 			0 				0 	5 	0 			0 		0 	0 	0 				0 	2 					0 	0 				0 		0 	0 		0 			0 		0 	0 	0 		0 		0 	43 		0 	0 	56 
St. Vincent and the Grenadines	0 		0 	0 			0 	0 	0 		0 	0 			0 	0 		0 			0 		0 	0 		0 	2 	0 			0 				0 	0 	0 			0 		0 	0 	0 		6 		0 	7 					0 	0 				0 		0 	0 		0 			0 		0 	0 	220 		0 		0 	1 		0 	0 	236 
Sudan	0 		0 	0 		47 	0 		0 		0 	0 			0 	0 		0 			0 		0 	49 		0 		0 			10 				0 	0 	0 			0 	62 	0 	0 	0 	91 		3 	0 	0 			1 		0 	0 				0 		0 	0 		0 	C 		0 		0 	0 	0 		0 		5 	0 		0 	0 	268 
Suriname	0 		0 	0 			0 		0 		0 	0 			0 	0 		0 		2 	0 		0 	0 		0 		0 			0 				0 	0 	0 			0 		0 	0 	0 				0 	0 					0 	0 				0 		0 	0 		0 			0 		0 	0 	0 		0 		0 	0 		0 	0 	2 
Swaziland	0 		0 	0 			0 		0 		0 	0 			0 	0 		0 	1 		0 		0 			0 		0 			0 				0 	0 	0 			0 	3 	27 	0 	0 			0 	0 	0 	0 		26 		0 	0 		3 		0 		0 	0 		0 			0 	6 	0 	0 	0 		0 		15 		0 	0 	0 	81 
Sweden	0 	0 	3399 	5274 		7 	471 	4413 	1710 	14 	4 	44 	5270 	53 	62 	2375 	19 	42 	19 	39 	330 	116 	17057 	0 	188 	35395 	45481 	42371 	10 	62 	5580 	3 	85 		0 	20160 	1716 	44 	6179 	43489 	4923 	95 	537 	6 	0 	148 	4 	55 	76778 	28 	91 	2 	0 	0 	17723 	C 	33466 	0 	25 	0 	441 	979 	43 	70 	3961 	1190 	241 	92 	2555 		21110 	118 	1 		30908 	115419 	70 	0 	C 	552561 
Switzerland	1 	5 	7870 	3620 	79 	12 	131 	2974 	1911 	5 	673 	11 	15660 	15 	45 	1522 	17 	19 	4 	27 	20 	81 	4067 	119 	13 	1960 	22105 	34213 	51 	234 	3665 	67 	58 	32 	3 	21524 	115 	284 	6867 	23135 	2390 	243 	1295 	0 	93 	3 	124 	3 	39536 	39 	79 	28 	4 	0 	24965 	C 	23894 	4 	26 	24 	31 	357 	2 	69 	C 	169 	97 	353 	2374 	15199 		13 	1 		61504 	292025 	18 	814 	C 	618988 
Syrian Arab Republic	0 		0 	0 			0 		0 		0 	0 			0 	0 		0 			0 		0 	3 		0 		0 			0 				0 	0 	0 			0 	133 	0 	0 	0 	54 		3 	0 	0 					0 	0 				1 		0 	0 		0 			0 		0 	0 	0 		0 		0 	0 		0 	0 	194 
Taiwan Province of China	0 	0 	C 	116 			1 	187 	105 		1 	0 	4272 		23 	2401 	1 	0 		1 	0 	1 	761 	0 		342 	2299 	1849 			198 	0 	1 	15 	3 	6362 	2 		408 	2462 	138 	0 	712 	0 		0 	0 	0 	15556 	412 		85 	12 	0 	4445 	C 	3513 		0 	0 	0 	10 		0 	12933 	1 	9 	10 	C 	1190 	1472 	0 	0 		27328 	72146 		0 	C 	161785 
Tajikistan	0 		0 	0 			0 		0 		0 	0 			0 	0 		0 			0 		0 	0 		0 		0 			0 				0 	0 	0 			0 		0 	0 	0 				0 	46 					0 	0 				0 		0 	0 		2 			0 		0 	0 	1 		0 		0 	0 		0 	0 	49 
Tanzania	0 		0 	0 			0 		0 		0 	0 			0 	0 		0 			0 		0 	0 		0 		0 			0 			0 	0 	0 	0 			0 	8 	0 	0 	0 				0 	12 			2 		0 	0 		15 		0 		0 	0 		0 			0 	0 	0 	0 	5 		0 		21 	0 		0 	0 	64 
Thailand	0 		1407 	175 			0 	57 	97 		0 	0 	2909 		7 	1437 	18 	0 		5 	10 	0 	780 	0 		231 	562 	1053 		1 	383 	0 	1 	58 	13 	3043 	11 	1 	171 	2400 	100 	0 	493 	0 	2 	0 	0 	0 	12361 	490 		201 		0 	2696 	C 	734 		0 	42 	C 	0 		0 	7288 		5 	12 	C 	215 	499 		0 		6764 	23167 	0 	0 	C 	69900 
Timor-Leste, Dem. Rep. of	0 		C 	0 			0 		0 		0 	0 			0 	0 		0 			0 		0 	0 		0 		0 			0 				0 	0 	0 			0 		0 	0 	0 				0 	0 					0 	0 				0 		0 	0 		0 	C 				0 	0 	0 		0 		0 	0 		0 	0 	0 
Togo	0 		0 	0 			0 		0 		0 	0 			0 	5 		0 		1 	3 		0 	0 		0 		0 			0 				0 	0 	0 			0 	3 	0 	0 	0 				0 	17 			19 		0 	0 				0 		0 	0 		0 			0 		0 	0 	0 		0 		0 	2 		0 	0 	50 
Tokelau Islands	0 		0 	0 			0 	0 	0 		0 	0 			0 	0 		0 			0 		0 	0 		0 		0 			0 				0 	379 	0 			0 		0 	0 	0 				0 	18 					0 	0 				0 		0 	0 		0 			0 		0 	0 	0 		0 		0 	0 		0 	0 	398 
Tonga	0 		0 	0 			0 		0 		0 	0 			0 	0 		0 			0 		0 	0 		0 		0 			0 				0 	0 	0 			0 		0 	0 	0 				0 	0 					0 	0 				0 		0 	0 		0 			0 		0 	0 	0 		0 		0 	0 		0 	0 	0 
Trinidad and Tobago	0 		0 	23 			1 		145 		0 	0 	28 	83 	3 	C 		0 	12 	10 	0 		72 	0 		0 		120 			27 			0 	0 	39 	0 		5 	162 		0 	0 	0 				0 	110 					0 	22 		7 		15 		0 	0 		0 			0 		0 	0 	0 		0 		50 	1146 	0 	0 	C 	2081 
Tunisia	0 		0 	131 		46 	0 	9 	73 		0 	0 	3 		0 	3 		0 			8 		13 	3 		0 	336 	435 		0 	11 				0 	217 	0 		115 	946 	93 	0 	0 	0 	187 		0 	1 	43 			6 		0 	82 	C 			0 		0 	0 		0 	C 		0 		C 	0 	0 		0 		515 	446 		0 	C 	3720 
Turkey	0 		487 	762 		9484 	0 	341 	1611 		0 	31 	837 	24 	2 	314 	1 	0 	3 	7 	6 	28 	1442 	71 	35 	142 	2849 	3743 		1209 	593 	28 	1 	4 	8 	2951 	2 	3 	805 	3849 	3108 	0 	213 	0 	877 	2 	22 	4 	11916 	35 	9619 	37 		0 	4025 	C 	1749 		2 		226 	0 	0 	22 	C 	7 	14 	25 	C 	782 	567 	0 			15616 	28684 	0 	0 	C 	109227 
Turkmenistan	0 		0 	0 			0 		0 		0 	0 			0 	0 		0 			0 		0 	0 		0 		0 			0 				0 	0 	0 			0 	15 	0 	0 	0 				0 	0 					0 	0 				0 		0 	0 		0 			0 		0 	1 	0 		0 		4 	0 		0 	0 	21 
Turks and Caicos Islands	0 		0 	0 			0 	1 	0 		56 	0 			0 	0 		0 			0 		0 	0 		0 		0 			0 				0 	8 	0 		2 	3 		0 	0 	0 				0 	9 					0 	0 				0 		0 	0 		0 			0 		0 	0 	0 		0 		3 	119 		0 	0 	201 
Tuvalu	0 		0 	0 			0 		0 		0 	0 			0 	0 		0 			0 		0 	0 		0 		0 			0 				0 	0 	0 			0 		0 	0 	0 				0 	0 					0 	0 				0 		0 	0 		0 			0 		0 	0 	0 		0 		0 	0 		0 	0 	0 
Uganda	0 		0 	0 			0 		0 		0 	0 			0 	0 		0 			0 		0 	0 		0 		0 			2 				0 	10 	0 			0 	6 	0 	0 	0 				0 	11 			32 		0 	0 		5 		0 		0 	0 		0 	C 		0 	0 	0 	0 	1 		0 		69 	17 		0 	0 	153 
Ukraine	0 		C 	138 		1 	0 	1 	31 		0 	5 	115 	50 	0 	10 		0 			7 	3 	245 	0 	4 	C 	95 	238 		387 	317 	1 	3 		0 	36 	0 		140 	127 	12 	0 	0 	0 		23 	1 	4 	2565 			1 		0 	563 		0 		0 	0 	30 	0 	C 	77 	C 	8 	0 		C 	22 	36 		2 		938 	3120 	0 	0 	0 	9356 
United Arab Emirates	0 		36 	242 	1 	2255 	0 	59 	445 		2 	3 	283 		0 	730 	31 	0 		1 	63 	5 	208 	0 	1 	0 	600 	770 	1 	10 	873 	2 	0 	1 	2 	888 	0 		145 	795 	1866 	0 	86 	0 	2699 		391 	0 	2487 	402 		78 		0 	267 	C 	138 	12 	5 	0 	C 	0 		6 	C 	14 	5 	1 	C 	0 	40 	432 	0 		5725 	0 	0 	0 	C 	23105 
United Kingdom	8 	6 	48809 	19618 	256 	2102 	1297 	35505 	30276 	39 	199 	75 	59438 	747 	1786 	62603 	1111 	257 	91 	361 	12755 	844 	22998 	187 	120 	20238 	203077 	202237 	1185 	30175 	38579 	135 	785 	36 	367 	338501 	19058 	2775 	72875 	229812 	53308 	2815 	6078 	0 	1954 	108 	1253 	43 	204415 	2268 	2277 	490 	119 	4 	122915 	2563 	98555 	27 	86 	491 	C 	9229 	232 	4748 	39664 	2147 	656 	70278 	29288 	45957 	67860 	325 	651 	53 		989273 	148 	1 	227639 	3449242 
United States	17602 	353 	201239 	24303 	653 	6356 	9042 	38544 	290935 	166 	8424 	202 	423801 	23036 	46244 	74129 	1307 	11269 	405 	3287 	942 	1837 	68934 	1575 	234 	22959 	207353 	202464 	139 	3965 	37914 	1251 	1750 	143 	1508 	568078 	1836 	38863 	83929 	1168353 	44719 	27300 	36852 	22 	2654 	259 	3191 	90 	510488 	10115 	931 	1242 	38635 	9 	320650 	11622 	181230 	4 	4009 	1596 	501 	8820 	87 	1681 	164980 	835 	1150 	20802 	29840 	100307 	167221 	3819 	105 		879606 		1494 	5142 	2340889 	8518220 
Uruguay	4 		C 	43 	21 	1 	0 	0 	580 		120 	0 	71 		2 	8 		0 	8 	83 	0 	2 	311 	0 		C 	21 	384 		0 	184 				0 	83 	0 		57 	1088 	2 	0 	0 	0 		0 		0 	1796 					0 	431 				0 		0 	0 		0 	C 	1 	0 		C 	0 	19 	1 	0 		105 	2262 		0 	0 	7688 
US Pacific Islands	0 		0 	0 			0 		48 		0 	0 			0 	0 		0 			0 		0 	0 		0 		0 			0 				0 		0 			0 	17 	0 	0 	0 				0 	0 					0 	0 		1 		0 		0 	0 		0 			0 		0 	0 	0 		0 		0 	0 		0 	0 	66 
US Virgin Islands	0 		0 	0 			2 	19 	0 		19 	0 			0 	16 	0 	5 		5 	0 		0 	0 		0 	1 	0 			0 				0 	138 	0 	5 		946 		0 	34 	0 				0 	0 					0 	3 		0 		0 		0 	0 		0 	C 		0 		0 	19 	0 		0 		7 	0 	0 	0 	C 	1220 
Uzbekistan	0 		0 	0 			0 		0 		0 	0 			0 	0 		0 			0 		0 	0 		0 		0 			0 			0 	0 	0 	0 			0 	12 	0 	1 	0 				0 	0 	0 				0 	0 				0 		0 	0 		0 			0 		0 	0 	0 		0 		0 	0 		0 	0 	14 
Vanuatu	0 		0 	0 			0 		0 		0 	0 			0 	0 		0 			0 		0 	0 		0 		0 			0 				0 	0 	0 			0 		0 	0 	0 				0 	0 					0 	0 				0 		0 	0 		0 			0 		0 	0 	0 		0 		0 	0 		0 	0 	0 
Vatican	0 		0 	0 			0 		0 		0 	0 			0 	0 		0 			0 		0 	0 		0 		0 			0 				0 	0 	0 			0 		0 	0 	0 				0 	0 					0 	0 				0 		0 	0 		0 					0 	0 	0 		0 		0 	0 		0 	0 	0 
Venezuela, Republica Bolivariana de	0 		C 	115 		4 	3 	47 	704 	2 	1 	0 	160 	16 	2 	8 		0 	7 	288 	0 	0 	697 	0 		C 	642 	1045 		32 	258 	0 			0 	289 	0 		957 	323 	1039 	0 	17 	0 		3 	41 	4 	3219 					0 	1456 				223 	0 	C 	50 		95 	C 	3 	4 		C 	0 	4 	0 	4 		1195 	8566 	21 		C 	21547 
Vietnam	0 		C 	13 			0 	14 	0 		0 	0 	10 		0 	280 		0 			0 	0 	58 	0 		C 	97 	82 			37 				1 	26 	0 		24 	141 		0 	249 	0 		2 	0 	0 	484 	16 		41 		0 	50 		3 		0 	0 	0 	0 		0 	321 	0 	0 		0 	1 	0 	6 	0 		946 	1368 		0 	0 	4269 
Virgin Islands, British	0 	13 	C 	400 		77 	10 	420 	282 		541 	0 	2791 	201 	510 	6186 	339 	0 		7060 	7 	0 	71 	0 	6 	484 	2062 	811 	134 	38 	2076 	2 	12 	1 	32 	1690 	1230 	18 	389 	2740 	1452 	0 	61 	0 	31 	2 	2 	12 	8060 	1164 		111 		0 	1755 		144 	13 	6 	0 	1 	99 		662 	C 		0 	742 	387 	158 	0 	1 	0 		3498 	48047 	1 	0 	0 	97043 
Wallis and Futuna	0 		0 	0 			0 		0 		0 	0 			0 	0 		0 			0 		0 	0 		0 		0 			0 				0 	0 	0 			0 		0 	0 	0 				0 	0 					0 	0 				0 		0 	0 		0 			0 		0 	0 	0 		0 		0 	0 		0 	0 	0 
West Bank and Gaza	0 		0 	0 			0 		0 		0 	0 			0 	0 		0 			0 		0 	0 		0 		0 			0 				0 	12 	0 			0 		0 	0 	0 			0 	0 	12 					0 	0 				0 		0 	0 		0 					0 	0 	0 		0 		0 	1 		0 	0 	25 
Western Sahara	0 		0 	0 			0 		0 		0 	0 			0 	0 		0 			0 		0 	0 		0 		0 			0 				0 	0 	0 			0 		0 	0 	0 				0 	0 					0 	0 				0 		0 	0 		0 					0 	0 	0 		0 		0 	0 		0 	0 	0 
Yemen, Republic of	0 		0 	0 			0 		0 		0 	0 			0 	0 		0 			0 		1 	0 		0 		0 			9 				0 	0 	0 			0 		0 	0 	0 	15 			0 	0 					0 	0 				0 		0 	0 		0 			0 		0 	0 	0 		0 		0 	0 		0 	0 	25 
Zambia	0 		0 	0 			0 	72 	0 		0 	0 			0 	6 		0 			2 		0 	0 	1 	0 	18 	0 			6 				0 	10 	0 			0 	15 	0 	0 	0 				0 	13 			12 		0 	1 				0 		0 	0 		0 			0 	4 	0 	0 	1 		0 		206 	18 		0 	0 	385 
Zimbabwe	0 		C 	0 			0 		0 		0 	0 			0 	0 		0 			58 		1 	0 		0 	0 	0 		0 	16 				0 	28 	0 			0 		0 	0 	0 				0 	22 			110 		0 	0 				0 		0 	0 		0 			0 	39 	0 	0 	0 		0 		17 	96 		0 	0 	387 
Not Specified (including Confidential)	22 		C 	1 	43 	54 	64 	1835 	614 	76 	0 	0 	154 		0 	1042 	8 	0 			554 		2121 	0 	41 	1951 	370 	0 	3 	18729 	0 		25 	0 	2050 	65531 	555 	6177 	4890 	35 		2 	29 	0 	772 	0 	23 	0 	158 	250 	344 	33571 	4846 	0 	23099 	16328 	10681 		56 	796 	2495 	316 	18 	0 	161746 	0 	0 	679 	C 	0 	183576 	581 	0 		99590 	16852 		3151 	164195 	831097 
International Organizations	1 		C 	5054 		282 	418 	11456 	10405 		0 	171 	3262 	98 	0 	7431 	220 	781 	39 	23 	164 	804 	1209 	116 	96 	2408 	57501 	53802 	3 	1425 	1139 	1 	19 		0 	8443 	27 		49031 	140023 	1382 	1591 	560 	0 		238 	0 	93 	29264 		309 	0 	191 	0 	1443 	108 	8637 			84 	158 	1461 	138 	1215 		291 	134 	139 	5781 	4039 	11096 		0 		94185 	52411 	154 	56 	305529 	876538 
World	18895 	516 	487267 	316875 	7315 	28930 	17783 	663918 	460362 	550 	28485 	3381 	742696 	51112 	104248 	825764 	21077 	15391 	1148 	22419 	37591 	22619 	311291 	3369 	5403 	269783 	2366447 	2380350 	2353 	82706 	214316 	7946 	7473 	1194 	8018 	1853174 	40565 	61001 	1030634 	3375244 	219388 	47057 	103447 	958 	34944 	3750 	7380 	3260 	2673185 	40290 	22215 	128886 	46641 	199 	1437498 	48216 	741564 	202 	7776 	5478 	10702 	147798 	2082 	44201 	610643 	30057 	14787 	135522 	401642 	439398 	1084291 	20800 	1748 	72 	3209577 	6815650 	4015 	9407 	4903519 	39357854 