COUNTRY	Argentina	Aruba	Australia	Austria	Bahamas, The	Bahrain, Kingdom of	Barbados	Belgium	Bermuda	Brazil	Bulgaria	Canada	Cayman Islands	Chile	China, P.R.: Hong Kong	China, P.R.: Macao	Colombia	Costa Rica	Curacao and Sint Maarten	Cyprus	Czech Republic	Denmark	Egypt	Estonia	Finland	France	Germany	Gibraltar	Greece	Guernsey	Hungary	Iceland	India	Indonesia	Ireland	Isle of Man	Israel	Italy	Japan	Jersey	Kazakhstan	Korea, Republic of	Kosovo	Kuwait	Latvia	Lebanon	Lithuania	Luxembourg	Malaysia	Malta	Mauritius	Mexico	Netherlands	New Zealand	Norway	Pakistan	Panama	Philippines	Poland	Portugal	Romania	Russian Federation	Singapore	Slovak Republic	Slovenia	South Africa	Spain	Sweden	Switzerland	Thailand	Turkey	Ukraine	United Kingdom	United States	Uruguay	Venezuela, República Bolivariana de	SEFER + SSIO (**)	Value of Total Investment
Afghanistan, Islamic Republic of	0 		0 	0 			0 	0 	0 		0 			1 	0 		0 	0 		0 		0 	0 		0 		0 			0 	0 			0 	0 	0 			0 		0 	0 	0 				0 	0 					0 	0 	6 				0 	0 		0 			0 		0 	0 	0 	0 	0 		0 	0 	0 	0 	0 	7 
Albania	0 		C 	21 			0 	0 	0 		4 			18 	0 		0 	0 		0 		12 	0 	1 	0 	3 	21 		75 	0 	0 			0 	15 	0 		15 	0 		0 	0 	0 		2 		0 	82 					5 	0 	6 				C 	0 		0 			0 		0 	0 	6 	0 	0 		45 	15 	0 	0 	C 	346 
Algeria	0 		0 	0 			0 	0 	0 		0 			0 	0 		0 	0 		0 		3 	0 		0 	160 	0 			0 	0 			0 	0 	0 			0 		0 	0 	0 	164 			0 	0 			44 		0 	0 	0 				0 	0 		0 			0 		0 	0 	28 	0 	0 		26 	0 	0 	0 	0 	425 
American Samoa	0 		0 	0 			0 	0 	0 		0 			0 	0 		0 	0 		0 		0 	0 		0 		0 			0 	0 			0 	0 	0 			0 		0 	0 	0 				0 	0 					0 	0 	5 				0 	0 		0 			0 		0 	0 		0 	0 		0 	0 	2 	0 	0 	7 
Andorra	0 		0 	0 			0 	0 	0 		0 			0 	0 		0 	0 		0 	21 	0 	0 		0 	42 	0 			0 	0 			0 	0 	0 			14 	20 	0 	0 	0 				0 	0 					0 	0 					0 	0 		5 	C 		0 		0 	101 	0 	0 	0 		14 	0 	1 	0 	0 	217 
Angola	0 		0 	0 			0 	0 	0 	1 	0 		2 	0 	0 		0 	0 		0 		0 	0 		0 		0 			20 	0 			0 	1 	0 			0 		0 	0 	0 				0 	0 			107 		0 	0 	1 				0 	240 		0 			0 	5 	0 	0 	0 	0 	0 		58 	0 	0 	0 	0 	435 
Anguilla	0 		0 	0 			0 	0 	0 		0 			0 	0 		0 	0 		0 		0 	0 		0 	9 	0 			0 	0 			0 	0 	0 			0 	34 	0 	0 	0 				0 	0 					0 	0 					0 	0 		0 			0 		0 	0 		0 	0 		583 	0 	0 	0 	0 	627 
Antigua and Barbuda	0 		0 	0 			0 	4 	0 	0 	0 			0 	0 		0 	0 		0 	0 	0 	0 		0 	0 	1 		0 	0 	0 			0 	5 	0 		1 	0 		0 	0 	0 				0 	3 	0 				1 	0 					0 	0 		0 			0 		C 	0 		0 	0 		3 	112 	0 	0 	0 	132 
Argentina		0 	39 	298 	104 	2 	1 	78 	95 	164 	0 	72 	120 	530 	26 	0 	2 	5 	8 	9 	0 	682 	0 		0 	551 	995 	2 	3 	257 	1 	1 		1 	361 	1 		3940 	788 	17 	0 	21 	0 		45 	15 	0 	4252 	0 		0 	1 	711 	0 	73 		4 	0 	C 	0 		0 	8 		0 	2 	223 	1 	202 	0 	0 		2921 	10795 	166 	204 	C 	28798 
Armenia, Republic of	0 		0 	0 			0 	0 	0 		0 			0 	0 		0 	0 		0 		0 	0 		0 	17 	0 			0 	0 			0 	0 	0 			0 		0 	0 	0 				0 	96 					3 	0 			0 		0 	0 		1 			0 		0 	0 	0 	0 	0 		0 	0 	0 	0 	C 	117 
Aruba	0 		0 	20 			0 	0 	0 		0 		22 	0 	0 		0 	0 	145 	0 		0 	0 		0 		4 			1 	0 			0 	3 	0 		0 	998 		0 	0 	0 				0 	9 					0 	0 			0 		0 	0 		0 			0 		0 	0 	1 	0 	0 		34 	637 	0 	0 	C 	1874 
Australia	4 	2 		2750 	8 	278 	716 	5613 	6847 	6 	0 	19089 	227 	169 	35235 	818 	21 	6 	22 	276 	119 	1696 	0 	5 	1573 	27228 	20201 	2 	36 	1262 	3 	36 	18 	98 	25777 	223 	521 	5154 	138895 	1896 	1060 	2343 	0 	0 	1 	29 	48 	49913 	740 	316 	204 	10 	21797 	17600 	13341 	0 	15 	0 	5 	815 		1034 	27176 		137 	221 	2457 	6819 	22231 	1341 	0 		99394 	323303 	11 	2 	C 	889193 
Austria	0 		991 			22 	248 	16696 	857 	216 	75 	1150 	13 	136 	472 	24 	5 	70 	0 	93 	2241 	1462 	0 	108 	2938 	73843 	92233 	2 	890 	1604 	940 	5 		1 	8875 	31 	102 	10850 	17890 	2254 	250 	84 	29 		16 	1 	131 	28444 	30 	390 	3 		25632 	0 	5082 	3 	2 		887 	1485 	376 	91 	C 	1567 	1018 	40 	6965 	553 	34928 	106 	50 		8515 	18070 	155 	0 	40790 	413030 
Azerbaijan, Republic of	0 		0 	0 			0 	0 	0 		0 			0 	0 		0 	0 		0 		0 	0 		0 		0 			9 	0 			0 	0 	0 			0 	28 	0 	0 	0 		1 		0 	94 					0 	0 	8 		0 		0 	0 		0 			0 		0 	0 	4 	0 	20 		81 	0 	0 	0 	C 	246 
Bahamas, The	0 		C 	73 			0 	18 	4 	1706 	0 	941 	387 	8 	15 	11 	0 	0 	209 	0 	0 	280 	0 		85 	863 	131 			927 	0 			0 	265 	2 		2409 	1959 	714 	36 	0 	0 	138 	0 	0 	0 	1352 	10 			30 	102 	0 	112 		6 		0 	37 		7 	C 		0 	1 	C 	85 	1957 	0 	0 		211 	2009 	0 	0 	C 	17103 
Bahrain, Kingdom of	0 		0 	39 			0 	1 	48 		0 	5 		0 	116 	0 	0 	1 	0 	22 		52 	80 		0 	141 	134 		3 	75 	0 		3 	1 	108 	0 		13 	54 	539 	0 	6 	0 	8064 		265 	0 	200 	50 		1 		20 	0 	89 	11 	1 	0 	0 	0 		0 	C 		2 		C 	0 	93 	6 	6 		1299 	0 	0 	0 	C 	11547 
Bangladesh	0 		0 	1 		0 	0 	0 	0 		0 			0 	244 		0 	1 		1 		94 	0 		0 		1 			0 	0 			9 	0 	0 			0 	31 	0 	0 	0 	24 			0 	40 					0 	0 			0 		0 	0 		0 	C 		1 		0 	0 	0 	0 	0 		28 	69 	0 	0 	0 	547 
Barbados	0 		C 	45 				6 	93 		0 	49 	12 	268 	0 		0 	6 	1 	0 	0 	19 	0 		0 	0 	47 			68 	0 			0 	98 	0 		3 	23 		0 	0 	0 				0 	201 					21 	0 	3 		5 		0 	0 		0 	C 		0 		0 	0 	9 	25 	0 		105 	1476 	2 	0 	C 	2584 
Belarus	0 		C 	31 		0 	0 	0 	0 		1 			0 	0 		0 	0 		8 		38 	0 	0 	0 	27 	37 			0 	0 	0 		0 	4 	0 		29 	26 	2 	0 	0 	0 		1 		1 	190 					28 	0 			0 		C 	0 		369 			0 		0 	0 	3 	0 	0 		103 	109 	0 	0 	C 	1009 
Belgium	1 	0 	3640 	4993 		137 	0 		1010 	180 	169 	2566 	1 	0 	440 	9 	10 	7 	8 	341 	406 	1702 	11 	275 	3805 	102599 	34517 	13 	150 	669 	182 	6 	1 	1 	14944 	11 	273 	7301 	18047 	781 	299 	205 	60 	28 	9 	51 	113 	55220 	0 	164 	46 		28214 	0 	6902 	0 	4 	0 	109 	1828 	3 	57 	C 	241 	581 	13 	10264 	1664 	6750 	13 	0 		26401 	35453 	58 	0 	46658 	420615 
Belize	0 		0 	4 		0 	0 	0 	0 	2 	0 		1 	0 	5 		0 	0 		0 		19 	0 		0 	2 	11 			0 	0 			0 	5 	0 		1 	3 		0 	0 	0 				0 	33 	3 				9 	0 			0 		0 	0 		87 			0 		C 	0 	1 	0 	0 		0 	151 	0 	0 	0 	340 
Benin	0 		0 	0 			0 	0 	0 		0 			0 	0 		0 	0 		0 		2 	0 		0 		0 			0 	0 			0 	0 	0 			0 	23 	0 	0 	0 				0 	0 					0 	0 			0 		0 	0 		0 			0 		0 	0 	0 	0 	0 		0 	0 	0 	0 	0 	25 
Bermuda	0 	2 	3531 	536 	51 	65 	102 	961 		3112 	8 	10190 	4 	0 	106487 	665 	0 	0 	67 	43 	184 	1639 	0 	12 	1302 	7274 	2444 		20 	4017 	37 	17 		16 	6347 	660 	37 	926 	18818 	368 	4 	914 	0 	94 	3 	6 	4 	23339 	150 		63 		6259 	0 	4140 	0 	4 		22 	46 		153 	7068 		10 	12164 	324 	1269 	4030 	18 	0 		12205 	159545 	38 	0 	C 	401809 
Bhutan	0 		0 	0 			0 	0 	0 		0 			0 	0 		0 	0 		0 		0 	0 		0 	10 	0 			0 	0 			0 	0 	0 			0 		0 	0 	0 				0 	0 					0 	0 			0 		0 	0 		0 			0 		0 	0 	0 	0 	0 		0 	0 	0 	0 	0 	10 
Bolivia	0 		0 	0 			0 	0 	0 	56 	0 		3 	0 	0 		0 	0 		0 		0 	0 		0 		0 			0 	0 			0 	0 	0 			0 		0 	0 	0 				0 	39 					4 	0 			0 		0 	0 		0 	C 		0 		0 	0 	1 	0 	0 		104 	0 	0 	0 	0 	207 
Bonaire, Sint Eustatius and Saba	0 		0 	0 			0 	0 	0 		0 			0 	0 		0 	0 		0 		0 					0 		0 	0 	0 			0 	0 	0 			0 			0 	0 				0 	0 					0 				0 		0 	0 		0 					0 	0 		0 	0 		0 	0 		0 		0 
Bosnia and Herzegovina	0 		0 	12 			0 	0 	0 		0 			0 	0 		0 	0 	0 	0 		78 	0 	1 	0 	0 	3 			16 	0 	0 		0 	29 	0 		-2 	3 		0 	5 	0 	26 			0 	279 	20 				7 	0 	2 		0 		0 	0 		0 		0 	55 		0 	0 	0 	0 	0 		85 	29 	0 	0 	C 	648 
Botswana	0 		0 	0 			0 	0 	0 		0 			0 	0 		0 	0 	0 	0 		3 	0 		0 	0 	0 			16 	0 			0 	0 	0 			0 	14 	0 	0 	0 				0 	1 			0 		0 	0 			0 		0 	0 		0 			0 	55 	0 	0 	0 	0 	0 		6 	45 	0 	0 	0 	140 
Brazil	465 	2 	3521 	576 	3942 	580 	2 	861 	1724 		1 	14140 	26201 	3671 	601 	15 	1252 	50 	45 	1 	13 	2589 	0 	5 	110 	11446 	4721 		107 	2039 	15 	10 	0 	1 	13611 	15 	67 	2425 	38298 	495 	1 	5461 	0 		2 	14 	1 	69070 	41 		1 	205 	11928 	0 	8082 		590 	0 	C 	4013 		11 	C 	10 	82 	1003 	C 	2479 	3164 	5 	91 		78816 	235129 	1243 	28 	C 	555088 
British Indian Ocean Territory	0 		0 	0 			0 	0 	0 		0 			0 	0 		0 	0 		0 		0 	0 		0 		0 			0 	0 			1 	0 	0 			0 		0 	0 	0 				0 	0 					0 	0 	2 		0 		0 	0 		0 			0 		0 	1 		0 	0 		0 	0 	0 	0 	0 	4 
Brunei Darussalam	0 		0 	0 		1 	0 	0 	0 		0 			0 	0 		0 	0 		0 		0 	0 		0 	15 	0 			0 	0 			0 	0 	0 			0 	5 	0 	0 	0 				0 	0 	0 		2 		0 	0 			0 		0 	0 		0 	C 		0 		0 	0 	0 	0 	0 		0 	0 	0 	0 	0 	23 
Bulgaria	0 		0 	462 			0 	2 	0 	0 				0 	0 		0 	0 		29 		9 	0 	14 	0 	12 	358 		575 	99 	28 	0 		0 	116 	0 		41 	8 	3 	0 	0 	0 		7 	0 	7 	122 	0 				51 	0 	17 		0 	0 	6 	0 	25 	0 	C 	0 	5 		C 	8 	8 	0 	0 		69 	254 	0 	0 	C 	2338 
Burkina Faso	0 		0 	0 			0 	0 	0 		0 			0 	0 		0 	0 		0 		0 	0 		0 		0 			0 	0 			0 	0 	0 			0 		0 	0 	0 				0 	0 					0 	0 			0 		0 	0 		0 			0 		0 	0 	0 	0 	0 		2 	0 	0 	0 	0 	2 
Burundi	0 		0 	0 			0 	0 	0 		0 			0 	0 		0 	0 		0 	0 	0 	0 		0 		0 			0 	0 			0 	0 	0 			0 		0 	0 	0 				0 	0 					0 	0 			0 		0 	0 		0 			0 		0 	0 	0 	0 	0 		0 	0 	0 	0 	0 	0 
Cambodia	0 		0 	0 			0 	0 	0 		0 			0 	C 		0 	0 		0 	0 	0 	0 		0 		0 			51 	0 			0 	5 	0 			0 		0 	0 	0 				0 	106 	0 		0 		5 	0 	1 		0 		0 	0 		0 			0 		0 	0 	2 	3 	0 		45 	0 	0 	0 	0 	219 
Cameroon	0 		0 	0 			0 	0 	0 		0 			0 	0 		0 	0 		0 		0 	0 		0 	107 	0 			0 	0 			0 	0 	0 			0 		0 	0 	0 				0 	1 			7 		0 	0 			0 		0 	0 		0 			0 		0 	0 	2 	0 	0 		57 	1 	0 	0 	0 	176 
Canada	13 	6 	12839 	2758 	40 	234 	1890 	4335 	10831 	61 	5 		240 	456 	7913 	216 	220 	8 	57 	235 	64 	2349 	0 	2 	665 	32587 	20754 	33 	63 	1498 	7 	205 	0 	1 	22042 	97 	214 	2959 	64340 	1725 	41 	2236 	0 	40 	5 	25 	12 	47361 	38 	80 	56 	71 	12826 	548 	16616 		63 	0 	110 	221 	2 	17 	C 	97 	96 	79 	878 	8157 	25751 	36 	3 		31605 	695213 	71 	5 	57643 	1091963 
Cabo Verde	0 		0 	0 		2 	24 	0 	105 		0 			0 	0 		0 	0 		0 		0 	0 		0 		0 			0 	0 			0 	0 	0 			0 		0 	0 	0 				0 	0 					0 	0 			0 		0 	63 		0 			0 		0 	0 	0 	0 	0 		0 	0 	0 	0 	0 	194 
Cayman Islands	0 	1 	C 	6279 	200 	1248 	202 	4702 	5429 	2098 	3 	11523 		791 	205207 	1023 	15 	31 	2284 	82 	144 	5367 	136 	43 	9937 	42863 	26373 	38 	696 	29498 	4 	68 	12 	62 	28981 	2347 	267 	4064 	522812 	7829 	26 	6716 	0 	6922 	13 	68 	7 	60607 	660 	135 	1284 	246 	23605 	0 	4864 		88 	0 	C 	15610 		164 	7974 	38 	18 	283 	12047 	4342 	37379 	248 	65 		102731 	366025 	114 	13 	C 	1574949 
Central African Republic	0 		0 	0 			0 	0 	30 		0 			0 	0 		0 	0 		0 		0 	0 		0 	0 	0 			0 	0 			0 	0 	0 			0 		0 	0 	0 				0 	0 					0 	0 			0 		0 	0 		0 			0 		0 	0 	0 	0 	0 		0 	0 	0 	0 	0 	30 
Chad	0 		0 	0 			0 	0 	0 		0 			0 	0 		0 	0 		0 		0 	0 		0 		0 			0 	0 			0 	0 	0 			0 		0 	0 	0 				0 	0 					0 	0 			0 		0 	0 		0 			0 		0 	0 	0 	0 	0 		0 	0 	0 	0 	0 	0 
Chile	45 		322 	77 		1 	101 	26 	289 	83 	3 	447 	136 		65 	5 	20 	3 	33 	0 		322 	0 		0 	771 	559 	2 		97 	1 	1 	2 	0 	879 	0 		54 	505 	11 	0 	137 	0 		0 		0 	3348 	0 				689 	0 	532 		158 	0 	0 	0 		0 	539 	1 	3 	1 	353 	220 	417 	51 	0 		2172 	22531 	106 	5 	C 	36121 
China, P.R.: Hong Kong	0 	2 	7330 	460 	5 	1 	319 	472 	3923 	9 	0 	7337 	13 	31 		3051 	10 	15 	28 	1 	20 	2017 	1 	1 	578 	5994 	2850 	3 	8 	832 	7 	23 	65 	149 	12608 	213 	330 	616 	18037 	499 	14 	6487 	0 	29 	0 	1 	0 	28535 	2833 		2091 		9555 	0 	3155 		2 	217 	C 	24 		3 	14862 	2 	71 	44 	C 	3259 	2425 	524 	0 		44392 	134817 	0 	0 	C 	321201 
China, P.R.: Macao	0 		C 	0 			0 	0 	35 		0 			0 	287 		0 	0 		0 		0 	0 		0 		0 			0 	0 			0 	3 	0 			46 		0 	1 	0 				0 	3 					0 	0 			0 		0 	123 		0 	C 		0 		0 	4 	0 	0 	0 		67 	56 	0 	0 	C 	625 
China, P.R.: Mainland	24 	0 	2826 	481 		5 	3 	566 	2927 	13 	0 	6052 	27 	135 	190714 	3208 	0 	0 	2 	1 	9 	1474 	1 	3 	512 	11659 	2918 		15 	1269 	8 	13 	4 	120 	14725 	43 	48 	851 	13975 	484 	0 	10882 	0 	81 	0 	17 	1 	39480 	356 		5722 		7745 	0 	4528 		2 	0 	C 	36 		12 	40339 	0 	123 	176 	166 	1528 	1544 	102 	0 		31435 	102226 	5 	0 	C 	501622 
Christmas Island	0 		0 	0 			0 	0 	0 		0 			0 	0 		0 	0 		0 		0 	0 		0 		0 			0 	0 			0 	0 	0 			0 		0 	0 	0 				0 	0 					0 	0 			0 		0 	0 		0 			0 		0 	0 		0 	0 		0 	0 	0 	0 	0 	0 
Cocos (Keeling) Islands	0 		0 	0 			0 	0 	0 		0 			0 	0 		0 	0 		0 		0 	0 		0 		0 			0 	0 			0 	0 	0 			0 		0 	0 	0 				0 	0 					0 	0 			0 		0 	0 		0 			0 		0 	0 		0 	0 		1 	0 	0 	0 	0 	1 
Colombia	1 		66 	79 	35 	2 	1 	10 	434 	23 	0 	285 	73 	473 	7 			11 	39 	0 	0 	592 	0 		0 	410 	857 		0 	175 	0 			0 	454 	0 		208 	1574 	88 	1 	17 	0 		0 		0 	2930 	0 				953 	0 	4 		808 		0 	0 		0 	C 	1 	0 		C 	67 	99 	1 	0 		1191 	10451 	10 	6 	0 	22435 
Comoros	0 		0 	0 			0 	0 	0 		0 			0 	0 		0 	0 		0 		0 	0 		0 		0 			0 	0 			0 	0 	0 			0 		0 	0 	0 				0 	0 			5 		0 	0 			0 		0 	0 		0 			0 		0 	0 	0 	0 	0 		0 	0 	0 	0 	0 	5 
Congo, Democratic Republic of	0 		0 	11 			0 	24 	0 		0 			0 	0 		0 	0 		0 		0 	0 		0 	72 	0 			2 	0 			0 	1 	0 			0 		0 	0 	0 				0 	2 					0 	0 			0 		0 	0 		0 			0 	1 	0 	0 	0 	0 	0 		429 	0 	0 	0 	0 	543 
Congo, Republic of	0 		0 	0 			0 	0 	0 		0 			0 	0 		0 	0 		0 		20 	0 		0 	0 	0 			0 	0 			0 	5 	0 		0 	0 		0 	0 	0 				0 	14 			17 		3 	0 			0 		0 	0 		0 			0 		0 	0 	0 	0 	0 		42 	149 	0 	0 	0 	251 
Cook Islands	0 		0 	0 			0 	0 	0 		0 			0 	0 		0 	0 		0 		0 	0 		0 		0 			0 	0 			0 	0 	1 			0 		0 	0 	0 				0 	0 					0 	0 			0 		C 	0 		0 	C 		0 		0 	0 		0 	0 		0 	6 	0 	0 	0 	7 
Costa Rica	0 		0 	0 	3 		0 	0 	0 	0 	0 		8 	0 	C 		0 			0 		13 	0 		0 	9 	15 		0 	3 	0 			0 	15 	0 		2 	0 		0 	0 	0 				0 	29 					0 	0 			89 		0 	0 		0 			0 		C 	0 	2 	0 	0 		88 	122 	0 	0 	0 	397 
Cote d'Ivoire	0 		C 	16 		0 	0 	0 	160 		0 	4 		0 	C 		8 	0 		0 		46 	0 		0 	145 	5 		0 	35 	0 			0 	27 	0 		1 	25 	11 	0 	0 	0 		0 	1 	0 	176 	18 		122 		27 	0 			0 		0 	0 		0 	C 		0 	23 	0 	0 	504 	0 	0 		351 	181 	0 	0 	C 	1886 
Croatia	0 		C 	1267 		0 	0 	38 	0 		41 	2 		0 	0 		0 	0 		2 	42 	125 	0 	4 	20 	117 	1114 		32 	81 	44 	0 		0 	298 	0 		254 	78 	83 	0 	2 	0 		13 	1 	13 	1082 		3 	1 		341 	0 	79 		0 		C 	42 	7 	1 	C 	113 	76 		C 	22 	103 	2 	0 		1196 	984 	0 	0 	C 	7721 
Cuba	0 		0 	0 			2 	4 	0 		0 			0 	0 		0 	0 		0 		0 	0 		0 		0 			0 	0 	1 		0 	0 	0 			0 		0 	0 	0 				0 	0 					0 	0 			0 		0 	0 		0 			0 		0 	6 	0 	0 	0 		45 	0 	190 	0 	0 	248 
Curacao	0 	43 	0 	783 			0 	2811 	21 		11 	1728 	7 	0 	0 	2 	0 	0 		37 	285 	177 				45058 	2575 		103 	45 	0 			0 	867 	0 	19 		13821 			0 	0 				4 	5048 	1 			1 	2270 		1010 		0 		0 	170 	1 	0 	C 				973 	65 	3116 	0 	0 		0 	83309 	9 	0 		164371 
Curacao & St. Maarten																																																																														
Cyprus	0 		C 	500 		68 	0 	337 	5 		2 	123 	30 	0 	618 		0 	0 			103 	92 	0 	10 	184 	556 	1879 		3112 	376 	1 	0 		0 	112 	0 		94 	52 	872 	0 	6 	0 		14 	3 	5 	1219 	11 	43 	175 		315 	0 	781 		0 		107 	0 	1 	4633 	C 	66 	27 		C 	165 	161 	21 	0 		370 	1355 	0 	0 	C 	18605 
Czech Republic	0 		113 	3812 			0 	1875 	21 	0 	348 	152 		0 	36 		0 	0 	0 	20 		195 	0 	48 	93 	2976 	5718 		9 	1064 	330 	1 		0 	596 	0 	1 	602 	847 	645 	22 	58 	0 		6 		36 	4150 	1 	7 	0 		1860 	0 	257 		0 		347 	17 	12 	0 	C 	676 	141 		157 	167 	868 	0 	0 		1327 	4873 	0 	0 	C 	34486 
Denmark	1 	1 	1365 	3260 		34 	157 	5189 	1389 	2544 	2 	1895 	26 	0 	1964 	46 	6 	28 	17 	70 	52 		0 	29 	22633 	13624 	26188 		32 	8917 	5 	113 	1 	2 	5364 	219 	20 	2520 	13359 	3051 	2 	272 	0 	16 	14 	2 	245 	23333 	46 	35 			7542 	0 	21959 	0 	11 	0 	C 	746 		1 	C 	237 	104 	36 	1031 	22702 	7943 	17 	0 		19921 	48905 	8 	0 	C 	269248 
Djibouti	0 		0 	0 			0 	0 	0 		0 			0 	0 		0 	0 		0 		0 	0 		0 		0 			0 	0 			0 	0 	0 			0 	3 	0 	0 	0 				0 	0 					0 	0 			0 		0 	0 		0 			0 		0 	0 	0 	0 	0 		0 	0 	0 	0 	C 	3 
Dominica	0 		0 	0 			0 		0 		0 			0 	0 		0 	0 		0 		0 	0 		0 		0 			0 	0 			0 	0 	0 			0 		0 	0 	0 				0 	0 					0 	0 	0 		0 		0 	0 		0 			0 		0 	0 	0 	0 	0 		0 	0 	0 	0 	0 	1 
Dominican Republic	0 		C 	15 	7 	0 	1 	2 	0 	0 	0 	42 	3 	2 	11 		0 	2 		0 		60 	0 		0 	21 	56 			10 	0 			0 	45 	0 		16 	47 		0 	0 	0 			0 	0 	332 					114 	0 			70 		0 	0 		4 			0 		C 	0 	2 	0 	0 		214 	815 	0 	1 	0 	1891 
Ecuador	0 		0 	5 		0 	0 	0 	0 	1 	0 		1 	0 	8 		0 	0 		0 		14 	0 		0 	12 	7 		0 	8 	0 			0 	25 	0 		6 	8 		0 	0 	0 		1 	0 	0 	91 	0 				20 	0 			65 		C 	0 		0 	C 		0 		C 	0 	3 	0 	0 		35 	307 	2 	0 	0 	619 
Egypt	0 	0 	133 	36 		63 	0 	4 	76 		0 	228 		0 	26 		0 	0 	1 	10 	0 	215 			0 	851 	247 		267 	379 	0 			0 	693 	6 		23 	275 	338 	0 	103 	0 	851 		44 	0 	5222 	3 		42 		421 	0 	292 		0 		C 	28 		0 	C 		0 	238 	C 	39 	40 	0 	0 		3987 	10378 	0 	0 	0 	25562 
El Salvador	0 		C 	13 	10 	1 	3 	0 	0 		0 		20 	0 	0 		0 	19 		0 	0 	103 	0 		0 	27 	94 			59 	0 			0 	25 	0 		24 	71 		0 	0 	0 				0 	408 					140 	0 			65 		0 	0 		0 			0 		C 	0 	3 	0 	0 		31 	909 	1 	0 	0 	2026 
Equatorial Guinea	0 		0 	0 			0 	0 	0 		0 			0 	0 		0 	0 		0 		0 	0 		0 		0 			0 	0 	4 		0 	0 	0 			0 		0 	0 	0 				0 	0 					0 	0 			0 		0 	0 		0 			0 		0 	0 	0 	0 	0 		0 	0 	0 	0 	0 	4 
Eritrea	0 		0 	0 			0 	0 	0 		0 			0 	0 		0 	0 		0 		0 	67 		0 		0 			0 	0 			0 	0 	0 			0 		0 	0 	0 				0 	0 	30 				0 	0 			0 		0 	0 		0 			0 		0 	0 	0 	0 	0 		0 	0 	0 	0 	0 	98 
Estonia	0 		0 	79 			0 	13 	0 		0 			0 	0 		0 	0 		0 		24 	0 		236 	16 	28 		0 	2 	1 	0 		0 	120 	0 		3 	1 		0 	0 	0 		105 		88 	205 					29 	0 	15 		0 		78 	0 		13 			1 		C 	271 	1 	0 	0 		35 	130 	0 	0 	C 	1495 
Ethiopia	0 		0 	0 			0 	0 	0 		0 			0 	0 		0 	0 		0 		1 	91 		0 		0 			0 	0 			0 	0 	0 			0 		0 	0 	0 				0 	0 			24 		0 	0 			0 		0 	0 		0 			0 		0 	0 	0 	0 	0 		0 	0 	0 	0 	0 	116 
Falkland Islands	0 		0 	0 			0 	1 	0 		0 			0 	0 		0 	0 		0 	0 	0 	0 		0 	0 	7 			0 	0 			0 	0 	0 		0 	0 		0 	2 	0 				0 	22 	0 				1 	0 			0 		0 	0 		0 			0 		C 	0 	2 	0 	0 		36 	29 	0 	0 	0 	100 
Faroe Islands	0 		0 	1 			0 	1 	0 		0 			0 	0 		0 	0 		0 	0 	1241 	0 		14 	0 	12 			1 	0 	29 		0 	13 	0 		0 	0 		0 	0 	0 				0 	29 					4 	0 	95 		1 		0 	0 		0 	C 		0 		0 	5 	1 	0 	0 		0 	27 	0 	0 	0 	1475 
Fiji	0 		0 	0 			0 	0 	0 		0 			0 	1 		0 	0 		0 		0 	0 		0 		0 			0 	0 			0 	8 	0 		1 	0 		0 	0 	0 				0 	78 					0 	0 			0 	0 	0 	0 		0 			0 		0 	0 	0 	0 	0 		2 	17 	0 	0 	0 	106 
Finland	1 	0 	2074 	3870 	10 	35 	0 	7610 	517 	2 	2 	1882 	7 	6 	568 	16 	4 	9 	15 	150 	35 	8005 	0 	431 		25500 	20675 		49 	1173 	4 	28 		0 	9532 	131 	38 	3429 	14549 	640 	88 	170 	16 	0 	105 	2 	153 	17683 	2 	8 		0 	10659 	0 	10792 		1 	0 	102 	734 	7 	3 	C 	432 	114 	19 	2472 	29699 	7893 	3 	0 		14589 	40621 	1 	0 	26397 	263766 
France	1 	2 	16825 	29963 	36 	349 	1033 	117678 	13225 	101 	342 	23368 	170 	2105 	14945 	483 	61 	57 	103 	1109 	1299 	18425 	56 	882 	25098 		295666 	33 	2823 	14715 	280 	357 	1 	62 	140715 	148 	2556 	112738 	151982 	9238 	1842 	2757 	48 	393 	216 	812 	535 	280422 	81 	576 	53 	89 	194929 	0 	47413 	2 	31 	0 	410 	14693 	35 	178 	C 	2407 	2460 	271 	66361 	18187 	98110 	184 	17 	0 	174154 	360772 	70 	107 	452670 	2720313 
French Southern Territories	0 		0 	0 			0 	0 	0 		0 			0 	0 		0 	0 		0 		0 	0 		0 		0 			0 	0 			0 	0 	0 			0 		0 	0 	0 				0 	0 					0 	0 			0 		0 	0 		0 			0 		0 	0 		0 	0 		0 	0 	0 	0 	0 	0 
French Territories: French Polynesia	0 		0 	3 			0 	0 	0 		0 			0 	0 		0 	0 		0 		0 	0 		0 	24 	0 			0 	0 			0 	0 	0 			0 		0 	0 	0 				0 	0 					0 	0 			0 		0 	0 		0 	C 		0 		0 	0 	0 	0 	0 		0 	0 	0 	0 	0 	27 
French Territories: New Caledonia	0 		0 	0 			0 	0 	0 		0 			0 	0 		0 	0 		0 		0 	0 		0 	3 	0 			8 	0 			0 	0 	0 			0 		0 	0 	0 				0 	0 					0 	0 			0 		0 	0 		0 	C 		0 		0 	0 	0 	0 	0 		0 	0 	0 	0 	0 	10 
Gabon	0 		0 	0 		0 	0 	2 	53 	0 	0 			0 	0 		0 	0 		0 		54 	0 		0 	156 	106 			0 	0 			0 	73 	0 		8 	23 	66 	0 	0 	0 		0 		0 	83 					53 	0 			0 		0 	0 		0 			0 		C 	0 	41 	0 	0 		53 	0 	0 	0 	0 	771 
Gambia, The	0 		0 	0 			0 	0 	0 		0 			0 	0 		0 	0 		0 		0 	0 		0 		0 			0 	0 			0 	0 	0 			0 		0 	0 	0 				0 	0 			3 		0 	0 			0 		0 	0 		0 			0 		0 	0 	0 	0 	0 		0 	0 	0 	0 	0 	3 
Georgia	0 		0 	8 		31 	0 	1 	0 		0 		4 	0 	0 		0 	0 		13 	1 	56 	0 	2 	0 	1 	17 		3 	54 	0 			0 	31 	0 		8 	11 	13 	0 	5 	0 		1 	0 	6 	221 	1 		1 		48 	0 	9 		0 		C 	0 		0 			0 		C 	13 	9 	0 	0 		52 	211 	3 	0 	C 	835 
Germany	39 	2 	23832 	74360 	41 	1070 	523 	55596 	11667 	58 	395 	19696 	233 	6420 	15604 	250 	328 	97 	236 	779 	1408 	52211 	71 	446 	27470 	344958 		47 	2491 	9450 	1241 	490 	24 	8 	124373 	267 	1156 	72240 	202286 	14653 	2086 	2559 	47 	137 	248 	42 	447 	345572 	361 	522 	11 	59 	197143 	505 	59732 	1 	35 	255 	439 	14952 	143 	867 	C 	1429 	2417 	350 	40028 	38434 	105194 	202 	319 		184872 	295413 	110 	0 	554752 	2916201 
Ghana	0 		0 	4 		0 	0 	0 	0 		0 			0 	25 		19 	0 	0 	0 		33 	0 		0 	26 	24 			17 	0 		0 	0 	11 	0 		5 	15 	9 	0 	0 	0 		0 	0 	0 	473 			410 		37 	0 	31 		0 		0 	0 		0 			0 	22 	0 	0 	11 	0 	0 		489 	367 	0 	0 	C 	2030 
Gibraltar	0 		0 	92 			0 	1 	5 	1424 	0 			0 	C 		0 	0 		0 	0 	1 	0 		0 	134 	52 			1 	3 			0 	16 	0 		17 	2 	3 	0 	8 	0 		0 		0 	49 					9 	0 	14 		1 	0 	0 	0 		82 	C 		0 		C 	4 	70 	0 	0 		753 	294 	0 	0 	C 	3036 
Greece	0 	0 	120 	5561 		17 	0 	9938 	2 	0 	42 	487 	2 	1 	85 	0 	0 	0 	0 	19244 	663 	797 	0 	18 	2590 	44027 	40408 			123 	32 	1 		0 	3626 	29 	36 	5724 	948 	410 	0 	9 	0 	10 	12 	28 	63 	8433 	17 	508 			9045 	0 	1638 		0 	15 	C 	6042 	122 	32 	C 	1179 	725 	13 	10821 	555 	1436 	0 	75 		5810 	7085 	2 	0 	C 	188610 
Greenland	0 		0 	0 			0 	0 	0 		0 			0 	0 		0 	0 		0 		63 	0 		0 		0 			0 	0 			0 	0 	0 			0 		0 	0 	0 				0 	0 					0 	0 			0 		0 	0 		0 			0 		C 	0 	0 	0 	0 		0 	0 	0 	0 	0 	63 
Grenada	0 		0 	0 			3 	3 	0 		0 		3 	0 	0 		0 	0 		0 		0 	0 		0 	13 	0 			0 	0 			0 	12 	0 		0 	4 		0 	0 	0 				0 	0 					0 	0 			0 		0 	0 		0 			1 		0 	0 	0 	0 	0 		2 	19 	0 	0 	0 	60 
Guadeloupe	0 		0 	0 			0 	0 	0 		0 			0 	0 		0 	0 		0 		7 	0 		0 		0 			0 	0 			0 	13 	0 			0 		0 	0 	0 				0 	0 					0 	0 			0 		0 	0 		0 					0 	0 		0 	0 		-2 	0 	0 	0 	0 	19 
Guam	0 		0 	0 		26 	0 	11 	0 		0 			0 	0 		0 	0 		0 		20 	0 		0 		0 			32 	0 			0 	0 	3 			0 		0 	12 	0 				0 	0 					0 	0 			0 		0 	0 		0 			0 		0 	0 		0 	0 		-2 	0 	0 	0 	0 	103 
Guatemala	0 		C 	1 	408 		28 	0 	2 	0 	0 		3 	0 	C 		0 	0 		0 		4 	0 		0 	7 	7 			0 	0 			0 	20 	0 		1 	0 		0 	0 	0 				0 	26 					1 	0 	2 		93 		0 	0 		0 			0 		0 	0 	0 	0 	0 		15 	55 	0 	0 	0 	674 
Guernsey	0 		C 	990 		63 	0 	1055 	50 	10 	0 	1071 		0 	453 	4 	0 	0 	32 	31 	33 	881 	0 	1 	1998 	5619 	5783 	2 	99 		18 	68 		0 	1061 	1145 		1133 	7604 	789 	0 	97 	0 		1 	2 	26 	4167 	0 	14 	34 		4614 	0 	2678 		0 		3 	145 		0 	84 	1 	0 	3112 	776 	351 	8524 	15 	0 		13173 	14796 	1 	0 	C 	82611 
Guiana, French	0 		0 	0 			0 	0 	0 		0 			0 	0 		0 	0 		0 		0 	0 		0 		0 			3 	0 			0 	0 	0 			0 		0 	0 	0 				0 	0 					0 	0 			0 		0 	0 		0 					0 	0 		0 	0 		0 	0 	0 	0 	C 	3 
Guinea	0 		0 	0 			0 	0 	0 		0 			0 	0 		0 	0 		0 		0 	0 		0 		0 			0 	0 			0 	0 	0 			0 	23 	0 	0 	0 				0 	0 			0 		0 	0 			0 		0 	0 		0 			0 		0 	0 	0 	0 	0 		0 	2 	0 	0 	0 	26 
Guinea-Bissau	0 		0 	0 			0 	0 	0 		0 			0 	0 		0 	0 		0 		0 	0 		0 		0 			0 	0 			0 	0 	0 			0 		0 	0 	0 				0 	0 	0 				0 	0 			0 		0 	7 		0 			0 		0 	0 	0 	0 	0 		0 	0 	0 	0 	0 	7 
Guyana	0 		0 	0 			0 	0 	6 		0 			0 	0 		0 	0 		0 		0 	0 		0 		0 			0 	0 			0 	0 	0 			0 		0 	0 	0 				0 	0 					0 	0 			0 		0 	0 		0 			0 		0 	0 	0 	0 	0 		8 	0 	0 	0 	0 	14 
Haiti	0 		0 	0 			0 	0 	0 		0 			0 	0 		0 	0 		0 		0 	0 		0 		0 			0 	0 			0 	0 	0 			0 		0 	0 	0 				0 	0 					0 	0 			0 		0 	0 		0 			0 		0 	0 	0 	0 	0 		0 	0 	0 	0 	0 	0 
Honduras	0 		C 	0 			0 	0 	0 		0 			0 	C 		0 	6 		0 		0 	0 		0 	0 	0 			0 	0 			0 	0 	0 			0 	2 	0 	0 	0 				0 	5 				1 	0 	0 			57 		0 	0 		0 			0 		0 	0 	119 	0 	0 		2 	29 	0 	0 	0 	220 
Hungary	0 		137 	5036 		0 	0 	681 	47 	16 	169 	285 		0 	265 		0 	0 	0 	59 	322 	506 	0 	30 	108 	2599 	9117 		135 	399 		0 		4 	1590 	0 	3 	508 	742 	53 	3 	88 	0 		26 	5 	55 	8579 	1 	0 	0 		2083 	0 	596 		0 		688 	52 	64 	223 	C 	806 	128 	1 	299 	233 	693 	2 	0 		4613 	6565 	1 	0 	C 	48616 
Iceland	0 		C 	231 			0 	173 	26 		5 	60 	1 	0 	33 		0 	0 	0 	1 	12 	123 	0 	1 	8 	646 	1459 		5 	6 	0 			0 	128 	0 	1 	364 	180 		43 	0 	0 		2 	9 	18 	497 	0 			1 	230 	0 	57 		0 		C 	145 		0 	C 	1 	1 		239 	111 	120 	0 	0 		3257 	1644 	0 	0 	C 	9839 
India	1 	1 	3432 	600 	28 	357 	0 	314 	645 	1 	0 	5572 	25 	80 	9408 	35 	0 	0 	2 	0 	2 	1860 	2 	0 	1257 	8233 	1352 	91 	47 	924 	18 	4 		10 	5726 	24 	1 	581 	6219 	499 	0 	3324 	0 	250 	0 	4 	0 	39325 	301 		120026 	37 	4443 	0 	3745 		5 	0 	C 	7 		1 	29436 	2 	70 	129 	C 	1066 	1190 	459 	0 		28174 	91486 	1 	0 	C 	370832 
Indonesia	0 	0 	969 	212 	2 	3 	0 	89 	746 		0 	1624 	67 	8 	2264 	1 	0 	0 	2 	0 	0 	1120 	0 	1 	134 	1887 	1347 			868 	0 	1 	44 		3055 	0 		611 	5991 	338 	0 	497 	0 	51 	1 	1 	0 	17543 	1019 		473 		2634 	0 	820 		0 	697 	C 	0 		0 	20941 	2 	6 	2 	C 	271 	378 	63 	0 		6939 	34861 	0 	0 	C 	108583 
Iran, Islamic Republic of	0 		0 	0 			0 	0 	0 		0 			22 	0 	9 	0 	0 		0 	2 	0 	0 		0 	1 	0 		0 	0 	0 			0 	0 	0 			0 	146 	0 	0 	0 	0 		0 	0 	0 					0 	0 	62 		0 		0 	0 		2 			0 		0 	0 	0 	1 	0 		179 	0 	0 	0 	0 	423 
Iraq	0 		0 	12 		3 	0 	0 	5 		0 	9 		0 	0 		0 	0 	0 	0 	15 	67 	0 		0 	6 	12 			77 	0 			0 	9 	0 		16 	55 		0 	274 	0 	167 			0 	361 					170 	0 			0 		0 	0 		0 		1 	0 		0 	0 	18 	0 	0 		30 	0 	0 	0 	0 	1308 
Ireland	0 	14 	2911 	12162 	31 	86 	97 	38365 	5747 	101 	137 	4447 	559 	7338 	13772 	315 	60 	1 	109 	1693 	819 	15523 	13 	281 	15865 	116995 	148978 	22 	1654 	5857 	521 	889 	11 	0 		3856 	1740 	56360 	55374 	6974 	89 	1705 	371 	251 	250 	68 	262 	73506 	217 	957 	57 	66 	51084 	0 	10706 		51 	107 	91 	41595 	41 	6554 	2440 	2478 	355 	7325 	30217 	13802 	26944 	1052 	7 		151685 	131936 	12 	0 	14930 	1090888 
Isle of Man	0 		C 	11 			0 	6 	56 	2 	0 	108 		0 	8 	1 	0 	0 	0 	13 	0 	43 	0 	2 	58 	114 	100 		0 	206 	0 	2 		0 	329 			21 	992 	14 	0 	21 	0 		0 	0 	1 	1230 	1242 		27 		210 	0 	4 		0 		C 	0 		9 	C 		0 	110 	C 	11 	106 	0 	0 		1867 	2842 	0 	0 	0 	9766 
Israel	0 	1 	435 	263 			8 	123 	51 	4 	0 	2022 	104 	0 	14 		0 	0 	2 	25 	4 	242 	0 	0 	98 	1396 	1137 		1 	2147 	82 	3 	0 	0 	581 	1 		135 	2389 	45 	4 	104 	0 		0 		0 	4503 	0 		11 		946 	0 	1011 		5 		C 	0 		0 	C 	1 	14 	128 	C 	209 	439 	137 	0 		6795 	63502 	3 	0 	C 	89127 
Italy	2 	1 	3391 	23108 		16 	0 	46580 	1046 	48 	45 	7557 	74 	4 	1904 	65 	0 	0 	8 	1100 	793 	7078 	71 	168 	8101 	318950 	203689 	2 	1653 	2702 	13 	12 		13 	117022 	24 	191 		75355 	2406 	1424 	752 	47 	7 	12 	15 	109 	153403 	9 	677 	48 	0 	70595 	0 	23452 		2 	0 	3 	13662 	11 	18 	3677 	2094 	898 	32 	61638 	3810 	8352 	68 	0 		130513 	65638 	81 	0 	65757 	1429997 
Jamaica	0 	0 	0 	9 		0 	0 	16 	0 	1 	0 	3 	30 	0 	0 		0 	0 		0 	0 	2 	0 		1 	9 	80 		0 	0 	0 			0 	3 	0 		20 	25 		0 	0 	0 				0 	36 					3 	0 			1 		C 	0 		0 			0 		C 	0 	13 	0 	0 		171 	315 	0 	0 	C 	738 
Japan	110 	9 	22702 	1414 		136 	313 	2586 	4341 	23 	0 	39993 	14 	1341 	24486 	90 	169 	0 	102 	4 	13 	6088 	0 	2 	544 	92170 	31365 	2 	5 	1041 	5 	111 	35 	14 	43718 	108 	118 	4061 		7062 	2012 	5523 	0 	82 	1 	3 	3 	68726 	211 	22 	75 		25039 	1520 	30164 		0 	64 	C 	482 		0 	C 	4 	38 	246 	1826 	11897 	19913 	127 	0 		153437 	502796 	30 	0 	228865 	1337399 
Jersey	0 	1 	C 	3715 	27 	106 	369 	4308 	310 	5 	6 	960 	20 	0 	2481 	17 	0 	0 	36 	70 	90 	1541 	0 	2 	1210 	16398 	17833 	2 	1142 	986 	47 	24 		0 	7527 	448 	3 	4606 	19476 		0 	412 	0 	136 	11 	17 	5 	20012 	2 	334 	669 		7701 	0 	928 		0 		12 	1723 	1 	818 	473 		3 	2311 	5640 	1084 	17153 	1 	0 		47785 	41906 	2 	0 	C 	232905 
Jordan	0 		C 	3 		314 	0 	0 	10 		0 	6 		0 	4 		0 	0 		15 		38 	11 		0 	7 	33 			114 	0 		0 	0 	45 	0 		4 	10 	244 	0 	1 	0 	662 		98 	0 	225 	0 				44 	0 			0 		C 	0 		0 	C 		0 		0 	0 	3 	0 	0 		249 	118 	0 	0 	0 	2260 
Kazakhstan	0 		11 	246 		47 	0 	14 	138 	0 	2 	86 	170 	0 	19 	1 	0 	0 	0 	116 	36 	258 	0 	4 	0 	115 	2934 		32 	556 	53 	1 		0 	124 	0 		106 	151 	97 		86 	0 		38 	1 	11 	1493 					386 	0 	15 		0 	0 	C 	23 		237 	C 		1 		C 	29 	66 	0 	7 		4869 	2993 	0 	0 	C 	15572 
Kenya	0 		0 	0 			0 	0 	0 		0 	2 		0 	8 		0 	0 	0 	0 		21 	0 		0 	2 	3 			7 	0 		1 	0 	45 	0 		11 	2 	88 	0 	1 	0 				0 	265 			184 		0 	0 	19 		0 		0 	0 		0 	C 		0 	49 	0 	3 	5 	0 	0 		44 	192 	0 	0 	0 	954 
Kiribati	0 		0 	0 			0 	0 	0 		0 			0 	0 		0 	0 		0 		0 	0 		0 		0 			0 	0 			0 	0 	0 	1 		0 		0 	0 	0 				0 	0 					0 	0 			0 		0 	0 		0 			0 		0 	0 	0 	0 	0 		0 	2 	0 	0 	0 	3 
Korea, Democratic People's Rep. of	0 		C 				0 				0 				0 		0 			0 		0 	0 		0 		0 				0 				0 	0 			0 		0 	0 	0 			0 	0 	0 					0 	0 			5 		0 	0 		0 					0 	0 		0 	0 			0 	0 	0 	0 	5 
Korea, Republic of	0 	1 	4764 	929 	1 	110 	1 	606 	1527 	944 	0 	9189 	180 	94 	20225 	193 	0 	0 	7 	1 	3 	1975 	1 	0 	536 	13107 	5385 	2 	16 	567 	9 	9 	32 	130 	14915 	10 	30 	1051 	18016 	294 	105 		0 	4 	0 	58 	4 	42279 	2944 	6 	65 	55 	8786 	0 	7193 		22 	250 	C 	8 		7 	30799 	4 	34 	39 	C 	1944 	5095 	11238 	0 		58962 	148188 	0 	0 	C 	412946 
Kosovo, Republic of			0 								0 											0 					0 							0 	0 							0 					0 	0 					0 				0 		0 									0 		0 						0 		0 
Kuwait	0 		C 	68 		502 	0 	0 	15 		0 	12 		3 	125 	15 	0 	0 	0 	5 		17 	15 		0 	27 	59 		0 	112 	0 		0 	0 	17 	0 			32 	59 	0 	20 	0 			38 	0 	391 	305 		31 		27 	0 			0 	0 	0 	0 		0 	C 		0 	1 	C 	0 	1 	0 	0 		515 	0 	0 	0 	0 	2413 
Kyrgyz Republic	0 		0 	0 			0 	0 	0 		0 			0 	0 		0 	0 		0 		0 	0 		0 		0 			0 	0 			0 	0 	0 			0 		27 	0 	0 				0 	53 					0 	0 			0 		0 	0 		0 	C 		0 		0 	0 	2 	0 	0 		0 	0 	1 	0 	C 	83 
Lao People's Democratic Republic	0 		0 	0 			0 	0 	0 		0 			0 	0 		0 	0 		0 		0 	0 		0 		0 			3 	0 			0 	0 	0 			0 		0 	0 	0 				0 	0 					0 	0 			0 		0 	0 		0 			0 		0 	0 	0 	8 	0 		1 	0 	0 	0 	0 	12 
Latvia	0 		0 	277 			0 	1 	0 		0 	5 		0 	0 		0 	0 		3 		0 	0 	73 	36 	4 	668 		4 	35 	3 			0 	0 	0 		25 	0 	33 	0 	0 	0 				55 	47 					0 	0 	149 		0 		0 	0 		2 		35 	4 		C 	187 	10 	0 	0 		22 	13 	0 	0 	0 	1692 
Lebanon	0 		0 	20 		11 	0 	27 	0 	4 	0 	12 		0 	68 		0 	0 	0 	323 		122 	10 		0 	119 	95 			107 	0 			0 	19 	0 		47 	86 	360 	0 	0 	0 	86 			0 	391 			12 		158 	0 	1 		0 		0 	0 		0 	C 		0 		C 	0 	10 	0 	0 		119 	463 	0 	0 	0 	2670 
Lesotho	0 		0 	0 			0 	0 	0 		0 			0 	0 		0 	0 		0 		0 	0 		0 		0 			0 	0 			0 	0 	0 			0 		0 	0 	0 				0 	0 			3 		0 	0 			0 		0 	0 		0 			0 		0 	0 	0 	0 	0 		12 	0 	0 	0 	0 	15 
Liberia	0 		0 	15 			0 	15 	48 	0 	0 	200 		0 	1 		0 	0 		1 	0 	52 	0 		14 	109 	168 		5 	0 	0 			0 	76 	0 		39 	114 	30 	0 	2 	0 		0 		0 	521 	0 				156 	0 	447 		2 		0 	0 		0 	C 		0 		C 	20 	119 	0 	0 		42 	5413 	0 	0 	C 	7611 
Libya	0 		0 	0 		83 	0 	0 	0 		0 			0 	0 		0 	0 		0 		0 	4 		0 		0 			0 	0 			0 	0 	0 			0 	17 	0 	0 	0 	0 			0 	0 					0 	0 			0 		0 	55 		0 			0 		0 	0 	0 	0 	0 		7 	0 	0 	0 	0 	166 
Liechtenstein	0 		0 	1141 	1264 		0 	3 	0 	2 	0 	4 		0 	0 		0 	0 		0 	0 	0 	0 	3 	0 	52 	1661 			15 	1 			0 	8 	1 		40 	0 		0 	0 	0 				0 	299 	1 				76 	0 	628 		0 		C 	0 		0 	C 		1 		C 	0 		0 	0 		29 	299 	0 	0 	0 	5529 
Lithuania	0 		C 	639 		1 	0 	109 	7 		31 	38 		0 	C 		0 	0 	0 	28 		172 	0 	109 	91 	268 	2054 		40 	147 	3 	3 		0 	27 	0 		131 	93 	3 	2 	2 	0 		82 	10 		1504 		6 			238 	0 	60 		0 	0 	8 	0 		1 			44 		C 	486 	131 	2 	0 		521 	1517 	0 	0 	C 	8612 
Luxembourg	595 	49 	11561 	30182 	55 	49 	535 	136053 	5684 	237 	226 	2726 	250 	46460 	28852 	801 	585 	2 	144 	741 	5384 	22079 	46 	844 	27583 	169296 	438573 	147 	7145 	14866 	4276 	975 	473 	632 	43571 	4961 	4733 	287774 	98991 	11801 	196 	3911 	206 	5 	603 	257 	956 		683 	709 	754 	536 	87262 	0 	10961 		44 	173 	4129 	12441 	448 	8827 	9645 	1121 	557 	6708 	48996 	82155 	160108 	424 	512 		94974 	100431 	116 	5 	C 	2048791 
Macedonia, FYR	0 		0 	67 			0 	0 	0 		3 			0 	0 		0 	0 		0 		17 	0 	0 	0 	0 	39 		0 	0 	0 			0 	37 	0 		5 	0 		0 	0 	0 				6 	87 					0 	0 			0 		0 	0 		1 			40 		0 	0 	4 	0 	0 	1 	15 	13 	0 	0 	C 	335 
Madagascar	0 		0 	0 			0 	0 	0 		0 			0 	C 		0 	0 		0 		0 	0 		0 	0 	0 			0 	0 			0 	0 	0 			0 	2 	0 	0 	0 				0 	0 			46 		0 	0 	1 		0 		0 	0 		0 			0 		0 	0 	0 	0 	0 		0 	2 	0 	0 	0 	50 
Malawi	0 		0 	0 			0 	0 	0 		0 			0 	0 		0 	0 		0 		0 	0 		0 		0 			1 	0 			0 	0 	0 			0 	3 	0 	0 	0 				0 	3 			0 		0 	0 			0 		0 	0 		0 			0 	11 	0 	0 	0 	0 	0 		0 	1 	0 	0 	0 	19 
Malaysia	0 		1017 	334 		98 	0 	90 	141 		0 	1399 	3 	11 	6375 	128 	0 	0 	2 	0 	0 	1025 	4 	0 	146 	2994 	1712 		0 	163 	1 	2 	1 	51 	3641 	1 		224 	4625 	225 	0 	531 	0 	1007 	0 		1 	16135 			1073 		2650 	40 	1431 	7 	0 	21 	0 	0 		0 	14642 	0 	6 	6 	C 	274 	475 	144 	1 		9341 	32210 	0 	0 	C 	104407 
Maldives	0 		0 	0 			0 	0 	0 		0 			0 	0 		0 	0 		0 		0 	0 		0 		0 			0 	0 			1 	0 	0 			0 		0 	0 	0 				0 	0 			1 		0 	0 			0 		0 	0 		0 			0 		0 	0 	0 	2 	0 		0 	0 	0 	0 	0 	3 
Mali	0 		0 	0 			0 	0 	10 		0 			0 	0 		0 	0 		0 		0 	0 		0 		0 		0 	0 	0 			0 	51 	0 			0 		0 	0 	0 			0 	0 	0 			0 		0 	0 			0 		0 	0 		0 			0 		0 	0 	0 	0 	0 		9 	0 	0 	0 	0 	70 
Malta	0 		0 	59 			0 	6 	0 		0 	125 		0 	0 		0 	0 	3 	0 	15 	46 	18 	0 	0 	1132 	182 		0 	276 	0 			0 	159 	6 		115 	15 	155 	0 	0 	0 	59 	14 		6 	400 			2 		41 	0 	0 		0 		0 	0 		0 	C 		0 	6 	C 	158 	238 	0 	0 		71 	88 	0 	0 	0 	3395 
Marshall Islands, Republic of	0 		0 	12 			0 	4 	102 	5 	0 	184 		0 	0 		0 	0 		0 	2 	5 	0 		64 	26 	12 			0 	0 	0 		0 	-13 	0 	1 	8 	44 		0 	0 	0 		0 		0 	136 	2 				27 	0 	61 		0 		C 	0 		0 	C 		0 		C 	3 	211 	0 	0 		11 	11174 	0 	0 	C 	12082 
Martinique	0 		0 	0 			0 	0 	0 		0 			0 	0 		0 	0 		0 		0 	0 		0 		0 			0 	0 			0 	0 	0 			0 		0 	0 	0 				0 	0 					0 	0 			0 		0 	0 		0 					0 	0 		0 	0 		0 	0 	0 	0 	0 	0 
Mauritania	0 		0 	0 			0 	0 	0 		0 			0 	0 		0 	0 		0 		0 	0 		0 		0 			0 	0 			0 	0 	0 			2 		0 	0 	0 	4 			0 	0 					3 	0 			0 		0 	0 		0 			0 		0 	0 	0 	0 	0 		0 	0 	0 	0 	0 	9 
Mauritius	0 		C 	3 		8 	0 	7 	455 		0 	1 		0 	42 	5 	0 	0 	7 	0 	85 	84 	0 		0 	151 	27 			299 	3 		0 	158 	545 	135 		7 	208 	271 	0 	8 	0 	40 			0 	5114 	11 				158 	0 	4 	0 	0 		0 	0 		0 	1112 		0 	302 	C 	57 	177 	0 	0 		386 	2290 	0 	0 	C 	12161 
Mayotte	0 		0 	0 			0 	0 	0 		0 			0 	0 		0 	0 		0 		0 	0 		0 		0 			0 	0 			0 	0 	0 			0 		0 	0 	0 				0 	0 			8 		0 	0 			0 		0 	0 		0 					0 	0 		0 	0 		0 	0 	0 	0 	0 	8 
Mexico	22 	2 	1592 	619 	117 	34 	1 	343 	1916 	6 	0 	3538 	2412 	1783 	152 	29 	34 	17 	4 	2 	2 	2205 	0 		0 	4558 	4482 		55 	721 	1 	4 		1 	5277 	1 	6 	1175 	12429 	78 	0 	678 	0 		1 	0 	1 	23444 	5 	7 	0 		5452 	0 	1640 		386 	0 	C 	13 		0 	C 	7 	38 		869 	495 	2202 	100 	0 		14468 	108855 	178 	16 	C 	202471 
Micronesia, Federated States of	0 		0 	0 			0 	0 	0 		0 			0 	0 		0 	0 		0 		0 	0 		0 		0 			0 	0 			0 	0 	0 			0 		0 	0 	0 				0 	0 					0 	0 			0 		0 	0 		0 			0 		0 	0 	0 	0 	0 		0 	0 	0 	0 	0 	0 
Moldova	0 		0 	0 			0 	0 	0 		0 		10 	0 	0 		0 	0 		0 		0 	0 		0 		0 			0 	0 			0 	0 	0 			0 		0 	0 	0 				0 	70 					0 	0 			0 		0 	0 		0 			5 		0 	0 	0 	0 	0 		8 	0 	0 	0 	C 	93 
Monaco	0 		0 	0 			0 	0 	0 		0 			0 	0 		0 	0 		0 		0 	0 		0 		0 			0 	0 			0 	0 	0 		13 	0 	2 	0 	0 	0 				0 	1 			19 		0 	0 			0 		0 	0 		0 				14 	0 	4 		0 	0 		0 	27 	0 	0 	0 	80 
Mongolia	0 		C 	0 			0 	0 	1 		0 			2 	0 		0 	0 	0 	0 		0 	0 		0 		0 			13 	0 			0 	0 	0 		3 	6 		0 	36 	0 				0 	91 			1 		8 	0 			0 		0 	0 		0 	C 		0 		0 	2 	3 	0 	0 		78 	6 	0 	0 	C 	250 
Montenegro	0 		0 	8 		0 	0 	1 	0 		4 			0 	0 		0 	0 		0 	0 	13 	0 	0 	0 	3 	12 			4 	0 			0 	12 	0 		3 	0 		0 	0 	1 		2 		0 	97 					0 	0 			0 		0 	0 		16 			7 		C 	0 	15 	0 	0 		0 	0 	0 	0 	C 	199 
Montserrat	0 		0 	0 			0 	0 	0 		0 			0 	0 		0 	0 		0 		0 	0 		0 		0 			0 	0 			0 	0 	0 			0 		0 	0 	0 				0 	0 					0 	0 			0 		0 	0 		0 			0 		0 	0 		0 	0 		0 	0 	0 	0 	0 	0 
Morocco	0 		C 	59 		13 	0 	14 	27 		0 	28 		0 	16 		0 	0 	0 	0 	0 	35 	1 		0 	347 	386 			16 	0 			0 	144 	0 		38 	25 	1010 	0 	0 	0 	19 	0 		0 	174 			72 		55 	0 	17 		0 		0 	139 		0 	C 		1 		690 	41 	92 	0 	0 		193 	475 	0 	0 	0 	4127 
Mozambique	0 		0 	0 			0 	0 	1 	0 	0 			0 	0 		0 	0 		0 		0 	13 		0 		0 			0 	0 			0 	0 	0 			0 		0 	0 	0 				0 	0 			4 		0 	0 	6 		0 		0 	77 		0 			0 	11 	0 	0 	0 	0 	0 		13 	0 	0 	0 	0 	125 
Myanmar	0 		0 	0 			0 	0 	0 		0 			0 	0 		0 	0 		0 		0 	0 		0 		0 			0 	0 		0 	0 	0 	0 			0 		0 	0 	0 				0 	0 					0 	0 			0 		0 	0 		0 	C 		0 		0 	0 	0 	1 	0 		0 	0 	0 	0 	0 	1 
Namibia	0 		C 	0 			0 	0 	0 		0 		6 	0 	0 		0 	0 		0 		0 	0 		0 		0 			0 	0 			0 	1 	0 			0 	2 	0 	0 	0 				0 	0 	1 		15 		0 	0 	3 		0 		0 	0 		0 			0 	304 	0 	1 	0 	0 	0 		0 	1 	0 	0 	0 	335 
Nauru	0 		0 	0 			0 	0 	0 		0 			0 	0 		0 	0 		0 		0 	0 		0 		0 			0 	0 			0 	0 	0 			0 		0 	0 	0 				0 	0 					0 	0 			0 		0 	0 		0 			0 		0 	0 	0 	0 	0 		0 	0 	0 	0 	0 	0 
Nepal	0 		0 	0 			0 	0 	0 		0 			0 	0 		0 	0 		0 		0 	0 		0 	3 	0 			0 	0 			0 	0 	0 			0 		0 	0 	0 				0 	0 					0 	0 	14 		0 		0 	0 		0 			0 		0 	0 	0 	0 	0 		10 	0 	0 	0 	C 	27 
Netherlands	2 	13 	16005 	25731 	12 	507 	632 	101397 	15381 	113 	251 	15498 	634 	201 	13135 	529 	41 	60 	257 	1342 	1663 	10013 	13 	443 	15248 	298919 	234017 	19 	1987 	4676 	269 	296 	1 	768 	78849 	145 	806 	82960 	90198 	9462 	927 	2102 	24 	107 	117 	94 	330 	145230 	133 	715 	147 	33 		0 	21655 	0 	24 	90 	1404 	11079 	156 	3938 	C 	1833 	1218 	181 	46312 	10427 	72223 	106 	27 	15 	181844 	232885 	131 	90 	118313 	1876398 
Netherlands Antilles																																																																														
New Zealand	0 	0 	6410 	122 		28 	9 	6 	725 	0 	0 	870 	26 	5 	1263 	42 	21 	2 	0 	0 	0 	17 	0 	0 	0 	612 	584 		0 	229 	0 	0 		4 	573 	1 	68 	22 	5190 	103 	0 	18 	0 			0 	0 	1053 	10 		17 		259 		684 		1 	0 	0 	9 		0 	954 		0 	7 	C 	590 	1138 	6 	0 		5579 	17296 	0 	0 	C 	44558 
Nicaragua	0 		0 	0 			0 	0 	0 		0 			0 	0 		0 	0 		0 		14 	0 		0 		0 			0 	0 			0 	5 	0 		11 	0 		0 	0 	0 				0 	23 					0 	0 			9 		0 	0 		0 			0 		0 	0 	0 	0 	0 		10 	24 	0 	0 	0 	97 
Niger	0 		0 	0 			0 	0 	0 		0 			0 	0 		0 	0 		0 		0 	0 		0 		0 			0 	0 			0 	0 	0 			0 	2 	0 	0 	0 				0 	0 	1 				0 	0 			0 		0 	0 		0 			0 		0 	0 	0 	0 	0 		7 	3 	0 	0 	0 	12 
Nigeria	0 		C 	0 			0 	0 	0 		0 	23 		0 	C 		0 	0 	0 	11 		38 	4 	2 	0 	2 	9 			102 	0 	0 		1 	144 	0 		0 	11 	571 	0 	7 	0 			1 	0 	633 			466 		19 	0 	6 		0 		0 	11 		0 	C 		0 	171 	C 	6 	0 	0 	0 		1750 	0 	0 	0 	0 	3990 
Niue	0 		0 	0 			0 	0 	0 		0 			0 	0 		0 	0 		0 		0 	0 		0 		0 			0 	0 			0 	0 	0 			0 		0 	0 	0 			0 	0 	0 					0 	0 			0 		0 	0 		0 			0 		0 	0 		0 	0 		0 	0 	0 	0 	0 	0 
Norfolk Island	0 		0 	0 			0 	0 	0 		0 			0 	0 		0 	0 		0 		0 	0 		0 		0 			0 	0 			0 	0 	0 			0 		0 	0 	0 				0 	0 					0 	0 			0 		0 	0 		0 			0 		0 	0 		0 	0 		0 	0 	0 	0 	0 	0 
Norway	1 	1 	2265 	4172 	4 	117 	249 	2059 	1124 	11 	34 	2537 	16 	76 	1559 	46 	6 	10 	8 	135 	46 	5808 	0 	11 	5881 	13446 	25435 		32 	2505 	3 	342 	1 	0 	6869 	102 	77 	2632 	50829 	2913 	53 	438 	0 	0 	14 	0 	19 	16310 	12 	55 		4 	6383 	0 			1 	0 	C 	476 	31 	0 	C 	668 	49 	42 	1342 	24565 	9605 	42 	0 		22834 	56074 	33 	0 	C 	270414 
Oman	0 		0 	19 		30 	0 	0 	0 		0 	6 		0 	C 		0 	0 	0 	0 		20 	1 	1 	0 	31 	53 			0 	0 		0 	0 	35 	0 			3 	72 	0 	3 	0 	138 		2 	0 	121 			3 		0 	0 			0 		0 	0 		0 	C 		0 		0 	0 	1 	0 	0 		114 	0 	0 	0 	0 	654 
Pakistan	0 		C 	9 		20 	0 	0 	0 		0 	54 	16 	0 	17 		0 	0 	0 	0 		57 	6 		0 	23 	13 			62 	0 			0 	20 	0 		14 	21 	16 	0 	13 	0 	28 	1 	0 	0 	1034 	0 		1578 		82 	0 			0 	0 	0 	0 		0 	C 		0 		0 	1 	5 	0 	0 		426 	1174 	0 	0 	0 	4691 
Palau	0 		0 	0 			0 	0 	0 		0 			0 	0 		0 	0 		0 		0 	0 		0 		0 			0 	0 			0 	0 	0 			0 		0 	0 	0 				0 	0 					0 	0 			0 		0 	0 		0 			0 		0 	0 	0 	0 	0 		0 	0 	0 	0 	0 	0 
Panama	0 	0 	68 	69 	40 	1 	3 	26 	242 	80 	0 	657 	18 	461 	125 		36 	57 	1 	1 	0 	379 	0 		0 	77 	547 			86 	0 	0 		0 	303 	0 		104 	528 		4 	68 	0 		0 	0 	0 	1542 	0 		70 		664 	0 	265 				C 	0 		0 	C 	1 	0 		C 	33 	562 	0 	0 		853 	25609 	2 	3 	C 	33588 
Papua New Guinea	0 		687 	5 			0 	1 	45 		0 	25 		0 	22 	2 	0 	0 		0 		12 	0 		24 	24 	79 			0 	0 	0 		0 	126 	0 		1 	15 		1 	15 	0 				0 	240 	0 				24 	0 	109 		0 		0 	0 		0 	3 		0 		C 	19 	9 	0 	0 		769 	1310 	0 	0 	C 	3570 
Paraguay	0 		0 	0 			0 	0 	0 	2 	0 			0 	0 		0 	0 		0 		0 	0 		0 		0 			0 	0 			0 	0 	0 			0 		0 	0 	0 				0 	38 					0 	0 			0 		0 	0 		0 	C 		0 	22 	0 	0 	0 	0 	0 		0 	5 	0 	0 	0 	69 
Peru	1 		C 	69 	19 	1 	0 	3 	274 	14 	0 	176 	31 	396 	7 		124 	13 	7 	0 	1 	510 	0 		0 	151 	950 		0 	141 	0 			0 	345 	6 		155 	617 	77 	0 	35 	0 		0 		0 	3332 	0 				735 	0 	105 		248 	0 	C 	0 		0 	C 	1 	3 		C 	51 	126 	5 	0 		3883 	7576 	3 	0 	0 	20192 
Philippines	0 	0 	3188 	175 	3 	5 	0 	11 	179 	1 	0 	805 	31 	0 	1287 	0 	5 	0 	3 	0 		973 	0 		78 	469 	947 		1 	551 	0 	0 	1 	1 	1165 	1 	7 	318 	3208 	39 	0 	311 	0 	0 	1 	0 	0 	4484 	541 		23 		1468 	0 	2559 		0 		0 	0 		0 	3799 	5 	0 	1 	C 	48 	1030 	48 	0 		2775 	16532 	0 	0 	C 	47081 
Pitcairn Islands	0 		0 	0 			0 	0 	0 		0 			0 	0 		0 	0 		0 		0 	0 		0 		0 			0 	0 			0 	0 	0 			0 		0 	0 	0 				0 	0 					0 	0 			0 		0 	0 		0 			0 		0 	0 		0 	0 		0 	0 	0 	0 	0 	0 
Poland	0 		547 	6885 		13 	0 	2259 	316 	0 	79 	956 	20 	0 	125 	22 	0 	0 	2 	116 	1543 	1078 	3 	103 	601 	7433 	19216 		775 	1272 	886 	10 		0 	5933 	0 	3 	1462 	7310 	1700 	38 	303 	0 		14 	5 	57 	16385 	2 	25 	2 		3760 	0 	1208 		1 	0 		108 	44 	19 	C 	529 	209 	1 	663 	745 	3064 	7 	0 		6977 	21810 	0 	0 	C 	116643 
Portugal	0 		305 	2855 		15 	0 	8310 	70 	128 	1 	429 	48 	0 	115 	39 	0 	0 	0 	276 	32 	663 	0 	10 	1697 	59426 	35296 		371 	56 	2 	1 		1 	53400 	0 	3 	3976 	4233 	1025 	0 	18 	47 	7 	18 	5 	11 	9758 	0 	240 	0 		12755 	0 	3098 		2 		C 			0 	C 	1717 	165 	5 	20118 	448 	1103 	10 	2 		7476 	5991 	0 	0 	4861 	240639 
Puerto Rico	0 	0 	0 	0 		1 	0 	1 	5 	15 	0 	28 		0 	2 		10 	0 	0 	0 	0 	1 	0 		0 	1 	0 			0 	0 	0 		0 	5 	0 		4 	3 		0 	0 	0 			0 	0 	0 	0 				16 	0 			1 		0 	0 		0 					C 	1 		0 	0 		11 	0 	0 	0 	C 	108 
Qatar	0 		C 	293 		1659 	0 	15 	592 	4 	0 	52 	1 	11 	319 	38 	0 	0 	1 	13 		286 	33 	5 	0 	293 	712 			43 	0 		0 	0 	838 	0 		35 	218 	487 	9 	40 	0 	2142 		226 	0 	1306 	17 		161 		375 	0 	82 	5 	4 	0 	0 	0 		0 	223 		0 		C 	8 	209 	123 	0 		2096 	0 	1 	0 	159 	13135 
Reunion	0 		0 	0 			0 	0 	0 		0 			0 	0 		0 	0 		0 		0 	0 		0 		0 			0 	0 			0 	0 	0 			0 		0 	0 	0 				0 	2 			24 		0 	0 			0 		0 	0 		0 					0 	0 		0 	0 		0 	0 	0 	0 	0 	26 
Romania	0 		0 	1489 		8 	0 	8 	12 		54 			0 	C 		0 	0 		192 	19 	3 	0 	15 	0 	210 	918 		1176 	54 	14 			0 	104 	0 		178 	8 	153 	0 	1 	0 		3 		18 	837 					1225 	0 			0 	0 	C 	0 		1 		49 	28 		C 	61 	66 	0 	0 		682 	211 	0 	0 	C 	7797 
Russian Federation	1 	1 	1097 	2308 		63 	1 	356 	527 	10 	25 	2774 	82 	107 	254 	28 	4 	1 	3 	1873 	362 	1862 	0 	183 	3436 	5331 	5184 	8 	200 	5828 	182 	4 		0 	2901 	18 	5 	1140 	2926 	1428 	297 	2887 	0 		106 	13 	53 	31081 	1069 		4 		4522 	0 	5586 		4 	0 	175 	7 	1 		C 	37 	131 	10 	134 	6962 	2846 	163 	5 	0 	17404 	62285 	2 	0 	C 	176293 
Rwanda	0 		0 	0 			0 	0 	0 		0 			0 	0 		0 	0 		0 		0 	0 		0 		0 			0 	0 			0 	0 	0 			0 		0 	0 	0 				0 	0 			112 		0 	0 	2 		0 		0 	0 		0 			0 		0 	0 	0 	0 	0 		0 	0 	0 	0 	0 	113 
Saint Helena	0 		0 	0 			0 	0 	0 		0 			0 	0 		0 	0 		0 		0 	0 		0 		0 			0 	0 			0 	0 	0 			0 		0 	0 	0 		0 		0 	0 	0 				0 	0 			0 		0 	0 		0 			0 		0 	0 	0 	0 	0 		0 	0 	0 	0 	0 	0 
Saint Pierre and Miquelon	0 		0 	0 			0 	0 	6 		0 			0 	0 		0 	0 		0 		0 	0 		0 		0 			0 	0 			0 	0 	0 			0 		0 	0 	0 				0 	0 					0 	0 			0 		0 	0 		0 					0 	0 		0 	0 		0 	0 	0 	0 	0 	6 
Samoa	0 		0 	0 			0 	0 	0 	4 	0 			0 	0 		0 	0 		0 		0 	0 		0 		0 			0 	0 			0 	0 	0 			0 		0 	0 	0 				0 	0 					0 	0 			0 		0 	0 		0 			0 		0 	0 	0 	0 	0 		0 	0 	0 	0 	0 	4 
San Marino	0 		0 	0 			0 	0 	0 		0 			0 	0 		0 	0 		0 		0 	0 		0 		0 			0 	0 			0 	0 	0 		83 	0 		0 	0 	0 				0 	1 					0 	0 			0 		0 	0 		0 			0 		0 	0 	0 	0 	0 		0 	0 	0 	0 	0 	84 
Sao Tome and Principe	0 		0 	0 		12 	0 	0 	0 		0 			0 	0 		0 	0 		0 		0 	0 		0 		0 			0 	0 			0 	0 	0 			0 		0 	0 	0 				0 	0 					0 	0 			0 		0 	0 		0 			0 		0 	0 	0 	0 	0 		2 	0 	0 	0 	0 	14 
Saudi Arabia	0 		C 	138 		1406 	0 	35 	3 		0 	23 		0 	189 	13 	0 	0 	0 	28 		13 	398 		0 	1182 	114 		0 	111 	0 	0 	0 	13 	3 	17 			17 	3 	0 	2 	0 	4542 		215 	0 	34 	227 				1 	0 		86 	0 	0 	0 	0 		0 	C 		0 	1 	C 	0 	42 	0 	0 		1779 	0 	0 	0 	C 	10636 
Senegal	0 		0 	9 			0 	0 	0 		0 			0 	0 		0 	0 	0 	12 		55 	0 		0 	16 	1 			2 	0 			0 	7 	0 	7 	7 	7 	186 	0 	0 	0 		0 	1 	0 	103 	0 		21 		0 	0 			0 		0 	0 		0 	C 		0 		0 	0 	3 	0 	0 		31 	36 	0 	0 	0 	505 
Serbia, Republic of	0 		0 	63 			0 	1 	0 		2 	5 		0 	0 		0 	0 		238 		13 	0 	5 	0 	140 	199 		553 	210 	0 			0 	15 	0 		21 	38 	3 	0 	0 	0 	57 	1 		6 	390 					25 	0 			0 		C 	0 		0 		1 	66 		0 	29 	2 	0 	0 		122 	0 	0 	0 	C 	2203 
Seychelles	0 		0 	3 			0 	0 	0 		0 			0 	0 		0 	0 		0 		6 	0 		0 	0 	7 		0 	0 	0 	0 		0 	7 	0 		7 	0 		6 	0 	0 		0 	1 	0 	0 			79 		0 	0 			0 		C 	0 		24 			0 		C 	0 	23 	0 	0 		0 	7 	0 	0 	0 	170 
Sierra Leone	0 		C 	0 			0 	0 	0 		0 			0 	0 		0 	0 		0 		0 	0 		0 		0 			0 	0 			0 	0 	0 			0 	5 	0 	0 	0 				0 	0 	0 		11 		43 	0 			0 		0 	0 		0 			0 		0 	0 	0 	0 	0 		18 	0 	0 	0 	0 	76 
Singapore	0 	1 	3500 	151 		57 	3 	333 	1231 	4 	0 	3992 	32 	49 	11829 	133 	0 	0 	2 	6 	1 	652 	24 	3 	569 	2239 	2241 		1 	990 	1 	7 	14 	761 	4849 	25 	23 	197 	13424 	335 	3 	1008 	0 	5 		0 	2 	14240 	9187 		2521 		5720 	74 	1944 		0 	143 	3 	0 		0 			8 	17 	C 	1561 	1938 	726 	0 		18742 	63908 	0 	0 	C 	169431 
Sint Maarten	0 		0 	0 			0 	0 	0 		0 		67 	0 	0 		0 	0 		0 		0 					0 		0 	0 	0 			0 	0 	0 		2649 	0 			0 	0 				0 	0 					0 				0 		0 	0 		0 					0 	0 		0 	0 		663 	0 		0 		3380 
Slovak Republic	0 		C 	2787 			0 	1023 	5 	1 	32 			0 	0 		0 	0 		1 	1048 	0 	0 	15 	107 	986 	4074 		0 	9 	70 	0 		0 	331 	0 		291 	11 		0 	1 	0 		1 		40 	583 		34 			663 	0 	143 		0 		78 	110 		0 	C 		140 		C 	0 	129 	0 	0 		371 	50 	0 	0 	C 	13133 
Slovenia	0 		0 	2174 			0 	1591 	13 	0 	7 			0 	0 		0 	0 	0 	23 	19 	21 	0 	16 	369 	2023 	2835 		1 	225 	34 	0 		0 	84 	0 		1096 	13 	8 	12 	0 	0 		5 		22 	819 		191 			460 	0 	162 		0 		C 	70 	1 	0 		623 			C 	46 	384 	0 	0 		307 	262 	0 	0 	C 	13916 
Solomon Islands	0 		48 	0 			0 	0 	0 		0 			0 	0 		0 	0 		0 		0 	0 		0 		0 			0 	0 			0 	0 	0 			0 		0 	0 	0 				0 	0 					0 	0 			0 		0 	0 		0 			0 		0 	0 	0 	0 	0 		10 	0 	0 	0 	0 	58 
Somalia	0 		0 	0 			0 	0 	0 		0 			0 	0 		0 	0 		0 		0 	0 		0 		0 			0 	0 			0 	0 	0 			0 		0 	0 	0 				0 	0 					0 	0 			0 		0 	0 		0 			0 		0 	0 	0 	0 	0 		0 	0 	0 	0 	0 	0 
South Africa	0 	1 	1898 	601 		17 	0 	390 	339 	1 	0 	3666 	30 	17 	101 	5 	0 	0 	1 	0 	2 	1704 	0 	1 	499 	3470 	4463 		24 	918 	6 	3 	9 	1 	6783 	143 	4 	686 	4015 	169 	0 	698 	0 		1 	40 	1 	19808 	2 	47 	1318 		5648 	0 	2490 		1 	0 	5 	184 		0 	C 	1 	18 		C 	1120 	1439 	150 	1 		17414 	77934 	5 	0 	C 	158292 
South Sudan																																																																														
Spain	121 	1 	3383 	11915 	10 	66 	53 	42913 	1321 	3715 	18 	5211 	15 	226 	1144 	24 	5 	1 	81 	917 	464 	6004 	0 	141 	6828 	254125 	186910 	2 	620 	427 	11 	17 	1 	2 	48281 	15 	165 	24982 	30999 	1069 	747 	555 	0 	0 	16 	19 	51 	76886 	5 	706 	6 	162 	58089 	0 	31644 		8 	0 	C 	21534 	18 	0 	C 	4352 	618 	13 		7320 	12864 	13 	0 		59416 	87078 	285 	10 	51820 	1046438 
Sri Lanka	0 		C 	5 		0 	0 	0 	0 		0 	16 		0 	259 		0 	0 	0 	0 		46 	1 		0 	39 	45 			15 	0 		16 	2 	57 	0 		19 	57 		0 	0 	0 			5 	0 	1636 	0 		62 		95 	0 		22 	0 	0 	0 	0 		0 	344 		0 		0 	5 	25 	0 	0 		580 	1832 	0 	0 	0 	5183 
St. Kitts and Nevis	0 		0 	0 			0 	0 	0 	0 	0 			0 	0 		0 	0 		0 		0 	0 		0 		0 			0 	0 			0 	0 	0 		0 	0 		0 	0 	0 				0 	0 					0 	0 			0 		0 	0 		286 			0 		0 	0 		0 	0 		0 	0 	0 	0 	0 	286 
St. Lucia	0 		0 	17 			1 	0 	0 		0 		8 	0 	0 		0 	0 		0 		0 	0 		0 		0 			0 	0 			0 	0 	0 			0 		0 	0 	0 				0 	0 					0 	0 			0 		0 	0 		66 			0 		0 	0 	0 	0 	0 		0 	19 	0 	0 	0 	112 
St. Vincent and the Grenadines	0 		0 	0 			0 	0 	0 		0 			0 	0 		0 	0 		0 		0 	0 		0 	2 	0 			0 	0 			0 	0 	0 			0 		0 	0 	0 		0 		0 	4 					0 	0 			0 		0 	0 		0 			0 		0 	0 	269 	0 	0 		0 	1 	0 	0 	0 	278 
Sudan	0 		0 	0 		92 	0 	0 	0 		0 			0 	0 		0 	0 	1 	0 		0 	60 		0 		0 			2 	0 			0 	0 	0 			0 	63 	0 	0 	0 	67 		3 	0 	0 			38 		0 	0 			0 		0 	0 		0 	C 		0 		0 	0 	0 	0 	0 		3 	0 	0 	0 	0 	328 
Suriname	0 		0 	0 			0 	0 	0 	0 	0 			0 	0 		0 	0 		0 		0 	0 		0 		0 			0 	0 			0 	0 	0 			0 		0 	0 	0 				0 	0 					0 	0 			0 		0 	0 		0 			0 		0 	0 	0 	0 	0 		0 	0 	0 	0 	0 	0 
Swaziland	0 		0 	0 			0 	0 	0 		0 			0 	0 		0 	1 		0 		0 			0 		0 			0 	0 			0 	0 	0 			0 		0 	0 	0 				0 	1 	0 		42 		0 	0 	2 		0 		0 	0 		0 			0 	4 	0 	0 	0 	0 	0 		3 		0 	0 	0 	55 
Sweden	0 	0 	3461 	5481 		88 	398 	5314 	6450 	4 	39 	5393 	33 	622 	2147 	44 	58 	53 	35 	329 	101 	19802 	0 	104 	39296 	40416 	40870 		63 	7217 	6 	85 	0 	0 	19436 	1721 	66 	6370 	47557 	5086 	38 	575 	0 	0 	136 	5 	110 	73255 	42 	72 	1 	0 	16032 	0 	28919 	2 	21 	0 	369 	1343 	10 	17 	3120 	737 	146 	62 	2827 		19503 	133 	4 		33154 	122100 	36 	0 	C 	560913 
Switzerland	1 	6 	7986 	4170 	133 	40 	164 	3756 	2632 	690 	1 	18646 	30 	15 	2645 	17 	1 	1 	14 	10 	74 	5228 	170 	17 	2570 	27377 	36665 	74 	330 	2533 	81 	83 	44 	12 	18418 	109 	313 	6906 	24401 	4366 	25 	1622 	0 	165 	8 	142 	2 	50223 	18 	78 	53 	4 	24658 	C 	24752 	3 	103 	46 	16 	660 	2 	6 	C 	37 	122 	553 	3353 	18020 		9 	0 		75786 	327036 	13 	156 	C 	698404 
Syrian Arab Republic	0 		0 	0 			0 	0 	0 		0 			0 	0 		0 	0 		0 		0 	2 		0 		0 			0 	0 			0 	0 	0 			0 	135 	0 	0 	0 	75 			0 	0 					0 	0 			0 		0 	0 		0 			0 		0 	0 	0 	0 	0 		0 	0 	0 	0 	0 	212 
Taiwan Province of China	0 	1 	3200 	144 			0 	248 	502 	0 	0 	5193 		34 	5696 	6 	0 	0 	1 	0 	1 	1051 	0 	0 	487 	6141 	2087 			304 	0 	4 	13 	5 	9414 	0 		555 	3332 	255 	0 	737 	0 		0 	0 	0 	20934 	629 		91 		5649 	0 	4303 		0 		C 	7 		0 	16093 	1 	12 	8 	C 	1484 	1497 	0 	0 		30458 	94656 	0 	0 	C 	215235 
Tajikistan	0 		0 	0 			0 	0 	0 		0 			0 	0 		0 	0 		0 		0 	0 		0 		0 			0 	0 			0 	0 	0 			0 		0 	0 	0 				0 	30 					0 	0 			0 		0 	0 		3 			0 		0 	0 	1 	0 	0 		0 	0 	0 	0 	C 	34 
Tanzania	0 		0 	0 			0 	0 	0 		0 			0 	0 		0 	0 		0 		0 	0 		0 		0 			0 	0 			0 	0 	0 			0 	3 	0 	0 	0 				0 	5 			155 		0 	0 	10 		0 		0 	0 		0 			0 		0 	0 	0 	0 	0 		12 	0 	0 	0 	0 	186 
Thailand	0 		1288 	212 			0 	51 	224 	1 	0 	1648 		8 	1647 	26 	0 	0 	3 	14 	0 	860 	0 		293 	817 	1126 	2 	1 	496 	0 	1 	42 	2 	3001 	11 	3 	250 	2491 	103 	0 	434 	0 	3 	0 	0 	0 	12693 	484 		1036 		2880 	0 	831 		0 	0 	0 	0 		0 	8015 		3 	5 	C 	369 	397 		0 		7010 	23034 	0 	0 	C 	71814 
Timor-Leste, Dem. Rep. of	0 		C 	0 			0 	0 	0 		0 			0 	0 		0 	0 		0 		0 	0 		0 		0 			0 	0 			0 		0 			0 		0 	0 	0 				0 	0 					0 	0 			0 		0 	0 		0 	C 		0 		0 	0 	0 	0 	0 		0 	0 	0 	0 	0 	0 
Togo	0 		0 	0 			0 	0 	0 		0 			0 	5 		0 	0 		0 		0 	0 		0 		0 			0 	0 			0 	0 	0 			0 	6 	0 	0 	0 				0 	22 			32 		0 	0 			0 		0 	0 		0 			0 		0 	0 	0 	0 	0 		0 	8 	0 	0 	0 	73 
Tokelau Islands	0 		0 	0 			0 	0 	6 		0 			0 	0 		0 	0 		0 		0 	0 		0 		0 			0 	0 			0 	187 	0 			0 		0 	0 	0 				0 	22 					0 	0 			0 		0 	0 		0 			0 		0 	0 		0 	0 		0 	0 	0 	0 	0 	216 
Tonga	0 		0 	0 			0 	0 	0 		0 			0 	0 		0 	0 		0 		0 	0 		0 		0 			0 	0 			0 	0 	0 			0 		0 	0 	0 				0 	0 			0 		0 	0 			0 		0 	0 		0 			0 		0 	0 	0 	0 	0 		0 	0 	0 	0 	0 	0 
Trinidad and Tobago	0 		C 	24 			18 	0 	74 	0 	0 	30 	91 	3 	C 		0 	0 	2 	0 		68 	0 		0 		82 			32 	0 			0 	65 	0 		3 	180 		0 	0 	0 				0 	125 					23 	0 	8 		14 		0 	0 		0 			0 		0 	0 	0 	0 	0 		147 	1175 	0 	0 	C 	2162 
Tunisia	0 		0 	219 		91 	0 	11 	43 		0 	4 		0 	2 		0 	0 	0 	8 		41 	18 		0 	153 	612 		0 	16 	1 			0 	211 	0 		42 	1210 	106 	0 	0 	0 	196 	1 	0 	1 	109 		4 	29 		115 	0 	93 		0 		0 	0 		4 	C 		0 		C 	0 	27 	7 	0 		125 	560 	0 	0 	C 	4061 
Turkey	0 	0 	488 	985 		7353 	0 	151 	431 	1 	27 	1082 	69 	11 	276 	1 	0 	15 	2 	0 	40 	1299 	8 	57 	0 	3777 	3573 		524 	605 	56 	1 	5 	5 	3875 	0 	5 	768 	1953 	4019 	0 	336 	0 	678 	1 	15 	6 	15134 	5 	8590 	21 	1 	3294 	0 	1710 		0 		C 	11 		22 	C 	9 	20 	54 	C 	1016 	657 	0 			24578 	40088 	2 	0 	C 	127708 
Turkmenistan	0 		0 	0 			0 	0 	10 		0 			0 	0 		0 	0 		0 		0 	0 		0 		0 			0 	0 			0 	0 	0 			0 	16 	0 	0 	0 				0 	0 					0 	0 			0 		0 	0 		0 			0 		0 	1 	0 	0 	0 		0 	0 	0 	0 	C 	26 
Turks and Caicos Islands	0 		0 	0 			0 	0 	0 	135 	0 			0 	0 		0 	0 		0 		0 	0 		0 		766 			0 	0 			0 	0 	0 		0 	0 		0 	0 	0 				0 	1 					0 	0 			0 		0 	0 		0 			0 		0 	0 	0 	0 	0 		0 	1 	0 	0 	0 	902 
Tuvalu	0 		0 	0 			0 	0 	0 		0 			0 	0 		0 	0 		0 		0 	0 		0 		0 			0 	0 			0 	0 	0 			0 		0 	0 	0 				0 	0 					0 	0 			0 		0 	0 		0 			0 		0 	0 	0 	0 	0 		0 	0 	0 	0 	0 	0 
Uganda	0 		0 	0 			0 	0 	0 		0 			0 	0 		0 	0 		0 		0 	0 		0 		0 			2 	0 			0 	0 	0 			0 	5 	0 	0 	0 				0 	1 	0 		31 		0 	0 	5 		0 		0 	0 		0 			0 	6 	0 	9 	0 	0 	0 		7 	0 	0 	0 	0 	66 
Ukraine	0 		0 	136 		1 	0 	1 	3 		6 	143 	91 	8 	C 		0 	0 		28 	2 	286 	0 	5 	0 	454 	239 		585 	350 	1 	4 		0 	47 	0 		111 	205 	5 	5 	2 	0 		34 	1 	10 	1991 			1 		750 	0 	0 		0 	0 	46 	0 		34 	C 	2 	1 		C 	16 	25 	0 	0 		2054 	1789 	0 	0 	C 	9472 
United Arab Emirates	0 		29 	373 		2898 	0 	80 	969 	0 	3 	95 		0 	909 	34 	0 	0 	2 	61 	5 	192 	0 	4 	0 	511 	736 	3 	16 	1240 	1 	0 	0 	7 	361 	0 		123 	639 	1633 	0 	82 	0 	2733 		314 	2 	1960 	233 		1018 		282 	0 	248 	8 	7 	0 	C 	0 		2 	C 	15 	0 	2 	C 	1 	916 	697 	1 		7525 	0 	1 	0 	C 	26968 
United Kingdom	8 	8 	47578 	22166 	144 	1936 	1435 	28135 	36547 	254 	121 	58544 	372 	2286 	83351 	1294 	253 	120 	223 	14220 	716 	21360 	432 	133 	19327 	251764 	204932 	1436 	36346 	40976 	175 	718 	294 	212 	352734 	18990 	2914 	65218 	207553 	56372 	2671 	6443 	2 	1792 	106 	1071 	65 	222899 	2046 	2533 	366 	182 	125723 	2446 	91598 	12 	105 	507 	C 	13100 	209 	4673 	56061 	1775 	760 	78529 	40682 	48449 	67730 	305 	875 	44 		1001455 	105 	0 	200049 	3556967 
United States	17418 	369 	197785 	26935 	5874 	7192 	5133 	44466 	391810 	18552 	345 	399609 	25588 	39704 	92539 	1270 	9915 	507 	2006 	1347 	2400 	70294 	7652 	159 	23518 	219544 	211184 	89 	5692 	34417 	2382 	1771 	379 	1143 	548792 	1871 	37490 	99494 	1138244 	77142 	18769 	32631 	29 	3630 	532 	2056 	126 	498151 	7534 	976 	2294 	42927 	334928 	12199 	176640 	9 	3379 	1816 	876 	11587 	86 	1954 	133014 	1251 	1507 	13352 	41743 	108057 	160756 	2812 	130 		853133 		1765 	4953 	2161080 	8408706 
Uruguay	4 		C 	82 	21 	1 	0 	4 	194 	62 	0 	56 		0 	5 		10 	7 	34 	0 	0 	316 	0 	0 	0 	72 	400 		1 	58 	0 			0 	107 	0 		104 	662 	3 	0 	0 	0 		0 	0 	0 	1125 					355 	0 			0 		0 	0 		0 		1 	0 	2 	C 	0 	13 	0 	0 		96 	1812 		15 	0 	5623 
US Pacific Islands	0 		0 	0 			0 	0 	0 	0 	0 			0 	0 		0 	0 		0 		0 	0 		0 		0 			0 	0 			0 		0 			0 	204 	0 	0 	0 				0 	0 					0 	0 			0 		0 	0 		0 			0 		0 	0 		0 	0 		0 	0 	0 	0 	C 	204 
US Virgin Islands	0 		0 	0 			0 	0 	0 	41 	0 			0 	7 		0 	0 		0 		2 	0 		0 	1 	0 			0 	0 			0 	143 	0 	10 		821 		0 	0 	0 			3 	0 	0 	18 				0 	0 	2 		0 		0 	0 		40 	C 		0 		0 	6 		0 	0 		22 	0 	1 	0 	0 	1119 
Uzbekistan	0 		0 	0 			0 	0 	0 		0 			0 	0 		0 	0 		0 		0 	0 		0 		0 			106 	0 			0 	0 	0 			0 	13 	0 	0 	0 				0 	0 	0 				0 	0 			0 		0 	0 		0 			0 		0 	0 	0 	0 	0 		0 	0 	0 	0 	C 	119 
Vanuatu	0 		0 	0 			0 	0 	0 		0 			0 	0 		0 	0 		0 		0 	0 		0 		0 			0 	0 			0 	0 	0 			0 		0 	0 	0 				0 	0 					0 	0 			0 		0 	0 		0 			0 		0 	0 	0 	0 	0 		0 	0 	0 	0 	0 	0 
Vatican	0 		0 	0 			0 	0 	0 		0 			0 	0 		0 	0 		0 		0 	0 		0 		0 			0 	0 			0 	0 	0 			0 		0 	0 	0 				0 	0 					0 	0 			0 		0 	0 		0 			0 		0 	0 	0 	0 	0 		0 	0 	0 	0 	0 	0 
Venezuela, Republica Bolivariana de	1 		C 	179 		4 	14 	13 	302 	1 	0 	69 	54 	1 	37 		1 	4 	205 	0 	0 	583 	0 		0 	537 	873 		32 	264 	0 			0 	212 	0 	1 	955 	337 	1259 	0 	22 	0 		3 	19 	2 	3853 					1300 	0 	0 		211 	0 	C 	92 		3 	C 	1 	2 		C 	0 	412 	0 	5 		1546 	7954 	70 		C 	21436 
Vietnam	0 		C 	9 		0 	0 	19 	0 		0 	14 		0 	422 		0 	0 	0 	0 	0 	41 	0 		0 	86 	55 			15 	0 			1 	9 	0 		18 	260 	2 	0 	508 	0 		2 	0 	0 	502 	31 		98 		47 	0 	2 		0 	0 	C 	0 		0 	328 		0 		C 	2 	47 	11 	0 		1826 	1081 	0 	0 	0 	5436 
Virgin Islands, British	0 	13 	C 	285 		130 	20 	450 	284 	512 	0 	2042 	45 	1 	4970 	286 	2 	0 	2249 	26 	1 	86 	0 	9 	519 	2459 	538 	216 	16 	2471 	5 	24 		45 	1861 	1093 	25 	421 	1986 	1536 	4 	62 	0 	31 	3 	6 	14 	9564 	1134 		180 		1722 	0 	153 	4 	6 	0 	C 	143 		348 	1158 	1 	0 	698 	C 	257 		4 	0 		2873 	15922 	1 	0 	C 	58917 
Wallis and Futuna	0 		0 	0 			0 	0 	0 		0 			0 	0 		0 	0 		0 		0 	0 		0 		0 			0 	0 			0 	0 	0 			0 		0 	0 	0 				0 	0 					0 	0 			0 		0 	0 		0 			0 		0 	0 	0 	0 	0 		0 	0 	0 	0 	0 	0 
West Bank and Gaza	0 		0 	0 			0 	0 	0 		0 			0 	0 		0 	0 	0 	0 		0 	0 		0 		0 			0 	0 			0 	8 	0 			0 		0 	0 	0 				0 	13 					0 	0 			0 		0 	0 		0 			0 		0 	0 	0 	0 	0 		0 	0 	0 	0 	0 	21 
Western Sahara	0 		0 	0 			0 	0 	0 		0 			0 	0 		0 	0 		0 		0 	0 		0 		0 			0 	0 			0 	0 	0 			0 		0 	0 	0 				0 	0 					0 	0 			0 		0 	0 		0 						0 		0 	0 		0 	0 	0 	0 	0 	0 
Yemen, Republic of	0 		0 	0 		2 	0 	0 	0 		0 			0 	0 		0 	0 		0 		2 	0 		0 		0 			13 	0 			0 	0 	0 			0 		0 	0 	0 	18 			0 	0 					0 	0 			0 		0 	0 		0 			0 		0 	0 	0 	0 	0 		3 	0 	0 	0 	0 	39 
Zambia	0 		C 	0 			0 	5 	-1 		0 			0 	C 		0 	0 	0 	8 		0 	0 		0 	36 	0 			5 	0 			0 	5 	0 			0 	11 	0 	0 	0 			2 	0 	15 			6 		0 	0 			0 		0 	0 		0 			0 	112 	0 	1 	0 	0 	0 		188 	46 	0 	0 	0 	441 
Zimbabwe	0 		C 	0 			0 	0 	0 		0 			0 	0 		0 	0 	0 	72 		1 	0 		0 	34 	0 		0 	13 	0 			0 	9 	0 			0 		0 	0 	0 				0 	16 			53 		0 	0 			0 		0 	0 		0 			0 	74 	0 	0 	18 	0 	0 		11 	102 	0 	0 	0 	403 
Not Specified (including Confidential)	23 	0 	C 	0 	40 	73 	745 	5361 	815 		0 	11 		0 	908 	14 	0 	0 		1399 	0 	4102 	1 	9 	3197 	122 	0 		21542 	7 	5 	26 	11 	2296 	81619 	567 	7231 	202933 	0 	103 	7 	191 	0 	818 	145 	10 	0 	166 	55 	794 	30580 	5285 	19191 	12263 	14517 		102 	1286 	3178 	358 	33 	0 	154607 	12 	26 	1129 	17430 	30 	127740 	619 	0 		132161 	15275 	15 	2504 	255745 	1129430 
International Organizations	2 		C 	3997 		311 	365 	11655 	2352 		270 	3780 	21 	0 	9431 	220 	691 	43 	29 	187 	897 	973 	129 	22 	1150 	46345 	40294 		1499 	1707 	3 	6 	23 	0 	9666 	25 		48498 	135330 	1630 	681 	509 	0 		46 		61 	23595 		234 		161 	202 	105 	6803 		0 	76 	483 	1383 	224 	1315 		176 	36 	168 	5555 	1517 	9207 	0 	0 		126144 	55057 	155 	60 	253448 	808948 
World	18909 	558 	479658 	353561 	12725 	30550 	15927 	727538 	551045 	37630 	3398 	738877 	59393 	116612 	929451 	15682 	14018 	1352 	8955 	49703 	24180 	324576 	9676 	5334 	283389 	2805625 	2555686 	2287 	95991 	225660 	12422 	6921 	1583 	6829 	1948566 	40028 	61739 	1154630 	3345830 	254923 	33975 	112231 	927 	37081 	3204 	6287 	4448 	2879191 	35893 	20815 	176948 	50165 	1490641 	47797 	730898 	178 	7041 	5765 	14190 	194813 	2113 	37296 	588936 	28889 	15810 	131136 	486868 	492877 	1117527 	22750 	2227 	60 	3241109 	6738006 	5434 	8183 	4533937 	40637063 