COUNTRY	Argentina	Aruba	Australia	Austria	Bahamas, The	Bahrain, Kingdom of	Barbados	Belgium	Bermuda	Brazil	Bulgaria	Canada	Cayman Islands	Chile	China, P.R.: Hong Kong	China, P.R.: Macao	Colombia	Costa Rica	Cyprus	Czech Republic	Denmark	Egypt	Estonia	Finland	France	Germany	Gibraltar	Greece	Guernsey	Hungary	Iceland	India	Indonesia	Ireland	Isle of Man	Israel	Italy	Japan	Jersey	Kazakhstan	Korea, Republic of	Kuwait	Latvia	Lebanon	Luxembourg	Malaysia	Malta	Mauritius	Mexico	Netherlands	Netherlands Antilles	New Zealand	Norway	Pakistan	Panama	Philippines	Poland	Portugal	Romania	Russian Federation	Singapore	Slovak Republic	South Africa	Spain	Sweden	Switzerland	Thailand	Turkey	Ukraine	United Kingdom	United States	Uruguay	Venezuela, República Bolivariana de	SEFER + SSIO (**)	Value of Total Investment
Afghanistan, Islamic Republic of	0 		0 	0 					0 	0 	0 	0 		0 	0 				0 		0 	0 				0 			0 					0 	0 			0 		0 	0 				0 					0 		0 	4 				0 	0 	0 	0 				0 	0 	0 				0 	0 		0 	0 	4 
Albania	0 		C 	0 				3 	0 	0 	0 	0 		0 	0 				0 		0 	0 			2 	1 		70 	0 					0 	0 		63 	0 		0 	0 			0 	7 					11 		0 	6 				0 	0 	0 	0 				0 	0 	0 				0 	13 		0 	C 	177 
Algeria	0 		0 	0 				0 	0 	0 	0 	0 		0 	0 				0 		0 	0 			38 	0 			0 					0 	0 			0 	9 	0 	0 				0 			29 		0 		0 					0 	0 	0 	0 				0 	0 	0 				0 			0 	0 	76 
American Samoa	0 		0 	0 					0 	0 	0 	0 		0 	0 				0 		0 	0 				0 			0 					0 	0 			0 		0 	0 		0 		0 					0 		0 					0 	0 	0 	0 				0 	0 					0 	0 		0 	0 	0 
Andorra	0 		0 	0 					0 	0 	0 	0 		0 	0 				0 		0 	0 			321 	0 			0 					0 	0 			0 		0 	0 				2 					0 		0 					0 	0 	0 	0 				0 	15 	0 	7 			-84 	7 	0 	0 	0 	269 
Angola	0 		0 	0 					0 	1 	0 	0 	4 	0 	0 				0 		0 	0 				0 			0 					0 	0 			0 		0 	0 				0 			12 		0 		0 					0 	139 	0 	0 				0 	0 	0 				65 	0 		0 	0 	220 
Anguilla	0 		0 	0 					0 	18 	0 	0 		0 	C 				0 		0 	0 			65 	0 			0 					0 	0 	2 		0 		0 	0 				0 					0 	0 	0 					0 	0 	0 	0 				0 	104 		5 			C 	4 		0 	0 	199 
Antigua and Barbuda	0 		0 	0 				1 	0 	0 	0 	0 		0 	0 				0 	0 	0 	0 			0 	0 	7 		0 					0 	0 		1 	0 		0 	0 				0 					0 		0 					0 	0 	0 	0 				C 	0 					0 	29 		0 	0 	38 
Argentina			C 	72 	38 	0 	0 	49 	34 	106 	0 	22 	232 	392 	19 		1 	8 	4 	0 	247 	0 		0 	435 	419 		3 	145 	1 	0 			125 	0 		1814 	804 	12 	0 	5 		67 	0 	1340 				50 	782 	20 	0 	18 		8 	0 	0 	0 	0 	0 	15 			C 	50 	92 		0 		1334 	4246 	42 	327 	C 	13380 
Armenia, Republic of	0 		0 	0 					0 	0 	0 	0 		0 	0 				0 		0 	0 			16 	0 			4 					1 	0 			0 		0 	0 				42 					0 		0 			0 		0 	0 	0 	1 				0 	1 	0 				0 	0 		0 	C 	65 
Aruba	0 		0 	7 					1 	0 	0 	0 	16 	0 	16 				20 		0 	0 			25 	8 			0 					4 	0 		0 	1455 	4 	0 	0 				14 					92 	155 	0 	25 		1 		0 	0 	0 	0 				0 	0 	1 				1522 	908 		0 	C 	4274 
Australia	43 	1 		2203 	8 	209 	806 	4213 	3681 	2 	0 	8196 	299 	357 	34279 	664 	4 	4 	726 	88 	655 	0 	34 	900 	17521 	15833 	1 	54 	1176 	9 	18 	3 	106 	19755 	151 	294 	2868 	64595 	2777 	584 	1096 		0 	6 	32210 	170 	166 	186 	4 	14598 	24 	6280 	7990 		8 	0 	C 	761 	0 	780 	20191 	1 	45 	3630 	4523 	11972 	1002 			62098 	145542 	1 	0 	21569 	517969 
Austria	53 		574 		13 	38 	2 	9317 	444 	2118 	48 	955 	22 	20 	387 	22 	23 	1 	525 	1882 	1025 	3 	244 	2765 	61620 	83732 	28 	274 	2031 	758 	3 			10903 	29 	193 	21212 	16055 	2535 	47 	8 		10 	5 	32504 	5 	424 	1 		16980 	20 	0 	5071 		3 		548 	1484 	426 	23 	693 	683 	20 	5353 	1004 	36297 	82 	25 		13598 	9923 	15 	0 	39881 	384987 
Azerbaijan, Republic of	0 		0 	0 					0 	0 	0 	2 		0 	0 				0 		8 	0 	1 			0 			3 					0 	0 			0 	9 	0 	0 		4 		63 					1 		0 	1 		0 		0 	0 	0 	7 				0 	4 	11 				116 	0 		0 	C 	231 
Bahamas, The	0 		0 	32 		5 		149 	111 	1012 	0 	40 	593 	295 	101 	7 		0 	15 	0 	126 	7 	0 	0 	802 	7 	23 		538 					451 	2 		140 	2237 	531 	39 	15 	130 		0 	1667 	17 		5 	89 	348 	404 	0 	33 		0 	0 	0 	43 	0 	22 			1 	C 	24 	2043 				169 	1284 	0 	0 	C 	13559 
Bahrain, Kingdom of	0 		C 	13 				0 	0 	0 	0 	8 		0 	86 	6 			39 		1 	143 		0 	-3 	40 		1 	105 					125 	2 		6 	11 	35 	0 	11 	7635 		92 	49 	69 		19 		180 		0 	1 	0 	0 	0 	0 	5 	0 	0 	131 			0 	0 	38 		10 		1024 			0 	0 	9884 
Bangladesh	0 		0 	0 					0 	0 	0 	0 		0 	214 			1 	0 		121 	0 		0 		0 			0 					7 	0 			0 		0 	8 	0 			8 			21 		0 		0 			0 		0 	0 	0 	0 				0 	0 	0 				36 	47 		0 	0 	463 
Barbados	0 		0 	14 	4 			97 	17 	0 	0 	25 	10 	0 	C 				31 	0 	1 	0 			0 	26 			5 	0 				443 	0 		3 	11 	111 	0 	0 				64 					0 		0 	0 		1 		0 	0 	0 	0 				0 	0 	3 	19 			97 	400 	0 	0 	C 	1381 
Belarus	0 		0 	0 					0 	0 	0 	0 		0 	0 				0 		0 	0 	0 			0 			0 		6 			0 	0 			0 		0 	0 		1 		0 					0 		0 			0 		0 	0 	0 	1 				0 	2 	0 				1 	0 		0 	C 	12 
Belgium	1 		690 	4179 		122 	0 		512 	101 	1 	1192 	13 	134 	535 	13 	14 	12 	297 	3384 	1322 	11 	65 	2279 	76750 	26565 	20 	145 	765 	151 	7 	0 	0 	12923 	9 	70 	9629 	17025 	796 	429 	113 	0 	11 	10 	50721 	1 	184 	26 		22356 	364 	0 	5997 	0 	2 	0 	37 	2024 	6 	8 	1354 	23 	7 	7635 	1298 	6867 	14 			16858 	23231 	2 	0 	43223 	342539 
Belize	0 		0 	3 		0 		2 	0 	3 	0 	3 	1 	0 	C 			3 	0 		9 	0 			0 	1 			0 					0 	0 		1 	0 		0 	0 				10 					7 		0 			2 		0 	0 	0 	25 				0 	0 	4 		0 		0 	72 		0 	0 	146 
Benin	0 		0 	0 					0 	0 	0 	0 		0 	0 				0 		0 	0 				0 			0 					0 	0 			0 		0 	0 				0 					0 		0 			0 		0 	0 	0 	0 				0 	0 	0 				0 	0 		0 	0 	0 
Bermuda	2 	1 	2524 	601 	26 	148 	31 	1237 		803 	0 	6178 	9 	0 	43410 	206 			10 	33 	984 	0 	2 	1232 	9297 	1734 		33 	2309 	2 	23 		8 	4640 	773 	17 	1022 	10138 	289 	12 	85 	147 	3 	3 	12049 	80 		766 		3563 	318 	0 	2376 	0 	1 	0 	31 	135 	0 	85 	3993 	0 	4574 	502 	1759 	3868 	12 			10190 	163128 	16 	0 	C 	295420 
Bhutan	0 		0 	0 					0 	0 	0 	0 		0 	0 				0 		0 	0 				0 			0 					0 	0 			0 		0 	0 				0 					0 		0 			0 		0 	0 	0 	0 				0 	0 	0 				0 	0 		0 	0 	0 
Bolivia	0 		0 	0 					0 	0 	0 	0 	3 	5 	0 				0 		0 	0 				0 			0 					0 	0 			0 		0 	0 				38 					1 		0 			0 		0 	0 	0 	0 				0 	0 	1 		0 		1 	0 		0 	0 	49 
Bonaire, Sint Eustatius and Saba																																																																											
Bosnia and Herzegovina	0 		0 	18 				1 	0 	0 	0 	0 		0 	0 				0 		32 	0 	0 	0 	3 	1 			2 					0 	0 		1 	0 		0 	0 	27 			373 					17 		0 	0 		0 		0 	0 	0 	0 		0 		0 	5 	0 				61 	20 		0 	C 	562 
Botswana	0 		0 	0 					0 	0 	0 	1 		0 	0 				0 		1 	0 			0 	0 			0 					0 	0 			0 		0 	0 				0 			108 		6 	1 	0 			0 		0 	0 	0 	0 			197 	0 	0 	0 				0 	11 		0 	0 	325 
Brazil	313 	1 	773 	323 	8324 	0 	10 	445 	202 		0 	5211 	10728 	6103 	97 	1 	13 	45 	6 	5 	2136 	42 	2 	0 	2828 	2167 		70 	859 	2 	9 	0 	0 	4668 	4 	7 	2813 	8815 	268 	22 	1868 		1 	11 	22915 	3 		0 	33 	4417 	69 	0 	2414 		380 	0 	1 	2175 	0 	0 		3 	462 	4660 	887 	1133 	3 	35 		13959 	91453 	805 	26 	C 	205025 
British Indian Ocean Territory	0 		0 	0 					0 	0 	0 	0 		0 	0 				0 		0 	0 				0 			0 					0 	0 			0 		0 	0 				0 					0 		0 	2 		0 		0 	0 	0 	0 				0 	0 					0 	0 		0 	0 	2 
Brunei Darussalam	0 		0 	0 					0 	0 	0 	0 		0 	C 				0 		0 	0 			14 	0 			0 					0 	0 			0 		0 	0 				0 					0 		0 			0 		0 	0 	0 	0 				0 	0 	0 				0 	0 	0 	0 	0 	14 
Bulgaria	0 		C 	408 				12 	0 	0 		0 		0 	0 				500 	0 	8 	0 	23 	0 	56 	344 		594 	1 	23 				161 	0 		18 	11 		0 	0 		2 	0 	105 	0 				86 		0 	16 		0 	0 	15 	0 	2 	3 		3 		C 	7 	10 		0 		C 	252 		0 	C 	2664 
Burkina Faso	0 		0 	0 					0 	0 	0 	0 		0 	0 				0 		0 	0 				0 			0 					0 	0 			0 		0 	0 				0 					0 		0 			0 		0 	0 	0 	0 				0 	0 	3 				0 	0 		0 	0 	3 
Burundi	0 		0 	0 					0 	0 	0 	0 		0 	0 				0 	0 	0 	0 				0 			0 					0 	0 			0 		0 	0 				0 			1 		0 		0 			0 		0 	0 	0 	0 				0 	0 	0 				0 	4 		0 	0 	5 
Cambodia	0 		0 	0 					0 	0 	0 	0 		0 	C 				0 		0 	0 				0 			0 					0 	0 			0 		0 	0 				53 	0 				11 		0 	1 		0 		0 	0 	0 	0 				0 	0 	0 	1 			0 	0 		0 	0 	66 
Cameroon	0 		0 	0 					0 	0 	0 	0 		0 	0 				0 		0 	0 			36 	0 			2 					0 	0 			0 		0 	0 				0 			79 		0 		0 			0 		0 	0 	0 	0 				0 	0 	1 				9 	0 		0 	0 	128 
Canada	20 	4 	5263 	2715 	30 	120 	350 	4828 	5635 	44 	2 		654 	221 	5189 	160 	41 	3 	770 	39 	1408 	0 	2 	564 	21544 	23641 	109 	217 	904 	8 	143 	6 	33 	18123 	59 	114 	2295 	43284 	1458 	27 	755 	10 	1 	16 	30059 	21 	132 	19 	16 	8648 	89 	303 	10060 		5 	0 	17 	238 	0 	7 	3238 	1 	38 	1308 	3074 	14739 	100 	0 		25186 	378435 	4 	0 	15561 	632106 
Cabo Verde	0 		0 	0 					0 	0 	0 	0 		0 	0 				0 		0 	0 				0 			0 					0 	0 			0 	1 	0 	0 				0 					0 		0 			0 		0 	58 	0 	0 				0 	0 	0 				0 	0 		0 	0 	59 
Cayman Islands	0 	0 	1595 	8733 	326 	2831 	340 	6087 	9971 	960 	4 	9051 		251 	74686 	373 	104 	40 	639 	124 	3984 	29 	31 	7255 	69338 	28755 	57 	3034 	25938 	10 	193 	28 	276 	47550 	2307 	291 	6822 	367736 	19418 	1 	3958 	7318 	1 	51 	62697 	255 	226 	1584 	351 	19121 	7145 	0 	3637 		145 	0 	61 	14414 	0 	52 	6618 	23 	80 	19871 	4666 	41545 	189 	107 		104193 	315228 	12 	19 	C 	1312738 
Central African Republic	0 		0 	0 					0 	0 	0 	0 		0 	0 				0 		0 	0 			0 	0 			0 					0 	0 			0 		0 	0 				0 					0 		0 			0 		0 	0 	0 	0 				0 	0 	0 				0 	0 		0 	0 	0 
Chad	0 		0 	0 					0 	0 	0 	0 		0 	0 				0 		0 	0 				0 			0 					0 	0 			0 		0 	0 				0 					0 		0 			0 		0 	0 	0 	0 				0 	0 	0 				0 	0 		0 	0 	0 
Chile	39 		C 	53 	-21 		62 	44 	1613 	57 	0 	60 	75 		64 	2 	5 	1 	24 		169 	0 		0 	254 	157 			12 		1 			274 	0 	1 	28 	430 	16 	0 	25 				974 	0 				429 	2 	0 	182 		41 	0 	0 	0 	0 	0 		1 		343 	56 	141 	32 			1269 	10299 	45 	3 	C 	17261 
China, P.R.: Hong Kong	0 	1 	3345 	252 	6 	88 	0 	621 	4056 	0 	0 	4165 	5 	1163 		1686 	1 	0 	1 	19 	1134 	0 	1 	174 	2721 	1841 	1 	4 	449 	2 	17 	44 	143 	7849 	37 	119 	584 	10127 	294 	10 	5609 	7 	0 	1 	15408 	1555 		758 		5268 	24 	0 	1800 		4 	106 	C 	25 	0 	14 	15553 	1 	14 	2415 	1367 	1243 	171 	0 		25480 	64816 	0 	0 	C 	182599 
China, P.R.: Macao	0 		C 	0 					0 	0 	0 	0 		0 	107 				0 		0 	0 				0 			0 					0 	0 			0 		0 	0 				0 					0 		0 			0 		C 	122 	0 	0 				0 	0 	0 				11 	0 		0 	0 	240 
China, P.R.: Mainland	33 	0 	C 	267 		33 	1 	263 	983 	1 	0 	2331 	31 	20 	102855 	1438 		2 	32 	7 	788 	2 	1 	133 	4755 	1779 	1 	3 	341 	5 	4 	29 	0 	7016 	40 	6 	734 	5994 	1703 	0 	8923 	269 	0 	1 	16358 	95 		5809 	21 	3019 	3 	0 	1650 		4 	0 	3 	21 	0 	5 	26200 	1 	15 	1353 	1411 	538 	34 	0 		13058 	54902 	0 	0 	C 	265324 
Christmas Island	0 		0 	0 					0 	0 	0 	0 		0 	0 				0 		0 	0 				0 			0 					0 	0 			0 		0 	0 				1 					0 		0 			0 		0 	0 	0 	0 				0 	0 					0 	0 		0 	0 	1 
Cocos (Keeling) Islands	0 		0 	0 					0 	0 	0 	0 		0 	0 				0 		0 	0 				0 			0 					0 	0 			0 		0 	0 				0 					0 		0 			0 		0 	0 	0 	0 				0 	0 					0 	0 		0 	0 	0 
Colombia	0 	0 	C 	79 	57 		29 	37 	3 	6 	0 	116 	66 	639 	5 			12 	57 		536 	0 		0 	74 	450 		0 	77 					276 	0 		142 	727 	20 	0 	2 		0 	0 	1271 					745 	3 	0 	6 		494 	0 	0 	0 	0 	0 		1 		C 	22 	68 	1 			689 	6848 	2 	17 	C 	13576 
Comoros	0 		0 	0 					0 	0 	0 	0 		0 	0 				0 		0 	0 				0 			0 					0 	0 			0 		0 	0 				0 			5 		0 		0 			0 		0 	0 	0 	0 				0 		0 				0 	0 		0 	0 	5 
Congo, Democratic Republic of	0 		0 	3 				38 	0 	0 	0 	0 		0 	0 				0 		0 	0 			28 	0 			0 					10 	0 			0 		0 	0 				2 					0 		0 			0 		0 	0 	0 	0 				0 	0 	0 				0 	0 		0 	0 	80 
Congo, Republic of	0 		0 	0 					0 	0 	0 	0 		0 	0 				0 		7 	0 			0 	0 			0 					0 	0 			0 		0 	0 				13 			35 		0 		0 			0 		0 	0 	0 	2 				C 	0 	0 				2 	44 		0 	0 	103 
Cook Islands	0 		0 	0 					0 	0 	0 	0 		0 	C 				0 		0 	0 				0 			0 					24 	0 			0 		0 	0 				0 			1 		0 		0 			0 		0 	0 	0 	0 				0 	0 					0 	1 		0 	0 	26 
Costa Rica	0 		0 	1 	26 		1 	0 	6 	3 	0 	0 	6 	0 	2 				0 		14 	0 			6 	39 		0 	0 					0 	0 		2 	0 	6 	0 	0 				10 			183 		1 	0 	0 	14 		37 		0 	0 	0 	0 				C 	0 	3 				103 	260 	0 	0 	0 	725 
Cote d'Ivoire	0 		0 	0 				15 	0 	0 	0 	0 		0 	C 				0 		41 	0 			100 	3 			0 					1 	0 		3 	0 	4 	0 	0 				71 			0 		7 	0 	0 			0 		0 	0 	0 	0 				0 	0 	246 				107 	61 		0 	0 	660 
Croatia	0 		0 	1365 				25 	20 	0 	8 	1 		0 	C 				60 	15 	8 	0 	9 	0 	252 	1227 		11 	23 	41 				355 	0 		241 	66 	9 	0 	0 		2 		665 		49 			455 		0 	138 		0 		C 	0 	0 	0 		8 		C 	28 	52 				646 	270 		0 	C 	6050 
Cuba	0 		0 	0 					0 	0 	0 	0 		0 	0 				0 		0 	0 				0 			1 		2 			0 	0 			0 		0 	0 				112 					0 	0 	0 			0 		0 	0 	0 	0 				0 	7 	0 				91 	0 		0 	0 	213 
Curacao																																																																											
Curacao & St. Maarten																																																																											
Cyprus	0 		C 	4956 		83 		248 	0 	13 	0 	57 		0 	613 					338 	35 	0 	17 	9 	1485 	1426 		1467 	189 	10 	0 			264 	0 		140 	22 	519 	0 	0 		2 	0 	2112 	9 		583 		596 	0 	0 	218 		0 		21 	100 	79 	1877 		40 		C 	61 	217 	15 			1048 	525 	0 	0 	C 	19395 
Czech Republic	0 		70 	2097 				1220 	9 	1 	1 	86 		59 	12 				90 		276 	0 	27 	75 	1132 	4213 		8 	76 	256 	0 			1969 	0 		567 	882 	483 	0 	49 		4 		2776 	1 				1698 	0 	0 	421 		0 		450 	54 	0 	34 	276 	243 		C 	206 	324 	0 			996 	3753 		0 	C 	24893 
Denmark	0 	0 	618 	4200 		36 	403 	9918 	475 	725 	2 	1082 	9 	20 	2379 	21 			191 	57 		0 	75 	5917 	9915 	21072 	35 	29 	2868 	1 	993 	0 		9504 	207 	23 	1385 	13091 	1503 	5 	537 	28 	5 	4 	17737 	108 	32 	0 		7215 	28 	0 	12772 		0 	0 	56 	752 	0 	3 	1099 	1 	2 	1161 	13721 	5558 	7 			13945 	32337 	5 	0 	C 	193872 
Djibouti	0 		0 	0 					0 	0 	0 	0 		0 	0 				0 		0 	0 				0 			0 					0 	0 			0 	4 	0 	0 				0 			10 		0 		0 			0 		0 	0 	0 	0 				0 	0 	0 				0 	0 		0 	0 	14 
Dominica	0 		0 	0 					0 	0 	0 	0 		0 	0 				0 		0 	0 				0 			0 					0 	0 			0 		0 	0 				0 					0 		0 			0 		0 	0 	0 	0 				0 	0 	0 				0 	0 		0 	C 	0 
Dominican Republic	0 		0 	7 	7 			0 	0 	0 	0 	30 	9 	1 	2 			0 	0 		56 	0 		C 	5 	46 			0 					13 	0 		4 	22 	3 	0 	0 			0 	133 					88 	0 	0 			18 		0 	0 	0 	5 				C 	0 	1 				359 	380 		0 	C 	1190 
Ecuador	0 		0 	7 	3 			0 	0 	0 	0 	1 	1 	0 	10 		0 	9 	0 		15 	0 		C 	3 	10 		0 	14 					71 	0 		30 	11 		0 	0 			1 	126 					65 		0 	0 		38 	0 	0 	6 	0 	0 				C 	0 	2 		0 		91 	386 	1 	6 	C 	906 
Egypt	0 		C 	29 	5 	2 		126 	0 	0 	0 	89 	2 	40 	31 				13 	0 	80 			0 	747 	97 		231 	189 	0 				181 	5 		140 	176 	82 	0 	40 	528 		318 	1863 	2 		25 		146 	1 	0 	132 		0 		C 	0 	0 	0 			74 	C 	21 	21 				664 	4792 		0 	C 	10890 
El Salvador	0 		C 	14 			2 	0 	0 	0 	0 	0 	5 	0 	C 			13 	0 		72 	0 		C 	12 	72 			0 					49 	0 		16 	44 	6 	0 	0 		0 		141 			0 		156 		0 	11 		37 	0 	0 	0 	0 	0 				0 	0 	2 	0 			61 	490 		0 	0 	1204 
Equatorial Guinea	0 		0 	0 					0 	0 	0 	0 		0 	0 				0 		0 	0 				0 			0 					0 	0 			0 		0 	0 				0 					6 		0 			0 		0 	0 	0 	0 				0 	0 	0 				0 	0 		0 	0 	6 
Eritrea	0 		0 	0 					0 	0 	0 	0 		0 	0 				0 		0 	0 				0 			0 					75 	0 			0 		0 	0 				0 	1 				0 		0 			0 		0 	0 	0 	0 				0 	0 	0 				0 	0 		0 	0 	76 
Estonia	0 		C 	159 				75 	0 	0 	0 	0 		0 	C 				28 	11 	27 	0 		169 	9 	392 		0 	4 	0 	0 			203 	0 		1 	0 		0 	0 		86 		313 					38 		0 	19 		0 		15 	0 	0 	36 				C 	1266 	1 				41 	90 		0 	C 	2982 
Ethiopia	0 		0 	0 					0 	0 	0 	0 		0 	0 				0 		1 	0 				0 			0 					0 	0 			0 		0 	0 				0 			2 		0 		0 			0 		0 	0 	0 	0 				0 	0 	0 				0 	0 		0 	0 	3 
Falkland Islands	0 		0 	0 				0 	0 	0 	0 	0 		0 	0 				0 		0 	0 				3 			0 					0 	0 		0 	0 		0 	0 				0 					1 		0 			0 		0 	0 	0 	0 				C 	0 	1 				2 	1 		0 	0 	8 
Faroe Islands	0 		0 	0 				0 	0 	0 	0 	0 		0 	0 				0 		203 	0 		0 	0 	18 			0 		22 			0 	0 		0 	0 		0 	0 				0 					0 		0 	95 		0 		0 	0 	0 	0 				0 	0 	1 				1 	6 		0 	0 	346 
Fiji	0 		0 	1 					0 	0 	0 	0 		0 	C 				0 		0 	0 				7 			0 					0 	0 		1 	0 		0 	0 				29 					7 		0 			0 	0 	0 	0 	0 	0 				0 	0 	1 				4 	27 		0 	0 	76 
Finland	14 	1 	991 	2971 	20 	24 	1 	3905 	881 	0 	0 	1824 	6 	20 	613 	9 	4 	1 	196 	31 	5538 	0 	351 		21891 	16945 	16 	33 	1030 	5 	58 		0 	7691 	137 	18 	3374 	9532 	397 	55 	55 	9 	44 	1 	15803 	3 	18 	0 		5990 	11 	0 	7266 		0 		47 	194 	0 	2 	443 	0 	4 	2435 	16580 	6676 		4 		21717 	40959 	4 	0 	17260 	214109 
France	60 	6 	11448 	24931 	49 	556 	1176 	86044 	14990 	90 	118 	19771 	194 	563 	9746 	412 	89 	26 	1995 	1373 	16223 	38 	511 	19801 		211868 	92 	2562 	22150 	226 	193 	5 	28 	100788 	159 	1060 	122798 	134876 	8289 	1625 	1661 	432 	93 	352 	230594 	62 	484 	144 	213 	139142 	446 	287 	32943 		21 	0 	585 	15377 	84 	100 	9266 	309 	201 	74310 	15373 	76215 	156 	34 		134928 	280037 	9 	23 	246525 	2077340 
French Southern Territories	0 		0 	0 					0 	0 	0 	0 		0 	0 				0 		0 	0 				0 			0 					0 	0 			0 		0 	0 				0 					0 		0 			0 		0 	0 	0 	0 				0 	0 					0 	0 		0 	0 	0 
French Territories: French Polynesia	0 		0 	3 					0 	0 	0 	0 		0 	C 				0 		0 	0 			25 	0 			0 					0 	0 			0 		0 	0 				0 					0 		0 			0 		0 	0 	0 	0 				0 	0 	0 				0 	0 		0 	0 	28 
French Territories: New Caledonia	0 		0 	0 					0 	0 	0 	0 		0 	0 				0 		0 	0 			1 	0 			0 					0 	0 			0 		0 	0 				0 					0 		0 			0 		0 	0 	0 	0 				0 	0 	0 				0 	0 		0 	0 	1 
Gabon	0 		0 	4 				3 	0 	0 	0 	0 		0 	0 				0 		26 	0 		C 	101 	33 			0 					13 	0 		12 	11 		0 	0 		0 		83 	17 				43 		0 			0 		0 	0 	0 	0 				C 	0 	14 				26 			0 	0 	385 
Gambia, The	0 		0 	0 					0 	0 	0 	0 		0 	0 				0 		0 	0 				0 			0 					0 	0 			0 		0 	0 				0 					0 		0 			0 		0 	0 	0 	0 				0 	0 	0 				1 	0 		0 	0 	1 
Georgia	0 		0 	7 				3 	0 	0 	0 	17 	4 	0 	0 				0 		29 	0 	0 	0 	1 	8 		0 	4 					11 	0 		2 	11 		0 	0 		1 	0 	74 	2 		8 		25 		0 	1 		0 		2 	0 	0 	0 		2 		0 	23 	2 				11 	91 	0 	0 	C 	338 
Germany	103 	4 	11297 	76496 	56 	176 	665 	47023 	15822 	67 	339 	17642 	170 	6539 	7494 	509 	348 	96 	2140 	1923 	32782 	58 	540 	23116 	359024 		300 	3012 	7044 	749 	171 	2 	36 	122915 	231 	560 	108927 	180441 	19180 	1693 	808 	243 	106 	126 	321174 	307 	1370 	218 	102 	137753 	302 	343 	60738 		15 	0 	1668 	17435 	320 	889 	12354 	434 	119 	53696 	24962 	94831 	333 	261 		161434 	250830 	55 	1 	550883 	2743800 
Ghana	0 		0 	7 				7 	0 	0 	0 	0 		0 	36 				0 		21 	0 		C 	24 	13 			2 			0 		22 	0 		2 	22 	1 	0 	0 		0 	0 	82 			116 		32 		0 	9 		0 		0 	0 	0 	1 			6 	0 	0 	2 				153 	114 		0 	C 	672 
Gibraltar	0 		0 	96 				2 	6 	1 	0 	0 	25 	0 	2 				0 	57 	1 	0 		0 	73 	25 			0 	29 				10 	0 		4 	0 		0 	7 				206 					10 		0 	7 		0 		0 	86 	0 	127 				C 	26 	119 				906 	64 		0 	0 	1887 
Greece	0 	0 	275 	7998 		15 	0 	19900 	487 	11 	36 	585 		29 	107 	1 		0 	5177 	853 	1327 	3 	23 	2546 	61167 	33462 	1 		162 	2 	3 			14808 	24 	10 	23392 	7813 	630 	263 	7 	0 	2 	3 	19498 	2 	197 	0 		19379 	2 	0 	4260 		0 	0 	C 	5138 	32 	0 	625 	7 	2 	3486 	1100 	2890 		0 		10280 	8821 	0 	0 	8965 	265809 
Greenland	0 		0 	0 					0 	0 	0 	0 		0 	0 				0 		30 	0 		0 		0 			0 					3 	0 			0 		0 	0 				0 					0 		0 			0 		0 	0 	0 	0 				0 	0 	0 				0 	0 		0 	0 	33 
Grenada	0 		0 	0 					0 	0 	0 	0 	2 	0 	0 			0 	0 		0 	0 			10 	1 			0 					0 	0 		0 	0 		0 	0 				1 					1 		0 			0 		0 	0 	0 	0 				0 	0 	1 				2 	9 		0 	C 	27 
Guadeloupe	0 		0 	0 					0 	0 	0 	0 		0 	9 				0 		1 	0 				0 			0 					0 	0 			0 		0 	0 				0 					0 		0 			0 		0 	0 	0 	0 				0 	0 					-1 	0 		0 	0 	9 
Guam	0 		0 	10 		13 			0 	0 	0 	0 		0 	0 				0 		0 	0 			14 	0 			0 					0 	3 			0 		0 	0 				0 					0 		0 			0 		0 	0 	0 	0 				0 	0 					-1 	0 		0 	0 	38 
Guatemala	0 		0 	1 	131 		26 	0 	0 	0 	0 	0 		0 	4 			3 	0 		7 	0 		C 	7 	19 			0 					11 	0 		1 	0 		0 	0 				20 					1 		0 			83 		0 	0 	0 	0 				0 	0 	0 				72 	93 		0 	0 	481 
Guernsey	0 		C 	970 		34 	34 	1101 	35 	7 	11 	327 	14 	0 	217 	3 	9 	0 	24 	2 	916 	18 		1374 	5791 	4371 	23 	110 		27 	7 			923 	893 	38 	1553 	6237 	134 	0 	42 	25 		0 	3052 			5 		4896 	198 	0 	696 		0 		C 	287 	0 	4 			1082 	846 	289 	10780 	14 			5519 	6589 	1 	0 	C 	59526 
Guiana, French	0 		0 	0 					2 	0 	0 	0 		0 	0 				0 		0 	0 				0 			0 					0 	0 			0 		0 	0 				0 					0 		0 			0 		0 	0 	0 	0 				0 	0 					0 	0 		0 	0 	2 
Guinea	0 		0 	0 					0 	0 	0 	0 		0 	0 				0 		0 	0 				0 			0 		6 			0 	0 			0 		0 	0 				3 					0 		0 			0 		0 	0 	0 	0 				0 	0 	0 				1 	2 		0 	0 	12 
Guinea-Bissau	0 		0 	0 					0 	0 	0 	0 		0 	0 				0 		0 	0 				0 			0 					0 	0 			0 		0 	0 				0 					0 		0 			0 		0 	7 	0 	0 				0 	0 	0 				0 	0 		0 	0 	7 
Guyana	0 		0 	0 					6 	0 	0 	0 		0 	0 				0 		0 	0 				0 			15 					0 	0 			0 		0 	0 				0 					0 		0 			0 		0 	0 	0 	0 				0 	0 	0 				68 	0 		0 	0 	89 
Haiti	0 		0 	0 					0 	0 	0 	0 		0 	0 				0 		0 	0 				0 			0 					0 	0 			0 		0 	0 				0 					0 		0 			0 		0 	0 	0 	0 				0 	0 	0 				0 	0 		0 	0 	0 
Honduras	0 		0 	0 			4 		0 	0 	0 	0 		0 	C 				0 		0 	0 				0 			0 					0 	0 			22 		0 	0 				1 					32 		0 			37 		0 	0 	0 	0 				0 	0 	0 	65 			5 	40 		0 	0 	206 
Hungary	0 		57 	6499 		0 	0 	1365 	19 	1 	13 	110 		79 	C 				225 	429 	254 	0 	33 	505 	2890 	12357 		237 	89 		0 			4321 	0 	1 	728 	1388 	217 	0 	80 		4 		6363 	1 	19 	1 		2561 		0 	643 		0 		697 	155 	0 	0 	234 	178 		637 	110 	614 	2 			2091 	4549 	0 	0 	C 	50758 
Iceland	0 	0 	C 	380 				296 	22 	0 	18 	69 	8 	0 	108 				61 	26 	19 	0 	1 	62 	576 	2395 	4 	21 	20 	0 				294 	0 	1 	970 	860 		50 	1 		0 	126 	776 	0 				317 		0 	118 		0 		0 	212 	0 	0 	0 	11 		1125 	437 	175 	45 			3319 	2049 	0 	0 	C 	14974 
India	11 	0 	678 	246 		219 	0 	306 	75 	0 	0 	1500 	82 	559 	5095 	29 		0 	157 	0 	743 	0 	0 	0 	1811 	653 	4 	45 	311 	0 	2 		526 	1966 	22 		463 	2821 	268 	0 	1965 	325 	0 	3 	11352 	131 		101206 		1943 	3 	0 	1404 		3 	0 	C 	0 	0 	0 	16187 	1 	21 	1628 	304 	242 	34 			11143 	31917 	0 	0 	C 	198407 
Indonesia	0 	0 	196 	100 	1 	0 		51 	44 	0 	0 	383 	36 	178 	500 	0 			0 		618 	0 		0 	282 	591 	1 		396 	0 	0 	4 		618 	5 		142 	1102 	86 	0 	257 	42 	0 	0 	4437 	294 		3342 		1140 	4370 	7 	238 		4 	0 	C 	7 	0 	0 	5311 	1 	0 	C 	53 	122 	25 			2393 	11160 	0 	0 	C 	38539 
Iran, Islamic Republic of	0 		0 	0 				36 	0 	0 	0 	5 		0 	C 	3 			0 	18 	25 	0 			7 	0 		0 	0 					0 	0 			0 	98 	0 	0 				0 					0 		0 	13 		0 		C 	0 	0 	0 				0 	1 	0 				415 			0 	0 	620 
Iraq	0 		0 	8 					12 	0 	0 	0 		0 	0 				0 	6 	58 	0 		C 	18 	14 			24 					40 	0 		10 	55 		0 	332 	35 	0 		187 					102 		0 			0 		0 	0 	0 	0 				0 	0 	11 				28 			0 	0 	939 
Ireland	2 	2 	747 	16064 	74 	314 	1 	39074 	6107 	32 	26 	3579 	1070 	671 	8332 	260 	426 	25 	904 	880 	11174 	14 	125 	10939 	122649 	146990 	99 	1229 	7182 	467 	643 	33 	14 		3478 	325 	59251 	41939 	11993 	13 	1059 	59 	61 	84 	74662 	110 	534 	59 	69 	45542 	205 	0 	10868 		37 	96 	172 	35086 	3 	5024 	3127 	190 	3833 	25943 	9665 	25132 	439 	3 		163855 	62809 	1 	0 	40074 	1005949 
Isle of Man	0 		0 	39 			1 	6 	6 	7 	0 	2 		0 	6 				16 		13 	0 	1 	8 	100 	0 		0 	257 	0 				38 			33 	1157 	6 	0 	129 			1 	250 	130 		13 		96 	0 	0 	8 		0 		1 	0 	0 	0 			346 	C 	0 	64 				1164 	510 		0 	0 	4406 
Israel	0 	1 	C 	148 			2 	97 	82 	2 	0 	906 	62 	59 	15 	2 		0 	108 	0 	198 	0 	1 	0 	335 	610 	1 		404 	26 	3 			899 	0 		121 	1146 	89 	3 	25 		0 		2365 			10 		1741 	2 	0 	516 		9 		2 	0 	0 	0 		0 	5 	C 	190 	229 	120 			3158 	46064 	6 	0 	C 	59761 
Italy	10 	1 	2433 	20926 		120 	140 	65394 	2274 	38 	14 	5146 	64 	44 	1105 	24 	4 		578 	987 	6051 	80 	17 	7076 	278608 	177758 	12 	1332 	1118 	24 	22 	0 	50 	152632 	34 	108 		62545 	1640 	766 	152 	9 	7 	24 	136542 	18 	833 	30 		91219 	2585 	0 	23210 		0 		49 	12123 	14 	13 	4692 	274 	17 	60366 	6831 	7146 	20 	0 		99610 	61763 	24 	0 	61605 	1358353 
Jamaica	0 	0 	0 	11 				5 	7 	0 	0 	2 	13 	0 	C 			0 	0 		17 	0 		C 	14 	124 		0 	0 					18 	0 		17 	22 	6 	0 	0 				50 					19 	11 	0 			1 		0 	0 	0 	0 				C 	7 	23 				223 	337 		0 	C 	927 
Japan	60 	8 	17728 	1325 		134 	340 	2901 	13291 	6 	0 	28655 		1912 	31867 	79 	39 	1 	48 	6 	8913 	0 	3 	732 	145200 	18987 	4 	4 	1832 	31 	125 		133 	43628 	103 	70 	4720 		1596 	1870 	2577 	81 	0 	1 	59201 	94 	45 	110 	50 	20169 	510 	1404 	25504 		0 	51 	4 	405 	0 	0 	26494 	19 	150 	753 	11153 	15391 	50 	0 		133098 	389072 	0 	0 	148694 	1161435 
Jersey	0 		C 	4772 	20 	48 		9807 	406 	65 	1 	589 	80 	0 	4754 	2 		7 	208 	58 	1082 	0 	0 	1011 	17542 	24467 	13 	1509 	1045 	37 	24 	0 		7465 	346 	4 	7727 	19030 		1 	362 	53 	0 	6 	19540 		273 	57 		7777 	116 	0 	1173 		0 	0 	4 	3645 	0 	136 	390 	2 	1319 	8364 	461 	48514 	0 			33393 	37307 	0 	0 	C 	265014 
Jordan	0 		0 	0 		97 			0 	0 	0 	0 		0 	3 				15 		4 	8 			0 	3 			84 			0 		0 	0 			0 	36 	0 	6 	1021 		123 	46 	0 		3 		6 		0 			0 		0 	0 	0 	0 				0 	2 	1 				44 	78 		0 	0 	1579 
Kazakhstan	0 		2 	452 		35 		16 	0 	0 	0 	37 	80 	20 	69 				10 	25 	196 	0 	11 	0 	55 	160 		8 	115 	0 	29 			46 	0 	1 	10 	551 	4 		63 		9 	1 	387 			5 		161 	0 	0 	15 		4 	0 	5 	16 	0 	17 				C 	169 	82 		5 		1816 	749 		0 	C 	5437 
Kenya	0 		0 	0 				0 	0 	0 	0 	0 		0 	7 				0 		9 	0 			1 	0 			0 			1 		28 	0 			0 		0 	1 	3 			74 			138 		21 		0 	6 		0 		0 	0 	0 	0 			26 	0 	3 	4 				5 	39 		0 	0 	366 
Kiribati	0 		0 	0 					0 	0 	0 	0 		0 	0 				0 		0 	0 				0 			0 					0 	0 			0 		0 	0 				0 					0 		0 			0 		0 	0 	0 	0 				0 		0 				0 	1 		0 	0 	1 
Korea, Democratic People's Rep. of	0 		C 							0 	0 				0 				0 		0 	0 				0 					0 			0 	0 			0 		0 	0 				0 					0 		0 			0 		0 	0 	0 	0 				0 	0 						0 		0 	C 	0 
Korea, Republic of	6 	1 	1657 	450 		65 		960 	4081 	1558 	0 	4927 	29 	1135 	15320 	198 			393 	2 	734 	0 		55 	12841 	2939 		13 	155 	10 	6 	26 	10 	10084 	12 	2 	442 	18061 	351 	30 		5 	0 	0 	13827 	1013 		38 	43 	3463 	0 	0 	3125 		2 	0 	C 	19 	0 	12 	23318 	2 	2 	C 	713 	2190 	6415 			24076 	56056 		0 	C 	210872 
Kosovo, Republic of			0 							0 																																			0 					0 					0 																		0 		0 
Kuwait	0 		C 	54 		1063 		4 	0 	0 	0 	2 		0 	202 	4 			41 		7 	35 		0 	88 	63 		0 	200 					11 	0 		0 	11 	20 	0 	6 			47 	172 	213 		60 		22 		0 			0 		0 	0 	0 	0 				C 	0 	0 				1258 			0 	0 	3585 
Kyrgyz Republic	0 		0 	0 					0 	0 	0 	0 		0 	0 				0 		0 	0 				0 			0 					0 	0 	6 		0 		8 	0 				38 					0 		0 	9 		0 		0 	0 	0 	61 				0 	0 	0 				13 	0 	0 	0 	C 	136 
Lao People's Democratic Republic	0 		0 	0 					0 	0 	0 	0 		0 	0 				0 		0 	0 				0 			0 					0 	0 			0 		0 	0 				0 					0 		0 			0 		0 	0 	0 	0 				0 	0 	0 				1 	0 		0 	0 	1 
Latvia	0 		0 	156 				11 	0 	0 	0 	0 		0 	0 				0 	0 	0 	0 	105 	11 	-1 	629 		0 	54 	6 				0 	0 		61 	0 	73 	9 	0 				52 					21 	0 	0 	88 		0 		C 	0 	0 	3 				0 	169 	3 				-2 	4 		0 	C 	1453 
Lebanon	0 		0 	3 		17 		7 	0 	8 	0 	0 		0 	11 				650 		33 	12 		C 	66 	29 			61 					15 	0 		22 	22 		0 	0 	211 			131 			11 		46 		0 			0 		0 	0 	0 	0 				C 	0 	12 				402 	283 		0 	0 	2053 
Lesotho	0 		0 	0 					0 	0 	0 	0 		0 	0 				0 		0 	0 				0 			0 					0 	0 			0 		0 	0 				0 					0 		0 			0 		0 	0 	0 	0 			6 	0 	0 	0 				0 	0 		0 	0 	6 
Liberia	0 		C 	6 				1 	17 	0 	0 	47 		0 	1 				1 		10 	0 		1 	89 	60 		4 	0 					49 	0 		26 	44 		0 	0 		0 		132 					63 	0 	0 	119 		0 		C 	0 	0 	0 			6 	1 	1 	47 				238 	2873 		0 	C 	3835 
Libya	0 		0 	0 		4 			0 	0 	0 	0 		0 	0 				0 		0 	0 				0 			0 					0 	0 			0 	17 	0 	0 				0 					0 		0 			0 		0 	0 	0 	0 				0 	0 	0 				1 			0 	0 	23 
Liechtenstein	0 		C 	395 				8 	120 	2 	0 	0 		0 	8 				0 		1 	0 	3 	0 	86 	1200 			18 					7 	0 		1 	0 	44 	0 	0 				162 					82 		0 	0 		0 	0 	C 	0 	0 	0 				C 	1 					106 	192 		0 	0 	2436 
Lithuania	0 		0 	419 				108 	9 	0 	0 	0 		0 	C 				35 	0 	38 	0 	27 	97 	243 	1460 		38 	9 					7 	0 		66 	0 		0 	0 		35 		281 					199 	0 	0 	16 		0 		3 	39 	0 	15 				C 	328 	85 				26 	44 		0 	C 	3627 
Luxembourg	735 	41 	2332 	18522 	14 	87 	367 	131284 	4059 	193 	98 	1427 	234 	2507 	16133 	369 	144 	5 	633 	2170 	9461 	25 	373 	11036 	117174 	390007 	179 	5853 	8759 	3292 	2371 	470 	86 	34872 	3356 	1094 	216295 	72298 	5580 	174 	2804 	7 	133 	127 		577 	403 	847 	281 	62842 	416 	0 	8975 		42 	0 	2091 	10873 	86 	5666 	1880 	352 	4166 	33614 	39673 	113560 	387 	125 		69084 	60037 	21 	3 	C 	1483186 
Macedonia, FYR	0 		0 	31 				2 	0 	0 	1 	0 		0 	0 				7 		0 	0 		0 	2 	38 			0 					22 	0 		2 	0 		0 	0 				61 					3 		0 	81 		0 		0 	0 	0 	0 				0 	1 	1 			2 	3 	0 		0 	C 	256 
Madagascar	0 		0 	0 					0 	0 	0 	0 		0 	0 				0 		0 	0 			0 	0 			0 					0 	0 			0 		0 	0 				0 			45 		4 		0 	3 		0 		0 	0 	0 	0 				0 	0 	0 				0 	0 		0 	0 	52 
Malawi	0 		0 	0 					0 	0 	0 	0 		0 	0 				0 		1 	0 				0 			0 					0 	0 			0 		0 	0 				0 			6 		0 		0 			0 		0 	0 	0 	0 			8 	0 	0 	0 				0 	0 		0 	0 	15 
Malaysia	0 		346 	75 		68 		110 	88 	0 	0 	537 	23 	245 	5079 	103 			104 		377 	0 		50 	1236 	855 	1 	0 	130 		0 	5 	7 	1187 	1 		118 	2700 	122 	0 	370 	600 			4610 			155 	4 	1394 	1548 	0 	576 		0 	0 	0 	0 	0 	0 	12016 	1 	0 	C 	86 	161 	92 	0 		5208 	11936 		0 	C 	52326 
Maldives	0 		0 	0 					0 	0 	0 	0 		0 	0 				0 		10 	0 				0 			0 					0 	0 			0 		0 	0 				0 			13 		0 		0 			0 		0 	0 	0 	0 			3 	0 	0 	0 	2 			0 	0 		0 	0 	27 
Mali	0 		0 	0 					1 	0 	0 	0 		0 	0 				0 		0 	0 				0 			0 					0 	0 			0 		0 	0 			0 	0 			0 		0 		0 			0 		0 	0 	0 	0 				0 	0 	0 				4 	0 		0 	0 	5 
Malta	0 		0 	92 				3 	246 	0 	0 	0 		0 	C 				28 	27 	59 	0 	1 	21 	96 	8 			2 			0 		1161 	2 		157 	0 	149 	0 	0 	71 	0 		104 			20 		18 		0 	11 		0 		C 	0 	0 	0 				C 	108 	76 				56 	101 		0 	0 	2617 
Marshall Islands, Republic of	0 		0 	0 				8 	13 	9 	0 	46 		0 	4 				0 	1 	7 	0 		0 	9 	6 			0 	0 				11 	0 	2 	5 	11 		0 	0 		0 		25 					6 	0 	0 	75 		0 		C 	0 	0 	0 				C 	0 	18 				18 	5330 		0 	C 	5602 
Martinique	0 		0 	0 					0 	0 	0 	0 		0 	0 				0 		0 	0 				0 			0 					0 	0 			0 		0 	0 				0 					0 		0 			0 		0 	0 	0 	0 				C 	0 					0 	0 		0 	0 	0 
Mauritania	0 		0 	0 					0 	0 	0 	0 		0 	0 				0 		0 	0 				0 			0 					0 	0 			0 		0 	0 	5 			0 					0 		0 			0 		0 	0 	0 	0 				0 	0 	0 				0 	0 		0 	C 	5 
Mauritius	0 		0 	4 		7 		0 	0 	0 	0 	20 		0 	47 	2 			0 	13 	14 	0 		0 	112 	21 	10 		132 			0 	272 	216 	88 		12 	99 		0 	4 	6 			2122 	81 				-1198 	7 	0 	2 	0 	0 		0 	0 	0 	0 	745 		84 	C 	18 	110 				564 	956 		0 	0 	4570 
Mayotte	0 		0 	0 					0 	0 	0 	0 		0 	0 				0 		0 	0 				0 			0 					0 	0 			0 		0 	0 				0 			8 		0 		0 			0 		0 	0 	0 	0 				C 	0 					0 	0 		0 	0 	8 
Mexico	24 	3 	382 	345 	938 	26 	0 	324 	132 	4 	0 	2562 	1937 	1371 	71 	1 	5 	5 	98 	0 	1320 	0 		78 	1261 	2473 		28 	286 	0 	2 	0 		2484 	1 		769 	3835 	109 	4 	66 		0 	0 	8708 	3 	12 	0 		3567 	20 	0 	1022 		77 	0 	C 	89 	0 	0 	820 	3 		2651 	315 	984 	93 	0 		7326 	65182 	6 	10 	C 	111831 
Micronesia, Federated States of	0 		0 	0 					0 	0 	0 	0 		0 	0 				0 		0 	0 				0 			0 					0 	0 			0 		0 	0 				0 					0 		0 			0 		0 	0 	0 	0 				0 	0 	0 				0 	0 		0 	0 	0 
Moldova	0 		0 	0 					0 	0 	0 	0 		0 	0 				0 		0 	0 	0 		0 	0 			0 					0 	0 			0 		0 	0 		0 		67 					0 		0 			0 		0 	0 	4 	0 				0 	0 	0 				2 	0 		0 	C 	73 
Monaco	0 		0 	0 				0 	0 	1 	0 	0 		0 	0 				0 		0 	0 				4 			0 					4 	0 		0 	0 		0 	0 				2 					0 		0 			0 		0 	0 	0 	0 				0 	0 					0 	13 		0 	0 	25 
Mongolia	0 		0 	1 					0 	0 	0 	0 		0 	0 				0 		0 	0 				8 			0 					0 	0 			11 		0 	15 				32 					3 		0 			0 		0 	0 	0 	0 				C 	0 	0 				15 	0 		0 	C 	86 
Montenegro	0 		0 	3 					0 	0 	0 	0 		0 	0 				0 		0 	0 	0 		0 	0 			0 	0 				0 				0 		0 	0 				74 					0 		0 			0 		0 	0 	0 	0 				0 	1 	5 				0 			0 	0 	83 
Montserrat	0 		0 	0 					0 	0 	0 	0 		0 	0 				0 		0 	0 			1 	0 			0 					0 	0 			0 		0 	0 				0 					0 		0 			0 		0 	0 	0 	0 				0 	0 					0 	0 		0 	0 	1 
Morocco	0 		C 	7 		14 		5 	0 	0 	0 	5 	2 	0 	4 				35 		4 	0 		0 	1708 	93 			3 	0 				93 	0 		47 	55 	66 	0 	6 	79 	0 		121 			52 		53 		0 	20 		0 		0 	21 	0 	0 				254 	9 	37 				53 	381 		0 	0 	3229 
Mozambique	0 		0 	0 					0 	0 	0 	0 		0 	0 				0 		0 	0 				0 			0 					0 	0 			0 		0 	0 				1 			36 		0 		0 	3 		0 		0 	72 	0 	0 			1 	0 	0 	0 				0 	0 		0 	0 	113 
Myanmar	0 		0 	0 					0 	0 	0 	0 		0 	0 				0 		0 	0 				0 			0 					0 	0 			0 		0 	0 				0 					0 		0 			0 		0 	0 	0 	0 				0 	0 	0 	0 			0 	0 		0 	0 	0 
Namibia	0 		0 	0 					0 	0 	0 	0 		0 	0 				0 		0 	0 				0 			0 					0 	0 			0 	3 	0 	0 				0 			309 		0 		0 			0 		0 	0 	0 	0 			348 	0 	1 	0 				0 	3 		0 	0 	664 
Nauru	0 		0 	0 					0 	0 	0 	0 		0 	0 				0 		0 	0 				0 			0 					0 	0 			0 		0 	0 				0 					0 		0 			0 		0 	0 	0 	0 				0 	0 	0 				0 	0 		0 	0 	0 
Nepal	0 		0 	0 					7 	0 	0 	0 		0 	0 				0 		0 	0 			1 	0 			0 			0 		0 	0 			0 		0 	0 				0 			36 		0 		0 			0 		0 	0 	0 	0 				0 	0 	0 				0 	0 		0 	0 	45 
Netherlands	15 	16 	13948 	19702 	7 	571 	509 	95782 	5737 	97 	179 	7758 	191 	164 	10761 	695 	200 	93 	1594 	2625 	6487 	56 	327 	10496 	248210 	175173 	137 	1904 	2980 	352 	172 		558 	63361 	135 	449 	74787 	74953 	20459 	1553 	1300 	138 	33 	95 	113583 	107 	474 	373 	305 		900 	0 	15840 	0 	21 	151 	381 	10321 	64 	2483 	5508 	899 	31 	57013 	9845 	57236 	140 	17 		126093 	169342 	34 	2294 	101569 	1519781 
Netherlands Antilles	0 	35 	C 	983 	21 	2 	0 	3721 	72 	0 	14 	557 	95 	0 	342 	1 		10 	33 	67 	110 	0 	1 	251 	54077 	3062 	6 	96 	239 	16 			3 	427 	8 	10 	2001 	11405 	71 	8 	1 			2 	4307 	0 		30 		1517 		0 	306 		0 		C 	248 	10 	2 				2001 	202 	2440 				1380 	38474 	4 	0 	C 	128665 
New Zealand	0 		3542 	33 	10 	76 	6 	106 	64 	0 	0 	706 	34 	0 	784 	2 	6 		36 		20 	2 		0 	129 	487 	19 	0 	42 	1 	0 	0 		451 	3 	9 	10 	4033 	891 	1 	6 	4 			3734 	4 		0 		237 	1 		332 		0 		C 	13 	0 	0 	575 		1 	C 	196 	598 	151 			3360 	12240 		0 	C 	32955 
Nicaragua	0 		0 	0 					0 	0 	0 	0 		0 	C 				0 		13 	0 				0 			0 					4 	0 		12 	0 		0 	0 				61 					1 		0 	1 		20 		0 	0 	0 	0 				0 	0 	0 				0 	1 		0 	0 	113 
Niger	0 		0 	0 					0 	0 	0 	0 		0 	0 				0 		0 	0 				0 			0 					0 	0 			0 		0 	0 		5 		0 	1 				0 		0 			0 		0 	0 	0 	0 			3 	0 	0 	0 				5 	2 		0 	0 	16 
Nigeria	0 		0 	0 				4 	0 	0 	0 	7 		0 	53 				0 		23 	6 			4 	7 			105 			0 		58 	0 		102 	0 		0 	1 			0 	120 			590 		46 		0 			0 		0 	0 	0 	0 			90 	C 	7 	1 				770 			0 	0 	1993 
Niue	0 		0 	0 					0 	0 	0 	0 		0 	0 				0 		0 	0 				0 			0 					0 	0 			0 		0 	0 			0 	0 					0 		0 			0 		0 	0 	0 	0 				0 	0 					0 	0 		0 	0 	1 
Norfolk Island	0 		0 	0 					0 	0 	0 	0 		0 	0 				0 		0 	0 				0 			0 					0 	0 			0 		0 	0 				0 					0 		0 			0 		0 	0 	0 	0 				0 	0 					61 	0 		0 	0 	61 
Norway	0 	1 	702 	3116 	4 	174 	105 	1830 	834 	430 	26 	1579 	69 	20 	2892 	95 	13 	0 	467 	142 	5827 	0 	67 	3043 	8402 	20102 	42 	49 	1272 	2 	504 	2 		7355 	65 	25 	1930 	31052 	1860 	113 	79 		29 	0 	13509 	15 	76 			5315 	27 	0 			4 	0 	3 	619 	11 	1 	1050 	25 	1 	1556 	12947 	7760 	25 	4 		16953 	33349 		0 	C 	187569 
Oman	0 		0 	26 		112 			0 	0 	0 	2 		0 	6 				0 		6 	0 		0 	36 	43 			20 					15 	0 		0 	11 	39 	0 	2 	170 		36 	95 			2 		0 		0 	4 		0 		0 	0 	0 	0 				0 	0 	0 				87 			0 	0 	712 
Pakistan	0 		3 	10 		155 		0 	0 	0 	0 	6 	9 	0 	74 				0 		39 	1 		C 	7 	4 			20 					25 	1 		3 	22 	1 	0 	3 	93 	0 	0 	270 			1159 		39 		0 	3 		0 	0 	0 	0 	0 	0 				0 	1 	4 		0 		92 	631 		0 	C 	2676 
Palau	0 		0 	0 					0 	0 	0 	0 		0 	0 				0 		0 	0 				0 			0 					0 	0 			0 		0 	0 				0 					0 		0 			0 		0 	0 	0 	0 				0 	0 	0 				0 	0 		0 	0 	0 
Panama	0 	0 	2 	53 	37 			31 	39 	31 	0 	375 	12 	703 	154 		28 	15 	0 	0 	375 	0 		2 	120 	355 			16 	1 		0 		214 	1 		62 	331 	19 	1 	19 		0 	0 	877 			40 		514 	4 	0 	118 				0 	0 	0 	6 		1 		C 	14 	1116 				337 	14814 	2 	4 	C 	20841 
Papua New Guinea	0 	0 	C 	6 				1 	58 	0 	0 	118 		0 	26 	1 			0 		3 	0 		0 	69 	13 			5 		0 			136 	0 		0 	22 		0 	1 				526 	1 				32 		0 	113 		0 		0 	0 	0 	0 				C 	5 	53 				242 	1820 		0 	C 	3253 
Paraguay	0 		0 	0 					0 	22 	0 	0 		14 	C 				0 		0 	0 				0 			0 					0 	0 			0 		0 	0 				4 					0 		0 			0 		0 	0 	0 	0 			13 	0 	1 	0 				2 	3 	0 	0 	0 	59 
Peru	0 	0 	C 	64 	27 			31 	1 	1 	0 	107 	23 	877 	14 		4 	1 	14 	0 	377 	0 		0 	77 	515 		1 	72 	0 				292 	0 		81 	573 	17 	0 	4 		0 		991 					443 	14 	0 	26 		78 	0 	0 	0 	0 	0 		1 		C 	23 	80 	1 			780 	3576 	0 	0 	0 	9186 
Philippines	0 	0 	C 	110 	3 			24 	28 	0 	0 	317 		62 	707 	0 		0 	0 		627 	0 		0 	967 	619 		6 	591 		0 	0 	5 	533 	10 	5 	245 	1554 	20 	0 	48 	0 	1 	0 	1756 	196 		33 		871 	5 	0 	817 		0 		C 	0 	0 	0 	1953 	2 	1 	C 	14 	556 	2 			1726 	7097 	0 	0 	C 	21512 
Pitcairn Islands	0 		0 	0 					0 	0 	0 	0 		0 	0 				0 		0 	0 				0 			0 					0 	0 			0 		0 	0 				0 					0 		0 			0 		0 	0 	0 	0 				0 	0 					0 	0 		0 	0 	0 
Poland	0 		170 	6331 		74 	0 	1602 	60 	0 	4 	201 		119 	51 	2 			148 	1065 	496 	4 	56 	492 	3180 	12446 		1304 	155 	383 	0 	2 		7139 	23 	3 	652 	4893 	1150 	10 	100 		7 		7542 	2 		0 		2870 	3 	0 	760 		0 			239 	0 	22 	267 	89 		344 	1239 	1419 	8 	0 		3333 	7841 		0 	C 	68299 
Portugal	0 		175 	2477 	8 	39 		12829 	207 	143 	0 	551 	292 	0 	135 	14 	0 		160 	102 	1048 	0 	46 	1122 	55708 	33461 		138 	98 	0 	1 			60364 	6 	1 	9222 	2590 	1117 	70 	10 	20 		0 	12617 			3 		12516 	6 	0 	3959 		0 		5 		0 	0 	372 		2 	12259 	314 	1687 		1 		9725 	3822 		0 	8841 	248281 
Puerto Rico	0 		0 	1 				1 	30 	7 	0 	20 		0 	2 			0 	0 		1 	0 		0 	4 	1 			0 	0 				8 	0 		0 	11 		0 	0 		0 		0 					1 	0 	0 			0 		0 	0 	0 	0 				0 	1 					1 	0 	0 	0 	C 	90 
Qatar	0 		C 	54 		811 		35 	7 	0 	0 	12 		9 	71 				251 		94 	47 	2 	0 	11 	287 			22 					427 	0 		5 	143 	9 	3 	15 	2944 		48 	285 	5 		7 		113 	0 	0 	43 	0 	0 		C 	0 	0 	0 	55 			C 	0 	61 	80 			1220 			0 	0 	7176 
Reunion	0 		0 	0 					0 	0 	0 	0 		0 	0 				0 		0 	0 				0 			0 					0 	0 			0 		0 	0 				24 			4 		0 		0 			0 		0 	0 	0 	0 				0 	0 					0 	2 		0 	0 	30 
Romania	0 		0 	689 				22 	0 	0 	23 	0 		0 	C 				168 	8 	11 	0 	11 	0 	101 	732 		1453 	42 	10 				186 	0 		130 	0 	242 	0 	1 		2 		519 					173 		0 	0 		0 	0 	2 	0 		0 		1 		C 	169 	58 				128 	151 		0 	C 	5033 
Russian Federation	3 	0 	366 	924 		47 	0 	325 	87 	3 	5 	888 	111 	814 	190 	4 	0 	1 	753 	154 	1335 	0 	127 	703 	1379 	2911 	3 	738 	1797 	50 	22 		0 	2582 	16 	1 	823 	1653 	1389 	428 	677 		89 	9 	9161 	538 		1 	2 	2854 	3 	0 	1621 		11 	0 	42 	36 	0 		617 	22 	6 	C 	2291 	1534 	25 	1 	0 	9622 	24616 	1 	0 	C 	74411 
Rwanda	0 		0 	0 					0 	0 	0 	0 		0 	C 				0 		0 	0 				0 			0 					0 	0 			0 		0 	0 				0 					0 		0 			0 		0 	0 	0 	0 				0 	0 	0 				0 	0 		0 	0 	0 
Saint Helena	0 		0 	0 					0 	0 	0 	0 		0 	0 				0 		0 	0 				0 			0 					0 	0 			0 		0 	0 				0 					0 		0 			0 		0 	0 	0 	0 				0 	0 	0 				0 	0 		0 	0 	0 
Saint Pierre and Miquelon	0 		0 	0 					2 	0 	0 	0 		0 	0 				0 		0 	0 				0 			0 					0 	0 			0 		0 	0 				0 					0 		0 			0 		0 	0 	0 	0 				0 	0 					0 	0 		0 	0 	2 
Samoa	0 		0 	0 					0 	4 	0 	0 		0 	0 				0 		0 	0 				0 			0 					0 	0 			0 		0 	0 				0 					0 		0 			0 		0 	0 	0 	0 				0 	0 	0 				0 	0 		0 	0 	4 
San Marino	0 		0 	0 					0 	0 	0 	0 		0 	0 				0 		0 	0 				0 			0 					0 	0 			0 		0 	0 				0 					0 		0 			0 		0 	0 	0 	0 				0 	0 	0 				0 	0 		0 	0 	0 
Sao Tome and Principe	0 		0 	0 					0 	0 	0 	0 		0 	0 				0 		0 	0 				0 			0 					0 	0 			0 		0 	0 				0 					0 		0 			0 		0 	0 	0 	0 				0 	0 	0 				10 	0 		0 	0 	10 
Saudi Arabia	0 		C 	89 		2271 		115 	0 	0 	0 	2 		0 	335 	16 			100 		8 	345 			803 	102 		0 	226 		5 			86 	16 		6 	33 	149 	0 	9 	3601 		161 	96 	151 				13 	12 	0 	1 	71 	0 	0 	0 	0 	0 	0 	96 			C 	0 	4 				731 			0 	C 	9654 
Senegal	0 		0 	0 					0 	0 	0 	0 		0 	0 				0 		11 	0 			11 	0 			0 					3 	0 			0 		0 	0 				84 	1 		42 		1 		0 			0 		0 	0 	0 	0 				0 	0 	10 	6 			2 	1 		0 	C 	171 
Serbia, Republic of	0 		0 	45 				0 	0 	0 	1 	7 		0 	0 				5 		0 	0 	7 	0 	10 	750 		597 	50 	0 				3 	0 		19 	22 		0 	0 	57 			234 					77 		0 			0 		0 	0 	0 	0 		1 		0 	48 	0 				76 			0 	C 	2009 
Seychelles	0 		0 	1 				0 	0 	3 	0 	0 		0 	0 				0 		0 	0 			0 	3 		1 	0 				3 	7 	0 		3 	0 		0 	0 			1 	0 			26 		0 		0 			0 		0 	8 	0 	9 				C 	0 	24 		0 		2 	1 		0 	0 	93 
Sierra Leone	0 		0 	0 					1 	0 	0 	0 		0 	0 				0 		0 	0 				0 			0 					0 	0 			0 		0 	0 				0 			7 		47 		0 			0 		0 	0 	0 	0 				0 	0 	0 				0 	0 		0 	0 	55 
Singapore	0 	0 	1396 	148 		75 		208 	1158 	0 	0 	1851 	83 	474 	6148 	138 			25 	1 	353 	7 		153 	1836 	1289 		1 	711 	1 	5 	18 	437 	3213 	13 	7 	154 	6424 	506 	1 	736 	5 	1 	0 	7020 	1759 		4268 		3675 	139 	0 	1222 		0 	178 	C 	37 	0 	0 			5 	C 	473 	955 	299 			9134 	30481 	0 	0 	C 	87223 
Sint Maarten																																																																											
Slovak Republic	0 		C 	1844 				319 	9 	0 	1 	0 		0 	C 				17 	1268 	5 	0 	6 	44 	266 	2275 		0 	4 	0 				455 	0 		24 	11 	146 	0 	0 		1 		380 					274 		0 	3255 		0 		19 	0 	0 	0 				C 	192 	975 				965 	31 		0 	C 	12783 
Slovenia	0 		0 	441 				1562 	0 	0 	3 	0 		0 	C 				30 	38 	17 	0 	5 	116 	457 	701 	1 	0 	3 	1 				127 	0 		587 	0 	13 	0 	0 				400 					398 		0 	178 		0 		C 	9 	0 	0 		8 		C 	48 	90 				231 	164 		0 	C 	5630 
Solomon Islands	0 		0 	0 					0 	0 	0 	0 		0 	0 				0 		0 	0 				0 			0 					0 	0 			0 		0 	0 				0 					0 		0 			0 		0 	0 	0 	0 				0 	0 	0 	0 			0 	0 		0 	0 	0 
Somalia	0 		0 	0 					0 	0 	0 	0 		0 	0 				0 		0 	0 				0 			0 					6 	0 			0 		0 	0 				0 					0 		0 			0 		0 	0 	0 	0 				0 	0 	0 				0 	0 		0 	0 	6 
South Africa	0 	1 	444 	308 		33 		227 	652 	19 	0 	1347 	28 	184 	93 	2 			123 	0 	616 	17 	1 	106 	1337 	2022 	6 	58 	144 	1 	1 	8 		1972 	123 	5 	398 	2733 	184 	0 	230 		0 	20 	6580 	2 		1634 		2313 	5 	0 	1024 		6 	0 	C 	151 	0 	0 	881 	1 		C 	208 	806 	125 	0 		7456 	32218 	1 	0 	C 	66853 
South Sudan																																																																											
Spain	500 	1 	2836 	12889 	6 	115 	150 	41144 	1452 	1473 	5 	5617 	43 	491 	1819 	87 	20 	0 	279 	617 	9143 	0 	13 	7736 	234122 	222025 	52 	735 	488 	20 	29 		0 	68760 	32 	27 	32651 	24760 	1265 	256 	140 		10 	3 	82277 	13 	351 	0 	140 	67115 	47 	0 	30427 		0 	0 	21 	16310 	9 	0 	2268 	16 	53 		6890 	9771 	6 			84755 	93205 	30 	1 	78408 	1143923 
Sri Lanka	0 		C 	6 		0 		0 	0 	0 	0 	2 		0 	87 				0 		9 	2 			1 	4 			0 			10 		25 	0 		5 	0 		0 	0 	0 	0 	5 	67 	1 		86 		3 		0 	5 	20 	0 		0 	0 	0 	0 	227 			0 	1 	3 				170 	144 		0 	C 	883 
St. Kitts and Nevis	0 		0 	0 					0 	0 	0 	0 		0 	0 				0 		0 	0 				0 			0 					0 	0 		0 	0 		0 	0 				0 					0 		0 			0 		0 	0 	0 	0 				C 	0 					0 	0 		0 	0 	0 
St. Lucia	0 		0 	11 					0 	0 	0 	0 	11 	0 	0 				7 		0 	0 			0 	0 			0 					0 	0 			0 		0 	0 				0 					0 		0 			0 		0 	0 	0 	0 				0 	0 	0 				0 	37 		0 	C 	67 
St. Vincent and the Grenadines	0 		0 	0 				0 	0 	0 	0 	0 		0 	0 				0 		0 	0 			1 	0 			0 	0 				0 	0 			0 		0 	0 				2 					0 		0 			0 		0 	0 	0 	0 				0 	0 	228 				0 	10 		0 	0 	240 
Sudan	0 		0 	0 		8 			0 	0 	0 	0 		0 	0 				0 		0 	20 				0 			0 					0 	0 			0 	19 	0 	0 	223 		17 	1 					1 		0 			0 		0 	0 	0 	0 				0 	0 	0 				0 	0 		0 	0 	291 
Suriname	0 		0 	0 				1 	0 	0 	0 	0 		0 	0 				0 		0 	0 				0 			0 					4 	0 			0 		0 	0 				0 					0 	2 	0 			0 		0 	0 	0 	0 				0 	0 	0 				0 	0 		0 	0 	7 
Swaziland	0 		0 	0 					1 	0 	0 	0 		0 	0 			2 	0 		0 	0 				0 			0 					0 	0 			0 		0 	2 				0 	1 				0 		0 	2 		0 		0 	0 	0 	0 			4 	0 	2 	0 				13 		0 	0 	0 	27 
Sweden	0 	1 	1617 	3493 		131 	321 	4922 	2595 	3 	18 	3221 	14 	44 	1078 	22 	107 	3 	281 	16 	18069 	0 	90 	27261 	22464 	28169 	34 	81 	4059 	2 	139 		0 	16510 	1217 	129 	3256 	27074 	1321 	8 	70 	14 	32 	2 	50367 	6 	76 	31 		10585 	34 	0 	17939 		0 		949 	933 	0 	37 	1577 	3 	11 	2564 		11036 	25 	0 		17148 	59359 	8 	0 	C 	340575 
Switzerland	32 	4 	4203 	2757 	130 	84 	180 	5557 	1836 	195 	0 	12568 	46 	288 	1761 	23 	38 		7 	27 	4123 	149 	11 	1334 	18271 	26147 	77 	363 	2163 	51 	197 	53 	169 	15828 	99 	195 	5092 	16937 	1652 	51 	732 	225 	3 	138 	34447 	22 	128 	46 		14816 	39 	0 	11889 		37 	126 	56 	609 	0 	9 	2426 	16 	249 	3106 	10284 		3 	3 		48857 	218388 	7 	808 	C 	470168 
Syrian Arab Republic	0 		0 	0 		1 			0 	0 	0 	0 		0 	0 				0 		0 	2 				0 			0 					0 	0 			0 	7 	0 	0 	30 		29 	0 					0 		0 			0 		0 	0 	0 	0 				0 	0 	0 				0 	0 		0 	0 	69 
Taiwan Province of China	9 	1 	C 	64 		0 		117 	233 	0 	0 	2105 		743 	3239 	5 			0 	1 	446 	0 	0 	110 	1179 	903 			98 	2 	3 	11 	0 	3316 	0 		320 	1642 	160 	0 	343 		0 	0 	8590 	250 		361 		2431 	0 	0 	863 		0 	0 	C 	10 	0 	0 	5686 	0 	1 	C 	524 	468 	6 			11219 	41418 		0 	C 	86875 
Tajikistan	0 		0 	0 					0 	0 	0 	0 		0 	0 				0 		0 	0 				0 			0 					0 	0 			0 		0 	0 				27 					0 		0 			0 		0 	0 	0 	0 				0 	0 	0 				0 	0 		0 	C 	27 
Tanzania	0 		0 	0 					0 	0 	0 	0 		0 	0 				0 		0 	0 				0 			0 					0 	0 			0 		0 	0 				0 			46 		0 		0 	3 		0 		0 	0 	0 	0 			6 	0 	0 	1 				9 	0 		0 	0 	66 
Thailand	0 		C 	29 		0 		49 	47 	0 	0 	671 	7 	265 	822 	22 			2 	0 	226 	0 		67 	337 	483 		4 	249 	1 	1 	5 	22 	813 	14 	1 	131 	1157 	55 	0 	169 	0 			3387 	210 		1070 		1095 	2452 	18 	370 		3 	31 	0 	0 	0 	0 	3563 		1 	C 	63 	113 				3181 	7619 	0 	0 	C 	28825 
Timor-Leste, Dem. Rep. of	0 		0 	0 					0 	0 	0 	0 		0 	0 				0 		0 	0 				0 			0 					0 	0 			0 		0 	0 				0 					0 		0 			0 		0 	0 	0 	0 				0 	0 	0 				0 	0 		0 	0 	0 
Togo	0 		0 	0 					0 	0 	0 	0 		0 	0 				0 		0 	0 				0 			0 					0 	0 			0 		0 	0 				0 			44 		0 		0 			0 		0 	0 	0 	0 				0 	0 	0 				0 	2 		0 	0 	47 
Tokelau Islands	0 		0 	0 				0 	4 	0 	0 	0 		0 	C 				0 		0 	0 				0 			0 					0 	0 			0 		0 	0 				0 					0 		0 			0 		0 	0 	0 	0 				0 	0 					0 	0 		0 	0 	4 
Tonga	0 		0 	0 					0 	0 	0 	0 		0 	0 				0 		0 	0 				0 			0 					0 	0 			0 		0 	0 				0 					0 		0 			0 		0 	0 	0 	0 				0 	0 	0 				0 	0 		0 	0 	0 
Trinidad and Tobago	0 	2 	0 	4 					11 	0 	0 	30 	68 	0 	C 				29 		34 	0 				61 			7 			0 		26 	0 		0 	165 		0 	0 				51 					7 	7 	0 	5 		0 		0 	0 	0 	0 				0 	0 	1 	1 			296 	1121 	0 	0 	C 	1928 
Tunisia	0 		C 	185 		127 		33 	0 	0 	0 	0 		0 	5 				136 	6 	25 	2 		C 	171 	632 			3 	1 				217 	0 		124 	1278 	4 	0 	0 	91 	0 	1 	124 	0 		55 		193 		0 	3 		0 		0 	4 	0 	0 				C 	0 	8 	6 			295 	407 		0 	C 	4139 
Turkey	0 	0 	112 	797 		7143 		461 	12 	0 	32 	837 	57 	148 	135 		0 	3 	13 	49 	825 	45 	17 	50 	1233 	3067 		725 	564 	78 	0 	1 		1478 	0 	4 	755 	1961 	243 	0 	156 	577 	1 	22 	5638 		4244 	18 		2825 	6 	0 	622 		4 	0 	320 	24 	0 	102 	170 	3 	14 	C 	576 	678 				7760 	15850 	1 	0 	C 	60456 
Turkmenistan	0 		0 	0 					0 	0 	0 	0 		0 	0 				0 		0 	0 				0 			0 					0 	0 			0 		0 	0 				0 					0 		0 			0 		0 	0 	0 	0 				0 	0 	0 				0 	0 		0 	C 	0 
Turks and Caicos Islands	0 		0 	0 					0 	1 	0 	0 		0 	0 				0 		0 	0 				0 			0 					0 	0 			0 		0 	0 				0 					0 		0 			0 		0 	0 	0 	0 				0 	0 	0 				2 	0 		0 	0 	3 
Tuvalu	0 		0 	0 					0 	0 	0 	0 		0 	C 				0 		0 	0 				0 			0 					0 	0 			0 		0 	0 				0 					0 		0 			0 		0 	0 	0 	0 				0 	0 	0 				0 	0 		0 	0 	0 
Uganda	0 		0 	0 				3 	0 	0 	0 	0 		0 	0 				0 		0 	0 				0 			0 					0 	0 			0 		0 	0 				0 			139 		0 		0 	4 		0 		0 	0 	0 	0 			9 	0 	0 	0 				29 	2 		0 	0 	186 
Ukraine	0 		0 	253 				2 	1 	0 	3 	41 	33 	0 	8 				24 	0 	105 	2 	14 	0 	17 	170 		654 	72 	3 	3 			86 	0 		25 	44 	6 	11 	0 		19 	2 	231 			0 		490 	0 	0 	31 		1 	0 	5 	0 	0 	50 		2 		C 	334 	18 				1940 	931 		0 	C 	5631 
United Arab Emirates	0 		35 	306 		2341 		264 	73 	0 	0 	39 		997 	1037 	97 			367 		91 	114 	2 	0 	466 	983 		8 	258 			0 		405 	0 		71 	496 	36 	0 	66 	2968 		226 	1732 	177 	175 	294 		274 		0 	225 	14 	0 	0 	C 	0 	0 	1 	1111 	25 	3 	C 	2 	1056 	116 			4996 		0 	0 	C 	21949 
United Kingdom	86 	9 	24488 	19041 	658 	2410 	1375 	39961 	25172 	92 	62 	37009 	959 	1778 	69719 	826 	288 	82 	12015 	1390 	20767 	121 	151 	13364 	235993 	156696 	399 	62357 	27381 	205 	965 	38 	477 	350693 	15659 	1873 	57725 	155339 	63185 	1883 	7318 	2768 	63 	624 	167569 	1178 	1053 	1524 	414 	122589 	440 	1277 	64772 	4 	77 	735 	712 	11289 	178 	1318 	50923 	282 	33418 	46816 	37578 	45321 	412 	1162 	27 		647361 	60 	829 	155591 	2808376 
United States	14949 	233 	113723 	22486 	1065 	9465 	12391 	53197 	259277 	2501 	68 	263009 	30823 	22903 	72525 	1146 	8256 	342 	3541 	2031 	44333 	371 	133 	11387 	187269 	167278 	347 	10800 	29808 	1027 	1244 	116 	487 	464772 	1762 	23387 	106892 	762424 	85783 	18526 	25472 	5076 	43 	1440 	356202 	3259 	720 	1296 	6219 	296574 	3834 	8081 	113696 	0 	3068 	1812 	1068 	8755 	77 	2673 	76597 	823 	12455 	42969 	70669 	115893 	1630 	132 		690505 		1847 	6450 	1725316 	6396728 
Uruguay	0 		C 	96 	11 			6 	1 	126 	0 	19 		606 	3 			7 	0 		287 	0 	0 	C 	36 	246 		1 	160 					96 	0 		68 	595 	10 	0 	295 		0 	0 	549 					349 		0 			0 		0 	0 	0 	0 		0 		C 	0 	15 		0 		139 	1245 		5 	0 	4972 
US Pacific Islands	0 		0 	0 					0 	0 	0 	0 		0 	0 				0 		0 	0 				0 			0 					0 	0 			0 		0 	0 				0 					0 		0 	6 		0 		0 	0 	0 	0 		0 		0 	0 					0 	0 		0 	0 	6 
US Virgin Islands	0 		0 	4 					0 	4 	0 	0 	2 	0 	52 				0 		0 	0 			350 	0 			35 					0 	0 	1 		848 	4 	0 	8 			0 	1 					0 		0 	6 		0 		0 	0 	0 	0 				0 	8 		0 			58 	0 	0 	0 	C 	1382 
Uzbekistan	0 		0 	0 					0 	0 	0 	0 		0 	0 				0 		0 	0 				0 			0 					0 	0 			0 		0 	0 				0 					0 		0 			0 		0 	0 	0 	1 				0 	1 	0 				0 	0 		0 	C 	2 
Vanuatu	0 		0 	0 					0 	0 	0 	0 		0 	0 				0 		0 	0 				0 			0 					0 	0 			0 		0 	0 				0 					0 		0 			0 		0 	0 	0 	0 				0 	0 	0 				0 	0 		0 	0 	0 
Vatican	0 		0 	0 					0 	0 	0 	0 		0 	0 				0 		0 	0 				0 			0 					0 	0 			0 		0 	0 				0 					0 		0 			0 		0 	0 	0 	0 				0 	0 	0 				0 	0 		0 	0 	0 
Venezuela, Republica Bolivariana de	0 		1 	72 			15 	39 	7 	0 	0 	17 	38 	126 	10 		1 	2 	132 	0 	450 	0 		C 	191 	431 		28 	125 	0 				264 	0 		339 	353 	452 	0 	0 		0 	3 	1450 					989 	790 	0 	19 		134 	0 	0 	0 	0 	0 		1 		C 	0 	243 	36 	1 		638 	3602 	5 		C 	11007 
Vietnam	0 		C 	8 				11 	1 	0 	0 	5 		0 	448 				49 	0 	25 	0 		C 	45 	65 			1 					7 	0 		2 	22 		0 	408 		0 		36 	12 		141 		61 		0 	1 		0 		0 	0 	0 	0 	957 			0 	0 	16 	5 			698 	199 	0 	0 	0 	3225 
Virgin Islands, British	0 	13 	C 	347 		189 	9 	1552 	177 	365 	0 	1240 	43 	0 	5966 	228 	0 	0 	23 	45 	126 	0 	6 	739 	4487 	99 	16 	13 	2911 	0 	7 		422 	1678 	1155 	38 	641 	915 	1567 	135 	76 	119 	5 	0 	6438 	14 		257 	14 	696 	2308 	0 	115 		2 	0 	C 	1520 	0 	1889 	702 		694 	908 	742 		1 			5100 	8876 	1 	0 	C 	55629 
Wallis and Futuna	0 		0 	0 					0 	0 	0 	0 		0 	0 				0 		0 	0 				0 			0 					0 	0 			0 		0 	0 				0 					0 		0 			0 		0 	0 	0 	0 				0 	0 	0 				0 	0 		0 	0 	0 
West Bank and Gaza	0 		0 	0 					0 	0 	0 	0 		0 	0 				0 		0 	0 				0 			0 					14 	0 			0 		0 	0 			0 	0 					0 		0 			0 		0 	0 	0 	0 				0 	0 	0 				0 	0 		0 	0 	14 
Western Sahara	0 		0 	0 					0 	0 	0 	0 		0 	0 				0 		0 	0 				0 			0 					0 	0 			0 		0 	0 				0 			58 		0 					0 		0 	0 	0 	0 				0 	0 					0 	0 		0 	0 	58 
Yemen, Republic of	0 		0 	0 					0 	0 	0 	0 		0 	0 				0 		2 	0 				0 			18 					0 	0 			0 		0 	0 	71 		3 	0 					0 					0 		0 	0 	0 	0 				0 	0 	0 				7 	0 		0 	0 	101 
Zambia	0 		C 	0 				3 	0 	0 	0 	0 		0 	1 				1 		1 	0 			11 	0 			0 					14 	0 			0 	3 	0 	0 				3 			10 		1 					0 		0 	0 	0 	0 			33 	0 	3 	0 				71 	39 		0 	0 	194 
Zimbabwe	0 		0 	3 				0 	0 	0 	0 	0 		0 	0 				0 		0 	0 			11 	0 		0 	1 					0 	0 			0 		0 	0 				1 			16 		0 		0 			0 		0 	0 	0 	0 			11 	0 	1 	4 				0 	76 		0 	C 	124 
Not Specified (including Confidential)	4 		C 	6 		144 			3239 	0 	0 	118 		395 	697 	0 			615 		2529 	0 	1 	1677 	415 	367 	10 	15708 	190 		160 	12 		18568 	532 	4861 	2696 	0 		0 	647 	1495 	1879 	2 	0 	2758 	1241 	2 	4553 	14213 	0 	8081 	5561 		21 	1323 	238 	416 	36 	14 	14785 	6 	275 	94431 	771 	107337 	375 	1 		85934 	7691 	33 	2409 	120328 	529797 
International Organizations	2 		C 	2609 		36 	145 	10820 	1764 	0 	392 	3653 	36 	101 	2838 	255 	945 	66 	198 	1568 	22 	105 	50 	455 	33675 	16098 	6 	2654 	945 	16 	30 	13 		9244 	28 		49555 	105631 	6508 	727 	0 				14979 		241 		161 	519 	77 	0 	8281 		0 	0 	335 	951 	64 	505 		129 		3941 	1431 	6387 		21 		59480 	25637 	69 	79 	258787 	633264 
World	17132 	393 	256563 	320767 	12142 	33485 	19999 	726168 	396069 	13599 	1576 	476238 	50055 	57974 	557156 	10291 	11180 	951 	39607 	26111 	233422 	1947 	3808 	180698 	2553365 	2149162 	2204 	122762 	170275 	8434 	8594 	949 	4311 	1759695 	33436 	35468 	956609 	2376606 	274676 	31530 	75113 	40113 	2920 	4435 	2163599 	16136 	14178 	131078 	13135 	1232036 	30581 	26081 	523336 	110 	5051 	4609 	10742 	176347 	1504 	24182 	369631 	5176 	64678 	586245 	322870 	909673 	13471 	1955 	29 	2426252 	4267865 	3184 	13314 	3643077 	31058111 