COUNTRY	Argentina	Aruba	Australia	Austria	Bahamas, The	Bahrain, Kingdom of	Barbados	Belgium	Bermuda	Brazil	Bulgaria	Canada	Cayman Islands	Chile	China, P.R.: Hong Kong	China, P.R.: Macao	Colombia	Costa Rica	Cyprus	Czech Republic	Denmark	Egypt	Estonia	Finland	France	Germany	Gibraltar	Greece	Guernsey	Hungary	Iceland	India	Indonesia	Ireland	Isle of Man	Israel	Italy	Japan	Jersey	Kazakhstan	Korea, Republic of	Kuwait	Lebanon	Luxembourg	Malaysia	Malta	Mauritius	Mexico	Netherlands	Netherlands Antilles	New Zealand	Norway	Pakistan	Panama	Philippines	Poland	Portugal	Romania	Russian Federation	Singapore	Slovak Republic	South Africa	Spain	Sweden	Switzerland	Thailand	Turkey	Ukraine	United Kingdom	United States	Uruguay	Venezuela, República Bolivariana de	SEFER + SSIO (**)	Value of Total Investment
Afghanistan, Islamic Republic of	0 	0 		0 	0 	0 		0 	0 		0 	0 		0 	0 		0 		0 		0 				0 	0 						0 		0 		0 		0 			0 		0 	1 		0 			0 	0 					0 	0 	0 		0 		0 	0 	0 		0 	0 			0 	0 	0 	0 		1 
Albania	0 	0 		0 	0 	0 		11 	0 		0 	0 		0 	0 		0 		0 		0 				0 	1 		11 				0 		15 		0 	30 	1 			0 		0 	48 		0 			1 	0 		5 			0 	0 	0 		0 		0 	0 	0 		0 	0 			0 	5 	0 	0 	C 	129 
Algeria	0 	0 		1 	0 	0 		0 	0 		0 	1 		0 	1 		0 		0 		0 				19 	0 			59 			0 		19 		0 		0 	6 		0 		0 	1 		0 	31 		10 	0 					0 	0 	0 		0 		0 	0 	0 		0 	0 			C 	C 	0 	0 		147 
American Samoa	0 	0 		0 	0 	0 		0 	0 		0 	0 		0 	0 		0 		0 		0 				0 	0 			0 			0 		0 		0 		0 			0 		0 	0 		0 			0 	0 					0 	0 	0 		0 		0 	0 	0 			0 			0 		0 	0 		0 
Andorra	0 	0 		0 	0 	0 		0 	0 		0 	0 		0 	0 		0 		0 		0 				0 	0 			2 			0 		0 		0 		2 			0 		0 	0 		0 			0 	0 					0 	0 	0 		0 		0 	0 	0 		0 	0 			0 	2 	0 	0 		7 
Angola	0 	0 		0 	0 	0 		0 	0 	0 	0 	0 		0 	0 		0 		0 		0 				0 	0 						0 		0 		0 		0 			0 		0 	0 		0 	0 		0 	0 					0 	0 	0 		0 		0 	0 	0 		0 	0 			C 	0 	0 	0 		0 
Anguilla	0 	0 		0 	0 	0 		0 	0 		0 	0 		0 	C 		0 		1 		0 				36 	0 			2 			0 		0 		0 	0 	0 			0 		0 	0 		0 	0 		0 	0 				1 	0 	0 	0 		0 		0 	0 	0 			0 			10 	2 	0 	0 		53 
Antigua and Barbuda	0 	0 		0 	0 	0 		0 	0 	4 	0 	0 		0 	C 		0 		0 		0 				0 	0 						0 		1 		0 	0 	0 			0 		0 	0 		0 			10 	0 					0 	0 	0 		0 		0 	0 	0 	0 		0 			6 	12 	0 	0 		33 
Argentina		0 	13 	147 	107 	0 	7 	136 	20 	72 	0 	108 	56 	37 	12 	4 	2 	4 	30 	0 	253 				329 	1174 		3 	137 	0 		0 		74 	0 	2 	11420 	1757 	27 		0 		2 	1355 	0 	0 	7 	261 	677 	42 		513 		7 	11 	0 	0 		0 	19 	0 	0 	140 	14 	337 	0 	0 		2472 	4827 	225 	1 		26842 
Armenia, Republic of	0 	0 		0 	0 	0 		0 	0 		0 	0 		0 	0 		0 		0 		0 				0 	0 						0 		5 		0 	0 	0 			0 		0 	0 		0 			0 	0 					0 	0 	0 		8 		0 	0 	0 		0 	0 			0 	0 	0 	0 	C 	13 
Aruba	0 			4 	0 	0 		0 	2 		0 	7 	10 	0 	23 	0 	0 		5 		0 				95 	7 			1 			0 		0 		0 	1 	0 			3 		0 	38 		0 			332 	98 					0 	0 	0 		0 		0 	0 	0 		8 	0 			347 	1114 	0 	69 		2164 
Australia	5 	0 		1538 	255 	196 	370 	2033 	2679 	1 	0 	6909 	98 	19 	31062 	699 	0 	2 	522 	61 	683 	3 	12 	563 	18743 	7457 	11 	132 	650 	24 	16 	0 	2 	13245 	93 	148 	3802 	41622 	5356 	31 	92 	2 	2 	24346 	147 	140 	129 	196 	9612 	5 	4533 	2899 		9 	27 	16 	288 		25 	14097 	1 	26 	4410 	3357 	7299 	219 	0 		53658 	103412 	2 	4 	C 	367994 
Austria	31 	0 	420 		25 	28 	84 	8398 	393 	296 	17 	650 	379 	31 	1275 	72 	2 		216 	1356 	992 	3 	50 	3398 	25210 	63564 	0 	1485 	2472 	94 	2 	0 		8396 	30 	63 	7571 	11816 	3523 	56 	6 	1 	16 	23618 	24 	309 			14867 	12 	7 	2976 			0 	216 	767 	9 	49 	686 	269 	1 	3240 	857 	24390 	0 	1 		16927 	15249 	74 	0 	C 	246966 
Azerbaijan, Republic of	0 	0 		0 	0 	0 		0 	0 		0 	0 		0 	0 		0 		0 		0 				0 	0 						0 		0 		0 	1 	0 					0 	0 		0 			0 	0 					0 	0 	0 		0 		0 	0 	0 		0 	0 	0 		0 	0 	0 	0 	C 	2 
Bahamas, The	0 	0 		20 		0 		26 	2674 	317 	0 	67 	178 	0 	799 	4 	0 		56 		90 	7 			1211 	53 			571 			0 		74 	9 	0 	396 	2725 	214 			8 	22 	667 		0 	5 		99 	133 		6 		139 	1 	0 	236 		31 		0 	2 	68 	19 	5012 	0 			1033 	2652 	0 	0 	C 	19625 
Bahrain, Kingdom of	0 	0 		0 	0 			0 	144 		0 	0 		0 	4 		0 		4 		0 	28 			0 	4 			3 			0 		0 	0 	0 	7 	0 	64 			1812 	1 	15 	17 	0 			15 	0 		6 			0 	0 	0 		0 		0 	0 	0 		1 	0 	8 		C 	C 	0 	0 		2132 
Bangladesh	0 	0 		0 	0 	0 		0 	0 		0 	0 		0 	92 		0 		0 		14 				0 	0 			3 			0 		0 		0 		0 					0 	0 		0 	3 		0 	0 					0 	0 	0 		0 		0 	0 	0 		0 	0 			C 	0 	0 	0 	C 	112 
Barbados	0 	0 		0 	22 	0 		3 	6 		0 	2 		0 	1 		0 		26 		0 				0 	0 			3 			0 		19 		0 	0 	20 	12 				0 	34 		0 			0 	0 					0 	0 	0 		0 		0 	0 	7 	6 	0 	0 			126 	256 	0 	0 	C 	542 
Belarus	0 	0 		0 	0 	0 		8 	0 		0 	0 		0 	0 		0 		0 		0 		0 	0 	0 	0 						0 		0 		0 		0 					0 	0 		0 			0 	0 					0 	0 	0 		52 		0 	0 	0 		0 	0 			0 	0 	0 	0 	C 	60 
Belgium	2 	0 	529 	4465 	4 	14 	270 		455 	76 	20 	1559 	42 	26 	794 	26 	6 		102 	50 	2136 	12 	65 	3114 	67702 	20406 	0 	65 	1225 	13 	8 	0 	3 	9878 	3 	1 	11141 	18867 	537 	76 	33 		1 	47099 	0 	114 	0 	0 	30379 	12 	22 	1884 	0 	0 	85 	96 	2835 		1 	627 	7 	6 	10312 	2049 	5935 	1 	0 		22547 	23973 	1 	1 	C 	291713 
Belize	0 	0 	C 	0 	0 	0 		0 	0 	59 	0 	0 	6 	0 	0 		0 	0 	0 		0 				1 	3 						0 		0 		0 	0 	0 					0 	15 		0 			0 	1 				0 	0 	0 	0 		0 		0 	0 	0 		21 	0 			C 	60 	0 	0 		166 
Benin	0 	0 		0 	0 	0 		0 	0 		0 	0 		0 	0 		0 		0 		1 				0 	0 						0 		0 		0 		0 					0 	0 		0 			0 	0 					0 	0 	0 		0 		0 	0 	0 		0 	0 			0 	0 	0 	0 	C 	1 
Bermuda	0 	0 	C 	832 	25 	1039 	15 	414 		26 	0 	3935 	210 	1 	47091 	221 	2 	0 	31 	36 	666 	8 	2 	164 	4955 	1628 		60 	3176 	1 	3 	0 		1472 	1412 	8 	4119 	9809 	270 	14 	257 	23 	6 	7625 	42 	0 	20 		3951 	37 		1009 		3 	0 	C 	26 		16 	3976 	1 	1137 	222 	664 	4383 	0 			5105 	164074 	31 	0 	C 	274253 
Bhutan	0 	0 		0 	0 	0 		0 	0 		0 	0 		0 	0 		0 		0 		0 				0 	0 						0 		0 		0 		0 					0 	0 		0 			0 	0 					0 	0 	0 		0 		0 	0 	0 		0 	0 			0 	0 	0 	0 	C 	0 
Bolivia	0 	0 		0 	0 	0 		0 	0 	4 	0 	0 		0 	C 		0 		0 		0 				0 	0 						0 		0 		0 		0 					0 	3 		0 			0 	0 					0 	0 	0 		0 		0 	0 	0 		0 	0 	1 		0 	0 	0 	0 		7 
Bonaire, Sint Eustatius and Saba																																																																										
Bosnia and Herzegovina	0 	0 		19 	0 	0 		0 	0 	0 	0 	0 		0 	0 		0 		0 		20 				0 	7 			9 			0 		1 		0 	61 	0 					0 	28 		0 			14 	0 					0 	0 	0 		0 		0 	0 	0 	1 	10 	0 			C 	149 	0 	0 	C 	320 
Botswana	0 	0 		0 	0 	0 		0 	0 		0 	0 		0 	0 		0 		0 		0 				7 	0 			21 			0 		0 		0 	0 	0 					0 	16 	0 	0 	4 		3 	0 					0 	0 	0 		0 		0 	33 	0 	1 	0 	0 			C 	7 	0 	0 		90 
Brazil	328 	0 	192 	669 	6080 	0 		271 	200 		0 	2465 	6718 	156 	80 	4 	13 	21 	-18 	1 	1248 	77 		4 	1444 	4834 		46 	472 	22 		0 	9 	1505 	2 	1 	5267 	2656 	158 		4 		11 	12764 	1 	0 	5 	4 	4266 	62 		352 		93 	12 	0 	1303 		0 	190 	17 	5 	5948 	141 	1338 	0 	41 		7604 	62999 	1162 	3 	C 	133252 
British Indian Ocean Territory	0 	0 		0 	0 	0 		0 	0 		0 	0 		0 	0 		0 		0 		0 				0 	0 						0 		0 		0 		0 					0 	0 		0 			0 	0 					0 	0 	0 		0 		0 	0 	0 			0 			C 	0 	0 	0 		0 
Brunei Darussalam	0 	0 		0 	0 	0 		0 	0 	0 	0 	0 		0 	21 		0 		0 		0 				0 	0 			10 			0 		0 		0 		0 					0 	0 		0 			0 	0 					0 	0 	0 		0 		0 	0 	0 		0 	0 			0 	0 	0 	0 		31 
Bulgaria	0 	0 	2 	247 	0 	0 		1 	6 			2 		0 	C 	2 	0 		66 	3 	149 		10 		95 	676 		402 	38 			0 		29 		0 	131 	36 	21 				0 	454 		0 			180 	0 		0 			0 	0 	0 		3 		1 	0 	16 	10 	8 	0 			426 	1173 	0 	0 	C 	4184 
Burkina Faso	0 	0 		0 	0 	0 		0 	0 		0 	0 		0 	0 		0 		0 		0 				0 	0 						0 		0 		0 		0 					0 	0 		0 			0 	0 					0 	0 	0 		0 		0 	0 	0 		4 	0 			0 	0 	0 	0 	C 	4 
Burundi	0 	0 		0 	0 	0 		1 	0 		0 	0 		0 	0 		0 		0 		0 				0 	0 						0 		0 		0 	0 	0 					0 	2 		0 			0 	0 					0 	0 	0 		0 		0 	0 	0 		0 	0 			0 	0 	0 	0 		3 
Cambodia	0 	0 		0 	0 	0 		0 	0 		0 	0 		0 	C 		0 		0 		0 				0 	0 						0 	0 	0 		0 		0 					0 	2 		0 			0 	0 					0 	0 	0 		0 		0 	0 	0 		0 	0 			0 	0 	0 	0 		2 
Cameroon	0 	0 		0 	0 	0 		6 	0 		0 	0 		0 	0 		0 		0 		0 				11 	0 						0 		0 		0 	0 	0 					0 	24 		0 	72 		0 	0 					0 	0 	0 		0 		0 	0 	0 		2 	0 			C 	0 	0 	0 		115 
Canada	9 	0 	3385 	1771 	319 	25 	126 	1840 	2741 	11 	0 		637 	39 	8335 	102 	12 	0 	409 	91 	1537 	17 	3 	263 	12459 	8623 	15 	27 	1006 	3 	60 	0 	2 	15694 	51 	49 	2736 	34679 	2011 	84 	59 	2 	11 	24982 	12 	41 	0 		7045 	75 	297 	5274 		4 	8 	58 	102 		0 	2683 	5 	40 	1638 	2193 	8856 	0 	5 		14858 	344669 	60 	0 	C 	512148 
Cabo Verde	0 	0 		0 	0 	0 		0 	0 	0 	0 	0 		0 	0 		0 		0 		0 				0 	0 						0 		0 		0 	0 	0 					0 	0 		0 			0 	0 					0 	0 	0 		0 		0 	0 	0 		0 	0 			0 	0 	0 	0 	C 	0 
Cayman Islands	0 	0 	C 	8935 	156 	5231 	11 	3665 	19352 	593 	0 	7211 		115 	47355 	486 	53 	11 	64 	548 	1345 	3 	2 	1808 	49901 	22307 		1553 	12003 	0 	12 	0 	79 	13049 	1777 	124 	21325 	268262 	19783 	14 	2668 	559 	6 	43248 	13 	212 	427 	341 	13349 	9070 		2015 		125 	18 	112 	14719 		1 	4047 	50 	43 	29091 	1654 	26687 	13 	23 		83303 	195677 	16 	2 	C 	934620 
Central African Republic	0 	0 		0 	0 	0 		0 	0 		0 	0 		0 	0 		0 		0 		0 				0 	0 						0 		0 		0 		0 	6 				0 	0 		0 			0 	0 					0 	0 	0 		0 		0 	0 	0 		0 	0 			0 	0 	0 	0 		6 
Chad	0 	0 		0 	0 	0 		0 	0 		0 	0 		0 	0 		0 		0 		0 				0 	0 						0 		0 		0 		0 					0 	0 		0 			0 	0 					0 	0 	0 		0 		0 	0 	0 		0 	0 			0 	0 	0 	0 		0 
Chile	28 	0 	C 	61 	44 	0 	41 	22 	104 	2 	0 	52 	163 		117 	0 	1 	1 	14 		87 	0 	3 		100 	259 			548 			0 		99 		0 	131 	216 	62 		3 		0 	720 		0 	73 		327 	0 		35 		59 	0 	0 	0 		0 		0 	0 	163 	24 	31 	0 			772 	11598 	2 	2 	C 	15964 
China, P.R.: Hong Kong	0 	0 	1749 	158 	1 	2 	1 	209 	348 	0 	0 	3174 	1 	1 		1967 	0 		1 	0 	860 	2 	0 	347 	4513 	1242 	2 	3 	608 	2 	97 	1 	56 	3853 	57 	45 	951 	9660 	319 	10 	282 	10 	1 	9512 	157 	0 	2440 		4325 	5 	42 	585 			57 	0 	0 		0 	8744 	0 	8 	33 	1168 	965 	48 			29090 	37350 	0 	0 	C 	125062 
China, P.R.: Macao	0 	0 		0 	0 	0 		0 	0 		0 	0 		0 	125 		0 		0 		0 				0 	0 						0 		0 		0 		0 					0 	2 		0 			0 	0 					0 	0 	0 		0 		0 	0 	0 		0 	0 			0 	0 	0 	0 		127 
China, P.R.: Mainland	1 	0 	C 	105 	0 	0 		84 	7 	0 	0 	602 	0 	1 	28128 	334 	0 	0 	63 	3 	374 	0 		195 	1785 	745 		1 	89 	1 	2 	0 	0 	805 	29 	14 	519 	4723 	120 		122 		0 	3824 	6 	0 	1111 		1137 	0 		162 		0 	2 	C 	0 		0 	3454 	0 	2 	32 	153 	275 	11 	0 		6383 	12723 	0 	0 	C 	68130 
Christmas Island	0 	0 		0 	0 	0 		0 	0 		0 	0 		0 	0 		0 		0 		0 				0 	0 						0 		0 		0 		0 			25 		0 	0 		0 			0 	0 					0 	0 	0 		0 		0 	0 	0 			0 			0 	0 	0 	0 		25 
Cocos (Keeling) Islands	0 	0 		0 	0 	0 		36 	0 		0 	0 		0 	0 		0 		0 		0 				0 	0 						0 		0 		0 		0 					0 	0 		0 			0 	0 					0 	0 	0 		0 		0 	0 	0 			0 			0 	0 	0 	0 		36 
Colombia	4 	0 	C 	71 	55 	0 	16 	4 	25 	8 	0 	25 	83 	25 	0 			5 	0 	0 	357 			4 	124 	347 		1 	109 			0 		74 		0 	405 	253 	23 				0 	627 		0 		0 	372 	0 		1 		452 	1 	0 	0 		0 		18 	0 	89 	0 	56 	0 	2 		670 	4455 	2 	0 		8764 
Comoros	0 	0 		0 	0 	0 		0 	0 		0 	0 		0 	0 		0 		0 		0 				0 	0 						0 		0 		0 		0 					0 	0 		0 	0 		0 	0 					0 	0 	0 		0 		0 	0 	0 		0 	0 			0 	0 	0 	0 		0 
Congo, Democratic Republic of	0 	0 		0 	0 	0 		2 	0 		0 	0 		0 	0 		0 		0 		0 				4 	0 						0 		0 		0 		0 					0 	0 		0 			0 	0 					0 	0 	0 		0 		0 	0 	0 		0 	0 			C 	0 	0 	0 		5 
Congo, Republic of	0 	0 		0 	0 	0 		0 	0 		0 	0 		0 	0 		0 		0 		0 				0 	0 						0 		0 		0 		0 					0 	0 		0 			0 	0 					0 	0 	0 		0 		0 	0 	0 		0 	0 			0 	0 	0 	0 		0 
Cook Islands	0 	0 		0 	0 	0 		0 	0 		0 	0 		0 	0 		0 		0 		0 				0 	0 						0 		0 	25 	0 		0 					0 	0 		0 			0 	0 					0 	0 	0 		0 		0 	0 	0 			0 			0 	0 	0 	0 		26 
Costa Rica	1 	0 		8 	34 	0 		0 	1 	5 	0 	0 	1 	0 	3 		0 		0 		5 				2 	15 						0 		0 		0 	0 	2 	6 				0 	13 		0 			0 	0 		7 		574 	1 	0 	0 		0 		0 	0 	0 		2 	0 			C 	260 	0 	0 		942 
Cote d'Ivoire	0 	0 		1 	0 	0 		7 	0 		0 	2 		0 	20 		0 		22 	0 	29 				51 	10 						0 		53 		0 	4 	0 	8 				0 	40 		0 	5 		10 	0 					0 	0 	0 		0 		0 	0 	0 		356 	0 			C 	98 	0 	0 	C 	714 
Croatia	0 	0 	C 	1214 	0 	17 		31 	24 		82 	17 		0 	13 		0 		31 	17 	62 		68 		268 	1722 		68 	14 	34 		0 		112 	0 	0 	263 	385 	27 		1 		0 	2076 		29 			685 	0 		143 			0 	C 	0 		0 		2 	0 	9 	79 	58 	0 			713 	716 	0 	0 	C 	8978 
Cuba	0 	0 		0 	0 	0 		0 	0 	0 	0 	0 		0 	0 		0 		0 	9 	0 				0 	0 						0 		0 		0 		0 					0 	1 		0 			0 	0 					0 	0 	0 		0 		0 	0 	0 		0 	0 			10 	1 	0 	0 		21 
Curacao																																																																										
Curacao & St. Maarten																																																																										
Cyprus	0 	0 		1037 	0 	0 		178 	0 		0 	0 	2 	0 	13 	1 	0 			5 	0 		3 		588 	1414 		681 	132 	3 	3 	0 		99 		4 	148 	3 	25 		1 		0 	522 		26 			219 	0 		21 			3 	0 	0 		53 		0 	0 	40 		131 	0 			635 	103 	0 	0 	C 	6093 
Czech Republic	0 	0 	C 	1162 	0 	0 		539 	1 	0 	0 	88 		0 	2 		0 		107 		170 		17 	15 	373 	2079 		23 	37 	36 		0 		895 		0 	192 	34 	104 		2 		0 	3099 		0 			270 	0 		63 			0 	C 	73 		0 	3 	154 	0 	70 	153 	63 	0 			1338 	1876 	0 	0 	C 	13036 
Denmark	0 	0 	629 	5211 	13 	0 	55 	4727 	302 	1 	4 	1446 		3 	636 	34 	0 	0 	70 	19 		4 	54 	3629 	9396 	12706 		68 	608 	1 	38 	0 		6067 	439 	31 	1942 	9544 	616 	41 	2 		3 	12323 	0 	15 	6 		5379 	16 	25 	7227 		1 	0 	98 	205 		0 	759 	3 	2 	1931 	6628 	4047 	0 	0 		22600 	23882 	5 	1 	C 	143492 
Djibouti	0 	0 		0 	0 	0 		0 	6 		0 	0 		0 	0 		0 		0 		0 				0 	0 						0 		0 		0 		0 					0 	0 		0 			0 	0 					0 	0 	0 		0 		0 	0 	0 		0 	0 			0 	0 	0 	0 		6 
Dominica	0 	0 	C 	0 	0 	0 			0 		0 	0 		0 	0 		0 		0 		0 				0 	0 						0 		0 		0 		0 					0 	0 		0 			0 	0 		0 			0 	0 	0 		0 		0 	0 	0 		0 	0 			0 	0 	0 	0 	C 	0 
Dominican Republic	0 	0 		15 	0 	0 		0 	0 	0 	0 	19 		2 	0 		0 	2 	0 		26 				47 	18 			8 			0 		8 		0 	16 	1 	6 				1 	52 		0 			26 	0 				4 	0 	0 	0 		0 		0 	0 	0 		4 	0 			57 	503 	0 	0 		815 
Ecuador	0 	0 	C 	33 	13 	0 		0 	16 	0 	0 	9 		0 	4 		0 	10 	0 		152 				8 	63 		1 	38 	3 		0 		54 		0 	136 	30 					1 	228 		0 			195 	0 		0 		12 	1 	0 	0 		1 		0 	0 	28 		23 	0 	0 		127 	1115 	4 	0 		2308 
Egypt	0 	0 	C 	1 	0 	1 		0 	0 	0 	0 	16 		0 	8 		0 		1 	0 	23 				52 	14 		44 	121 			0 		67 	5 	0 	31 	2 	97 		2 	84 	2 	339 		0 	28 		46 	4 		25 			0 	0 	0 		0 		0 	0 	0 	1 	9 	0 			271 	1152 	0 	0 	C 	2447 
El Salvador	0 	0 		10 	1 	0 		0 	0 		0 	5 		0 	C 		0 	7 	0 		14 				14 	35 						0 		10 		0 	15 	14 	6 		0 		0 	55 		0 	3 		22 	0 				67 	0 	0 	0 		0 		0 	0 	0 		2 	0 			67 	674 	0 	0 		1022 
Equatorial Guinea	0 	0 		0 	0 	0 		0 	0 		0 	0 		0 	0 		0 		0 		0 				0 	0 						0 		4 		0 		0 					0 	0 		0 			0 	0 					0 	0 	0 		0 		0 	0 	0 		0 	0 			0 	0 	0 	0 		4 
Eritrea	0 	0 		0 	0 	0 		0 	0 		0 	0 		0 	0 		0 		0 		0 				0 	0 						0 		0 		0 		0 					0 	0 		0 			0 	0 					0 	0 	0 		0 		0 	0 	0 		0 	0 			0 	0 	0 	0 		0 
Estonia	0 	0 	C 	262 	0 	0 		42 	12 	0 	0 	5 		0 	0 		0 		35 	10 	42 			285 	30 	543 		3 	23 	0 		0 		155 	1 	0 	45 	31 					0 	740 		0 			121 	0 		45 			0 	C 	0 		0 		0 	0 	50 	420 	10 	0 			308 	343 	0 	0 	C 	3563 
Ethiopia	0 	0 		0 	0 	0 		0 	0 		0 	0 		0 	0 		0 		0 		0 				0 	0 						0 		0 		0 	0 	0 					0 	0 		0 			0 	0 					0 	0 	0 		0 		0 	0 	0 		0 	0 			0 	0 	0 	0 		0 
Falkland Islands	0 	0 		0 	0 	0 		0 	0 		0 	0 		0 	0 		0 		0 		0 				0 	4 						0 		0 		0 	0 	0 					0 	0 		0 			0 	0 					0 	0 	0 		0 		0 	0 	0 		1 	0 			0 	0 	0 	0 		5 
Faroe Islands	0 	0 		0 	0 	0 		0 	0 		0 	0 		0 	0 		0 		0 		412 				0 	25 						0 		0 		0 		0 					0 	16 		0 			0 	0 		0 			0 	0 	0 		0 		0 	0 	0 		0 	0 			C 	0 	0 	0 		453 
Fiji	0 	0 		0 	0 	0 		0 	0 		0 	0 		0 	0 		0 		0 		0 				0 	0 						0 		18 		0 		0 					0 	0 		0 			0 	0 					0 	0 	0 		0 		0 	0 	0 		0 	0 			C 	0 	0 	0 		18 
Finland	25 	0 	454 	2839 	0 	0 	2 	5443 	251 	6 	3 	1745 	0 	10 	795 	30 	1 	0 	118 	7 	3091 	2 	192 		21258 	24037 	8 	98 	637 	2 	85 	0 		6170 	296 	3 	5055 	6921 	334 	35 	6 	2 	6 	17058 	10 	13 	4 	1 	8273 	5 	22 	2645 		1 	0 	4 	412 		0 	850 	97 	95 	3538 	11604 	5984 	0 	0 		21340 	38896 	2 	0 	6284 	197106 
France	33 	0 	6266 	18689 	152 	552 	902 	74930 	4299 	330 	53 	13752 	336 	211 	7788 	194 	1 	1 	449 	1072 	11828 	77 	157 	18927 		155680 	30 	2453 	9616 	50 	197 	0 		76527 	185 	523 	86590 	124121 	9039 	494 	924 	240 	395 	139644 	266 	326 	29 	4 	110276 	30 	236 	16735 	6 	34 	17 	288 	14756 	6 	17 	6988 	128 	259 	65397 	15477 	55324 	10 	7 		149628 	212505 	3 	0 	154493 	1570955 
French Southern Territories	0 	0 		0 	0 	0 		0 	0 		0 	0 		0 	0 		0 		0 		0 				0 	0 						0 		0 		0 		0 					0 	0 		0 			0 	0 					0 	0 	0 		0 		0 	0 	0 			0 			0 	0 	0 	0 		0 
French Territories: French Polynesia	0 	0 		3 	0 	0 		0 	0 		0 	0 		0 	C 		0 		0 		0 				25 	0 						0 		0 		0 		0 					0 	0 		0 			0 	0 					0 	0 	0 		0 		0 	0 	0 		0 	0 			0 	0 	0 	0 		28 
French Territories: New Caledonia	0 	0 		0 	0 	0 		0 	0 		0 	0 		0 	0 		0 		0 		0 				0 	0 						0 		0 		0 		0 					0 	0 		0 			0 	0 					0 	0 	0 		0 		0 	0 	0 		0 	0 			0 	0 	0 	0 		0 
Gabon	0 	0 		0 	0 	0 		1 	0 		0 	0 		0 	0 		0 		0 		0 				179 	0 						0 		0 	0 	0 	0 	0 					0 	2 		0 			0 	0 					0 	0 	0 		0 		0 	0 	1 	3 	5 	0 			C 	C 	0 	0 		190 
Gambia, The	0 	0 		0 	0 	0 		0 	0 		0 	0 		0 	1 		0 		0 		0 				0 	0 						0 		0 		0 		0 					0 	0 		0 			0 	0 					0 	0 	0 		0 		0 	0 	0 		0 	0 			0 	0 	0 	0 		1 
Georgia	0 	0 		0 	0 	0 		4 	0 		0 	0 		0 	0 	0 	0 		22 		0 				0 	0 			1 			0 		0 	0 	0 		0 					0 	216 		0 			0 	0 					0 	0 	0 		3 		0 	0 	0 		0 	0 			0 	0 	0 	0 	C 	247 
Germany	230 	0 	6793 	71275 	142 	502 	621 	50431 	11910 	111 	62 	9620 	728 	631 	11171 	365 	54 	1 	800 	2173 	34651 	153 	322 	19443 	201799 		86 	6113 	12071 	163 	146 	2 	2 	90281 	346 	326 	118616 	157632 	16898 	587 	279 	238 	237 	230414 	167 	606 	1 	15 	193573 	58 	362 	37566 		35 	224 	660 	17455 	571 	835 	9088 	407 	161 	63715 	24426 	94699 	10 	104 		153187 	197487 	4 	0 	C 	1853842 
Ghana	0 	0 		0 	0 	0 		0 	0 		0 	0 		0 	0 		0 		0 		0 				0 	0 			6 			0 		0 	17 	0 	0 	0 					0 	14 		0 	6 		0 	0 		3 			0 	0 	0 		0 		0 	0 	0 		0 	0 			0 	4 	0 	0 		50 
Gibraltar	0 	0 		89 	0 	0 		82 	0 	0 	0 	0 		0 	C 		0 		0 		0 				8 	264 			116 			0 		25 		0 	361 	0 					0 	374 		0 			0 	0 		1 			0 	C 	373 		0 		0 	0 	167 	0 	166 	0 			1633 	64 	0 	0 		3721 
Greece	0 	0 	241 	7893 	0 	0 		17094 	119 	0 	7 	410 		0 	163 	4 	0 		300 	602 	1165 	1 	5 	1596 	38616 	31371 			619 	0 		0 		8468 	28 	0 	13991 	4832 	139 	24 	1 	0 	0 	18666 	0 	150 	1 		16829 	5 	15 	2771 			2 	C 	1071 		0 	177 	6 	8 	3167 	1322 	1777 	0 			17555 	8290 	24 	0 	C 	199528 
Greenland	0 	0 		0 	0 	0 		0 	0 		0 	0 		0 	0 		0 		0 		58 				0 	0 						0 		0 		0 		0 					0 	0 		0 			10 	0 					0 	0 	0 		0 		0 	0 	0 		0 	0 			0 	0 	0 	0 		68 
Grenada	0 	0 		0 	4 	0 		0 	0 	0 	0 	0 		0 	0 		0 		0 		0 				0 	0 						0 		0 	1 	0 		0 					0 	3 		0 			0 	0 					0 	0 	0 		0 		0 	0 	0 		1 	0 			C 	2 	0 	0 	C 	11 
Guadeloupe	0 	0 		0 	0 	0 		0 	0 		0 	0 		0 	0 		0 		0 		0 				0 	0 						0 		0 		0 		0 					0 	0 		0 			0 	0 					0 	0 	0 		0 		0 	0 	0 			0 			0 	0 	0 	0 		0 
Guam	0 	0 		0 	0 	0 		1 	0 	0 	0 	0 		0 	C 		0 		0 		0 				0 	0 						0 		0 		0 		0 					0 	0 		0 			0 	0 					0 	0 	0 		0 		0 	0 	0 			0 			0 		0 	0 		1 
Guatemala	0 	0 		5 	35 	0 		0 	0 	0 	0 	1 		0 	0 		0 	4 	0 		7 				0 	16 						0 		7 		0 	3 	1 					0 	52 		0 			3 	0 				158 	0 	0 	0 		0 		0 	0 	0 		0 	0 			C 	173 	0 	0 		467 
Guernsey	0 	0 		654 	0 	1 		383 	16 	11 	0 	171 	86 	0 	353 	27 	0 		0 		131 			201 	2179 	5699 		83 		0 		0 		221 	579 	0 	934 	0 	46 		8 	184 	0 	3694 		0 	3 		1178 	156 				0 	0 	0 	93 		0 		1 	479 	63 		8825 	0 			2453 	5941 	4 	0 	C 	34856 
Guiana, French	0 	0 		0 	0 	0 		0 	0 		0 	0 		0 	0 		0 		0 		0 				0 	0 						0 		0 		0 	0 	0 	2 				0 	0 		0 			0 	0 					0 	0 	0 		0 		0 	0 	0 			0 			0 	0 	0 	0 	C 	2 
Guinea	0 	0 		0 	0 	0 		0 	0 		0 	0 		0 	0 		0 		0 		0 				0 	0 						0 		0 		0 		0 					0 	0 		0 	0 		0 	0 					0 	0 	0 		0 		0 	0 	0 		2 	0 			0 	0 	0 	0 		2 
Guinea-Bissau	0 	0 		0 	0 	0 		0 	0 		0 	0 		0 	0 		0 		0 		0 				0 	0 						0 		0 		0 		0 					0 	0 		0 			0 	0 					0 	0 	0 		0 		0 	0 	0 		0 	0 			0 	0 	0 	0 		0 
Guyana	0 	0 		0 	0 	0 	3 	0 	0 		0 	0 		0 	0 		0 		0 		0 				1 	0 						0 		0 		0 		0 					0 	0 		0 			0 	0 					0 	0 	0 		0 		0 	0 	0 		0 	0 			1 	0 	0 	0 		5 
Haiti	0 	0 		0 	0 	0 		0 	0 		0 	0 		0 	0 		0 		0 		0 				0 	0 						0 		0 		0 		0 					0 	0 		0 			0 	0 					0 	0 	0 		0 		0 	0 	0 		0 	0 			C 	0 	0 	0 		0 
Honduras	0 	0 		0 	1 	0 		0 	0 		0 	0 		0 	1 		0 		0 		0 				0 	0 						0 		0 		0 		0 					0 	8 		0 			0 	0 				88 	0 	0 	0 		0 		0 	0 	0 		0 	0 			0 	43 	0 	0 		140 
Hungary	0 	0 	C 	3826 	0 	0 		1037 	26 	0 	13 	120 		28 	53 		0 		101 	255 	531 		56 		1891 	9269 		90 	111 			0 		1490 	1 	0 	463 	1174 	33 		43 		0 	10454 	0 	0 			1417 	5 		277 			0 	251 	145 		24 	10 	516 	3 	214 	324 	317 	0 			5111 	5104 	0 	0 	C 	44783 
Iceland	0 	0 	C 	825 	0 	0 		350 	62 		0 	35 		0 	189 	15 	0 		65 	157 	139 		7 	433 	2284 	3815 		71 	94 			0 		1265 	0 	0 	756 	550 	6 		18 		0 	3258 		0 			109 	10 		372 			0 	0 	197 		0 		0 	0 	547 	508 	226 	0 			2327 	243 	0 	0 	C 	18936 
India	0 	0 	C 	33 	0 	74 		72 	10 	0 	0 	736 		0 	1738 	1 	0 		26 	1 	547 	1 		234 	1166 	304 			30 				23 	473 	19 	0 	222 	382 	185 		29 		0 	6570 	5 	0 	22974 		802 	2 		5 			3 	C 	0 		0 	3179 	1 	0 	2222 	19 	151 	2 			6064 	23525 	0 	0 	C 	71828 
Indonesia	0 	0 	C 	34 	0 	0 		16 	599 		0 	255 		0 	578 	0 	0 		15 		148 	0 			320 	189 			273 			0 		281 	1 	0 	139 	191 	91 		28 		0 	2241 	9 	0 	5610 		700 	6 		16 			3 	0 	0 		0 	3153 	0 	1 	17 	48 	195 	147 			2156 	6987 	0 	0 	C 	24448 
Iran, Islamic Republic of	0 	0 		12 	0 	130 		0 	0 		0 	0 		2 	39 		0 		0 	3 	5 				11 	48 						0 		0 	0 	0 	7 	0 	10 				0 	0 		0 			0 	0 					0 	0 	0 		2 		0 	0 	0 	78 	17 	0 			888 	C 	0 	0 		1250 
Iraq	0 	0 	C 	0 	0 	0 		0 	0 		0 	0 		0 	0 		0 		0 		0 				0 	0 						0 		0 		0 		0 				0 	0 	0 		0 			0 	0 					0 	0 	0 		0 		0 	0 	0 		0 	0 			C 	C 	0 	0 		1 
Ireland	0 	0 	571 	8666 	55 	16 	14 	12754 	5708 	16 	0 	3028 	757 	1694 	4238 	191 	130 	3 	252 	923 	2900 	17 	53 	5194 	58213 	71396 	5 	290 	5820 	79 	290 	0 			1853 	68 	42024 	36507 	8616 	13 	509 	12 	35 	33161 	93 	98 	63 	5 	17726 	70 		3219 		4 	21 	137 	14970 		763 	2342 	97 	3457 	15630 	3616 	12211 	11 	1 		80032 	55264 	0 	0 	C 	515902 
Isle of Man	0 	0 		3 	0 	0 		0 	0 	0 	0 	0 		0 	0 	0 	0 		0 		9 				0 	7 			45 			0 		14 		0 	14 	0 	8 				0 	71 	37 	0 	1 		0 	0 					0 	0 	0 		0 		0 	255 	0 		14 	0 			1646 	15 	0 	0 		2137 
Israel	0 	0 	C 	196 	0 	0 		66 	17 	10 	0 	557 		0 	14 	0 	0 		0 	0 	179 	0 		28 	393 	365 		1 	72 	5 	5 	0 		411 	0 		267 	1051 	17 				0 	1267 		0 	1 		662 	2 		58 		2 	0 	0 	0 		0 	68 	0 	3 	28 	33 	293 	55 	0 		2874 	34315 	2 	0 	C 	43319 
Italy	17 	0 	2222 	16405 	0 	0 	4 	76528 	914 	19 	199 	5072 	200 	15 	1675 	23 	13 	0 	508 	729 	7736 	40 	41 	6700 	233574 	153198 	8 	624 	6397 	17 	21 	0 	2 	87097 	52 	25 		66069 	1779 	158 	84 	176 	36 	130302 	35 	401 	12 	1 	76496 	52 	51 	10631 		2 	366 	65 	5143 	4 	16 	2264 	77 	70 	68613 	5538 	10873 	121 	1 		117532 	77710 	40 	7 	C 	1174798 
Jamaica	0 	0 		34 	0 	0 		46 	0 		0 	0 		0 	1 		0 	1 	0 		40 				20 	221 						0 		0 		0 	12 	2 	8 				0 	48 		0 			1 	3 					0 	0 	0 		0 		0 	0 	0 		29 	0 			39 	204 	0 	0 	C 	707 
Japan	14 	7 	11570 	2226 	4 	140 	87 	2488 	7799 	3 	0 	24144 	22 	15 	9960 	60 	0 		118 	6 	5293 	138 	1 	1609 	47279 	34462 	7 	72 	2085 	4 	193 	4 	0 	33452 	146 	65 	13519 		2909 	303 	1020 	10 	7 	74712 	53 	55 	509 		34153 	23 	1876 	15299 		0 	12 	2 	165 		4 	13122 	3 	270 	2015 	11433 	14878 	50 			128637 	369806 	0 	0 	C 	868318 
Jersey	0 	0 	C 	4243 	0 	0 	0 	3451 	2243 		0 	184 		0 	174 	10 	11 		41 	103 	673 			357 	6185 	15198 	0 	847 	787 	6 		0 		5849 	377 	0 	5921 	0 			196 	44 	4 	6941 	26 	42 	27 		5352 	0 					0 	295 	5609 		0 	22 	0 	2523 	255 		35435 	0 			37922 	12352 	0 	0 	C 	153706 
Jordan	0 	0 		0 	0 	11 		0 	0 		0 	0 		0 	2 		0 		24 		0 	37 			0 	0 						0 		11 		0 		0 				8 	3 	10 	1 	0 			8 	0 					0 	0 	0 		0 		0 	0 	0 		1 	0 			C 	41 	0 	0 		158 
Kazakhstan	0 	0 		45 	0 	16 		1 	0 		0 	2 		0 	7 		0 		27 	1 	33 		2 		90 	86 		7 	5 			0 		5 		0 	7 	2 	17 		6 		0 	161 		0 			15 	0 					1 	0 	0 		5 		0 	0 	1 		7 	0 	0 		353 	346 	0 	0 	C 	1250 
Kenya	0 	0 		0 	0 	0 		0 	0 		0 	0 		0 	3 		0 		0 		0 				0 	0 			34 			1 		10 		0 	1 	0 	42 				0 	79 		0 	5 		0 	0 		0 			0 	0 	0 		0 		0 	0 	0 		0 	0 			14 	17 	0 	0 		207 
Kiribati	0 	0 		0 	0 	0 		0 	0 		0 	0 		0 	0 		0 		0 		0 				0 	0 						0 		0 		0 		0 			5 		0 	0 		0 			0 	0 					0 	0 	0 		0 		0 	0 	0 		0 	0 			0 	0 	0 	0 		5 
Korea, Democratic People's Rep. of	0 	0 	C 		0 	0 			0 		0 				0 		0 		0 		0 					0 								0 		0 		0 					0 	0 					0 						0 	0 	0 		0 		0 	0 	0 			0 				0 	0 	0 	C 	0 
Korea, Republic of	4 	0 	1105 	311 	0 	56 		227 	2872 	0 	0 	3290 	0 	1 	11058 	101 	0 		62 	0 	1070 	1 		413 	3233 	2257 		1 	449 	11 	21 	0 	2 	3941 	20 	1 	1362 	6216 	633 				10 	13471 	82 	0 	118 		5045 	0 	107 	885 		4 	52 	0 	0 		0 	10874 	1 	5 	163 	998 	1532 	37 			24880 	73613 	0 	0 	C 	170597 
Kosovo, Republic of																																																																										
Kuwait	0 	0 		19 	0 	385 		5 	0 		0 	0 		0 	24 		0 		10 		0 	7 			65 	30 		3 	1 			0 		0 		0 		0 			5 		0 	46 		0 			0 	0 		1 	0 		0 	0 	0 		0 	0 	0 	0 	0 		0 	0 			823 	C 	0 	0 		1424 
Kyrgyz Republic	0 	0 		0 	0 	0 	25 	0 	0 	0 	0 	0 		0 	0 		0 		0 		0 				0 	0 						0 		0 		0 		0 		0 			0 	0 		0 			0 	0 					0 	0 	0 		4 		0 	0 	0 		0 	0 			0 	11 	0 	0 	C 	40 
Lao People's Democratic Republic	0 	0 		0 	0 	0 		0 	0 		0 	0 		0 	0 		0 		0 		0 				0 	0 						0 		0 		0 		0 					0 	0 		0 			0 	0 					0 	0 	0 		0 		0 	0 	0 		0 	0 			C 	0 	0 	0 		0 
Latvia	0 	0 		87 	0 	0 		13 	0 		3 	0 		0 	C 		0 		18 		0 		68 	42 	5 	546 		4 	3 			0 		11 		0 	3 	0 					0 	166 		0 			20 	0 		9 			0 	C 	0 		0 		1 	0 	0 	39 	1 	0 			33 	8 	0 	0 	C 	1079 
Lebanon	0 	0 		0 	0 	26 		7 	0 	5 	0 	0 		0 	6 		0 		277 		0 	3 			14 	7 						0 		3 		0 	18 	5 	50 			46 		38 	0 	0 			15 	0 					0 	0 	0 		0 		0 	0 	0 		8 	0 			701 	223 	0 	0 		1454 
Lesotho	0 	0 		0 	0 	0 		0 	0 		0 	0 		0 	0 		0 		0 		0 				0 	0 						0 		0 		0 		0 					0 	0 		0 			0 	0 					0 	0 	0 		0 		0 	0 	0 		0 	0 			0 	26 	0 	0 		26 
Liberia	0 	0 		3 	0 	0 		1 	20 	0 	0 	49 		0 	3 		0 		0 		13 				38 	30 			1 			0 		16 		0 	74 	9 	4 	3 		3 	0 	149 		0 			8 	0 		683 			0 	0 	0 		0 		0 	0 	0 	-3 	7 	0 			60 	7829 	0 	0 	C 	9000 
Libya	0 	0 		0 	0 	0 		0 	0 		0 	0 		0 	0 		0 		0 		0 				0 	0 						0 		0 		0 	0 	0 					0 	0 		0 			0 	0 		1 			0 	0 	0 		0 		0 	0 	0 		0 	0 			12 	C 	0 	0 		13 
Liechtenstein	0 	0 		35 	0 	0 		1 	0 	0 	0 	0 		0 	C 	0 	0 		0 	0 	0 				7 	309 			11 			0 		5 		0 	294 	3 					0 	56 		0 			1 	0 		0 			0 	0 	0 		0 		0 	0 	0 	0 		0 			C 	35 	0 	0 		759 
Lithuania	0 	0 		266 	0 	0 		16 	0 		0 	0 		0 	C 		0 		22 		22 		94 	226 	66 	1161 		12 	7 	7 		0 		11 		0 	18 	12 					0 	475 		0 			196 	0 		17 			0 	C 	0 		0 		0 	0 	2 	96 	21 	0 			C 	5 	0 	0 	C 	2752 
Luxembourg	880 	0 	276 	13236 	0 	259 	328 	86537 	4560 	170 	27 	991 	450 	8324 	13715 	149 	160 		308 	1703 	3857 	1 	134 	7689 	68021 	225009 		4736 	2313 	274 	1853 	0 	4 	22972 	2060 	611 	214950 	71863 	12487 	5 	4249 	7 	74 		14 	230 	54 	452 	27546 	24 	5 	5865 		17 	26 	333 	7231 	10 	733 	3710 	332 	1697 	36227 	38076 	120514 	0 	20 		54272 	38050 	13 	0 	C 	1110692 
Macedonia, FYR	0 	0 		1 	0 	0 		0 	0 		0 	0 		0 	0 		0 		0 		15 				1 	1 			8 			0 		3 		0 	1 	0 					0 	19 		0 			5 	0 					0 	0 	0 		0 		0 	0 	0 		0 	0 			23 	40 	0 	0 	C 	119 
Madagascar	0 	0 		0 	0 	0 		0 	0 		0 	0 		0 	1 		0 		0 		0 				0 	0 						0 		0 		0 		0 					0 	0 		0 	69 		0 	0 					0 	0 	0 		0 		0 	0 	0 		0 	0 			C 	0 	0 	0 		70 
Malawi	0 	0 		0 	0 	0 		0 	0 		0 	0 		0 	0 		0 		0 		0 				0 	0 						0 		0 		0 		0 					0 	0 		0 	6 		0 	0 					0 	0 	0 		0 		0 	0 	0 		0 	0 			0 	0 	0 	0 		6 
Malaysia	0 	0 	148 	75 	0 	15 		34 	53 		0 	341 		12 	4204 	21 	0 		65 		302 				770 	744 		1 	240 	3 		1 	2 	599 	1 	0 	351 	1322 	276 		221 	121 	0 	3778 		0 	236 		2971 	0 		49 			38 	C 	0 		1 	13882 	0 	0 	1 	88 	204 	18 			6700 	10690 	0 	0 	C 	48578 
Maldives	0 	0 		0 	0 	0 		0 	0 		0 	0 		0 	0 		0 		0 		4 				0 	0 						0 		0 		0 	11 	0 					0 	0 		0 	5 		0 	0 					0 	0 	0 		0 		0 	0 	0 		0 	0 			C 	0 	0 	0 		20 
Mali	0 	0 		0 	0 	0 		0 	0 		0 	0 		0 	0 		0 		0 		0 				0 	0 		1 				0 		0 		0 		0 					0 	0 		0 	0 		0 	0 					0 	0 	0 		0 		0 	0 	0 		0 	0 			0 	0 	0 	0 	C 	2 
Malta	0 	0 		48 	0 	0 		0 	0 		0 	0 		0 	1 		0 		21 		0 				0 	44 						0 		29 		0 	131 	0 	193 			22 	0 	9 					0 	0 		1 			0 	0 	0 		0 		0 	0 	6 		4 	0 			182 	17 	0 	0 		706 
Marshall Islands, Republic of	0 	0 		5 	0 	0 		1 	8 		0 	66 		0 	4 		0 		0 		10 				19 	7 			0 			0 		63 		10 	4 	10 					0 	23 		0 			14 	0 					0 	0 	0 		0 		0 	0 	0 	1 	10 	0 			0 	4475 	0 	0 		4731 
Martinique	0 	0 		0 	0 	0 		0 	0 		0 	0 		0 	0 		0 		0 		0 				0 	0 						0 		0 		0 		0 					0 	0 		0 			0 	0 					0 	0 	0 		0 		0 	0 	0 			0 			0 	0 	0 	0 		0 
Mauritania	0 	0 		0 	0 	0 		0 	0 		0 	0 		0 	0 		0 		0 		0 				0 	0 						0 		0 		0 		0 					0 	0 		0 	3 		4 	0 					0 	0 	0 		0 		0 	0 	0 		0 	0 			0 	0 	0 	0 		7 
Mauritius	0 	0 		1 	0 	0 		0 	63 		0 	31 		0 	19 	0 	0 		0 		81 				36 	34 			106 			1 	463 	45 	10 	0 	19 	6 	48 		20 		0 	156 	11 	0 			10 	0 			2 		0 	0 	0 		0 	120 	0 	27 	0 	9 	30 	0 			523 	325 	0 	0 		2197 
Mayotte	0 	0 		0 	0 	0 		0 	0 		0 	0 		0 	0 		0 		0 		0 				0 	0 						0 		0 		0 		0 					0 	0 		0 	0 		0 	0 					0 	0 	0 		0 		0 	0 	0 			0 			0 	0 	0 	0 		0 
Mexico	92 	0 	193 	628 	785 	0 		68 	362 	5 	0 	3040 	4322 	214 	182 	0 	2 	10 	31 	0 	1124 			10 	1042 	3055 		16 	370 		1 	0 		1313 	2 	1 	3022 	1926 	145 	1 	44 		0 	5943 		0 			2798 	28 		750 		103 	16 	C 	40 		0 	507 	17 	0 	175 	171 	585 	0 	0 		10887 	66317 	15 	4 	C 	110364 
Micronesia, Federated States of	0 	0 		0 	0 	0 		0 	0 		0 	0 		0 	0 		0 		0 		0 				0 	0 						0 		0 		0 		0 					0 	0 		0 			0 	0 					0 	0 	0 		0 		0 	0 	0 		0 	0 			0 	0 	0 	0 		0 
Moldova	0 	0 		0 	0 	0 		0 	0 		0 	0 		0 	0 		0 		0 		25 				0 	0 						0 		4 		0 		0 					0 	2 		0 			0 	0 					0 	0 	0 	1 	0 		0 	0 	0 		0 	0 			0 	0 	0 	0 	C 	32 
Monaco	0 	0 		0 	0 	0 		0 	0 		0 	0 		0 	0 		0 		0 		0 				0 	0 						0 		0 	0 	0 	812 	0 					6 	162 		0 	0 		0 	0 					0 	0 	0 		0 		0 	0 	0 			0 			C 	8 	0 	0 		988 
Mongolia	0 	0 	C 	0 	0 	0 		0 	0 		0 	0 		0 	0 		0 		0 		0 				0 	0 						0 		0 		0 		0 			2 		0 	1 		0 			0 	0 					0 	0 	0 		0 		0 	0 	0 		0 	0 			0 	0 	0 	0 		3 
Montenegro												0 			0 						0 				0 									0 															0 														0 		0 									0 
Montserrat	0 	0 		0 	0 	0 		0 	0 		0 	0 		0 	0 		0 		0 		0 				0 	0 						0 		0 		0 		0 					0 	0 		0 			0 	0 				9 	0 	0 	0 		0 		0 	0 	0 			0 			0 	0 	0 	0 		9 
Morocco	0 	0 	C 	42 	0 	14 		19 	5 		0 	1 		0 	3 		0 		1 		11 	17 			450 	99 			25 			0 		8 		0 	60 	1 	33 			32 	1 	123 		0 	12 		75 	0 		1 			0 	C 	0 		0 		0 	0 	395 	1 	13 	0 			99 	228 	0 	0 	C 	1769 
Mozambique	0 	0 		0 	0 	0 		0 	0 	0 	0 	0 		0 	0 		0 		0 		0 				0 	0 						0 		0 		0 	0 	0 					0 	1 		0 	1 		0 	0 		1 			0 	0 	0 		0 		0 	0 	0 		0 	0 			0 	0 	0 	0 		3 
Myanmar	0 	0 		0 	0 	0 		0 	0 		0 	0 		0 	C 		0 		0 		0 				0 	0 						0 	0 	0 		0 		0 					0 	0 		0 			0 	0 					0 	0 	0 		0 	2 	0 	0 	0 		0 	0 			0 	0 	0 	0 		3 
Namibia	0 	0 		0 	0 	0 		0 	0 		0 	0 		0 	0 		0 		0 		0 				0 	0 						0 		0 		0 		0 					0 	0 		0 			0 	0 					0 	0 	0 		0 		0 	1 	0 		0 	0 			C 	1 	0 	0 		2 
Nauru	0 	0 		0 	0 	0 		0 	0 		0 	0 		0 	0 		0 		0 		0 				0 	0 						0 		0 		0 		0 					0 	0 		0 			0 	0 					0 	0 	0 		0 		0 	0 	0 		0 	0 			0 	0 	0 	0 		0 
Nepal	0 	0 		0 	0 	0 		0 	0 		0 	0 		0 	0 		0 		0 		0 				0 	0 						0 		0 		0 		0 					0 	6 		0 			0 	0 		3 			0 	0 	0 		0 		0 	0 	0 		0 	0 			0 	0 	0 	0 	C 	9 
Netherlands	48 	20 	9853 	20670 	56 	358 	549 	52715 	4356 	40 	49 	9336 	456 	54 	8364 	185 	9 		448 	1992 	6396 	46 	307 	11055 	204938 	154959 	17 	1714 	2893 	88 	39 	0 	138 	52655 	155 	196 	67895 	71368 	11220 	185 	988 	305 	32 	87450 	309 	461 	585 	67 		408 	200 	9745 	1 	12 	69 	695 	8819 		382 	4367 	320 	90 	52283 	10498 	58836 	43 	334 		124885 	202361 	33 	11 	36743 	1297152 
Netherlands Antilles	0 	26 	C 	746 	46 	0 		1724 	275 	0 	0 	422 		0 	817 	34 	0 		6 	11 	135 			15 	31165 	2607 		8 	371 	1 		0 		482 	7 	0 	2757 	12636 	508 		4 		0 	3824 		0 	1 		2382 			217 		3 	0 	C 	389 		0 		64 	0 	2667 	156 	2812 	0 			1695 	30277 	0 	0 	C 	99291 
New Zealand	0 	0 	1556 	153 	0 	0 		210 	810 		0 	286 		4 	607 	17 	10 	0 	2 		49 			19 	3306 	586 		1 	209 	1 		0 		892 	2 	4 	267 	2773 	1004 	4 	41 		0 	2281 	10 	0 	3 		351 	0 		367 			0 	0 	0 		0 	407 	0 	0 	227 	94 	624 	0 			5957 	12034 	0 	0 	C 	35168 
Nicaragua	0 	0 		0 	0 	0 		0 	0 		0 	0 		0 	C 		0 	0 	0 		0 				0 	0 						0 		1 	7 	0 	0 	0 					0 	15 		0 			0 	0 		1 		45 	0 	0 	0 		0 		0 	0 	0 		0 	0 			0 	38 	0 	0 		107 
Niger	0 	0 		0 	0 	0 		3 	0 		0 	0 		0 	0 		0 		0 	0 	0 				0 	0 						0 		0 		0 		0 					0 	0 		0 	0 		0 	0 					0 	0 	0 		0 		0 	0 	0 		0 	0 			0 	0 	0 	0 	C 	4 
Nigeria	0 	0 	C 	18 	0 	0 		0 	0 		0 	0 		0 	25 		0 		0 		72 	6 			125 	12 			37 			1 		15 		0 	16 	5 	27 				1 	49 		0 	321 		57 	0 		0 			0 	0 	0 		0 		0 	0 	0 		0 	0 			275 	C 	0 	0 		1065 
Niue	0 	0 		0 	0 	0 		0 	0 		0 	0 		0 	0 		0 		0 		1 				0 	0 						0 		0 		0 	4 	0 					0 	0 		0 			0 	0 					0 	0 	0 		0 		0 	0 	0 			0 			0 	0 	0 	0 		6 
Norfolk Island	0 	0 		0 	0 	0 		0 	0 		0 	0 		0 	0 		0 		0 		0 				0 	0 						0 		0 		0 		0 					0 	0 		0 			0 	0 					0 	0 	0 		0 		0 	0 	0 			0 			0 	0 	0 	0 		0 
Norway	0 	0 	619 	1139 	97 	3 	2 	872 	328 	1 	4 	1000 	86 	0 	2419 	87 	0 		217 	92 	1725 	0 	17 	1485 	4689 	6067 		74 	389 	1 	103 	0 		3386 	108 	40 	1362 	12462 	887 	3 	80 		0 	9314 	10 	38 			2238 	3 	36 				10 	C 	252 		0 	1033 	9 	5 	1605 	3640 	4932 	0 			13469 	30477 	0 	0 	C 	106916 
Oman	0 	0 		0 	0 	118 		0 	0 		0 	0 		0 	0 		0 		1 		0 	0 			2 	0 			19 			0 		0 		0 	5 	0 	52 			21 	0 	57 		0 			0 	0 		4 			0 	0 	0 		0 		0 	0 	0 		0 	0 			24 	C 	0 	0 		305 
Pakistan	0 	0 		3 	0 	33 		0 	0 		0 	4 		0 	31 		0 		0 		16 	0 			2 	10 						0 		0 	1 	0 	5 	10 			4 		0 	20 		0 	308 		4 	0 					0 	0 	0 		0 		0 	0 	0 		3 	0 			86 	147 	0 	0 	C 	686 
Palau	0 	0 		0 	0 	0 		0 	0 		0 	0 		0 	0 		0 		0 		0 				0 	0 						0 		0 		0 		0 					0 	0 		0 			0 	0 					0 	0 	0 		0 		0 	0 	0 		0 	0 			0 	0 	0 	0 		0 
Panama	34 	0 	4 	68 	191 	0 		34 	22 	54 	0 	282 	28 	0 	136 	0 	6 	25 	0 		266 			4 	298 	320 			12 			0 		117 	1 	5 	277 	297 	42 	1 			0 	869 		0 		8 	666 	4 		125 			0 	0 	0 		0 		0 	15 	77 	139 	560 	0 			147 	24303 	2 	7 	C 	29446 
Papua New Guinea	0 	0 	45 	1 	0 	0 		0 	0 		0 	9 		0 	4 		0 		0 		0 				14 	20 			1 			0 		3 		0 	1 	1 					0 	195 	0 	0 			18 	0 		0 			0 	0 	0 		0 		0 	0 	0 	1 	18 	0 			8 	314 	0 	0 		654 
Paraguay	0 	0 		0 	0 	0 		0 	0 	4 	0 	0 		0 	4 		0 		0 		0 				0 	0 						0 		0 		0 		0 					0 	2 		0 			0 	0 					0 	0 	0 		0 		0 	2 	0 		0 	0 			C 	0 	0 	0 		12 
Peru	0 	0 	7 	63 	19 	0 		13 	23 	0 	0 	115 		0 	2 		0 	0 	0 		241 			6 	85 	366 		4 	22 			0 		97 		0 	286 	64 	14 				0 	1098 		0 			331 	0 				12 	0 	0 	0 		0 		0 	0 	29 	3 	48 	0 			872 	3875 	0 	0 	C 	7697 
Philippines	0 	0 	C 	71 	7 	0 		14 	42 	0 	0 	205 	71 	0 	815 	0 	0 	3 	20 		283 			2 	747 	313 			90 			0 	15 	832 	0 	0 	286 	1394 	292 		38 		2 	1586 	11 	0 	3 		603 	0 		2 		3 		0 	0 		0 	1068 	0 	0 	6 	71 	599 	4 	1 		1999 	5690 	0 	0 	C 	17186 
Pitcairn Islands	0 	0 		0 	0 	0 		0 	0 		0 	0 		0 	0 		0 		0 		0 				0 	0 						0 		0 		0 		0 					0 	0 		0 			0 	0 					0 	0 	0 		0 		0 	0 	0 			0 			0 	0 	0 	0 		0 
Poland	0 	0 	51 	3080 	0 	15 		599 	23 		4 	187 		17 	42 	1 	0 		56 	456 	799 		76 	285 	2621 	7556 		458 	126 	60 		0 		1895 	0 	0 	695 	2092 	37 	4 			0 	9852 		0 			1870 	0 		264 		2 	0 		61 		21 	114 	20 	18 	313 	347 	379 	0 			7058 	5625 	0 	0 	C 	47177 
Portugal	1 	0 	C 	1835 	32 	22 		8457 	124 	142 	0 	358 	64 	0 	245 	9 	0 		79 	169 	115 	3 	2 	1020 	34369 	19383 		207 	170 	0 	1 	0 		7940 	22 	10 	8480 	1510 	1572 	1 	1 	25 	1 	9622 		0 			7090 	0 	62 	803 		2 	0 	C 			0 	357 	6 	0 	4604 	245 	856 	0 	1 		13426 	6386 	0 	0 	C 	129827 
Puerto Rico	0 	0 		1 	0 	0 	2 	1 	5 	4 	0 	87 		0 	5 		2 		0 		3 				12 	0 			5 			0 		26 		0 	176 	32 	4 		10 		0 	53 		0 			45 	0 		0 			0 	0 	0 		0 		0 	0 	0 	7 		0 			52 		0 	0 	C 	532 
Qatar	0 	0 		14 	0 	41 		0 	0 		0 	0 		0 	0 		0 		32 		39 				33 	34 			5 			0 		16 		0 	4 	75 	75 		1 	476 	1 	74 	5 	0 			135 	0 		15 	3 		0 	0 	0 		0 		0 	0 	0 		18 	11 	2 		224 	C 	0 	0 	C 	1334 
Reunion	0 	0 		0 	0 	0 		0 	0 		0 	0 		0 	0 		0 		0 		0 				0 	0 						0 		0 		0 		0 					0 	0 		0 	1 		0 	0 					0 	0 	0 		0 		0 	0 	0 			0 			0 	0 	0 	0 		1 
Romania	0 	0 		324 	0 	0 		11 	0 		27 	0 		0 	C 		0 		169 	5 	61 	3 	20 		61 	786 		583 	73 	5 		0 		46 		0 	335 	0 	12 				0 	712 		0 			214 	0 		0 			0 	C 	0 		0 		0 	0 	4 	47 	32 	0 			943 	172 	0 	0 	C 	4646 
Russian Federation	0 	0 	91 	1207 	70 	3 		62 	166 	0 	3 	360 	23 	7 	61 	1 	0 	1 	765 	26 	1066 	8 	39 	12 	1006 	2318 		251 	2324 	82 		0 		785 	30 	0 	1267 	339 	1165 		25 		0 	7130 		0 			2574 	2 	4 	166 		1 	26 	21 	0 			102 	4 	1 	62 	1673 	1595 	0 	5 	1 	10220 	21314 	0 	0 	C 	58463 
Rwanda	0 	0 		0 	0 	0 		0 	0 		0 	0 		0 	0 		0 		0 		0 				0 	0 						0 		0 		0 		0 					0 	0 		0 	7 		0 	0 					0 	0 	0 		0 		0 	0 	0 		0 	0 			0 	0 	0 	0 		7 
Saint Helena	0 	0 		0 	0 	0 		0 	0 		0 	0 		0 	0 		0 		0 		0 				0 	0 						0 		0 		0 		0 					0 	0 	0 	0 			0 	0 					0 	0 	0 		0 		0 	0 	0 		0 	0 			0 	0 	0 	0 		0 
Saint Pierre and Miquelon	0 	0 		0 	0 	0 		0 	0 		0 	0 		0 	0 		0 		0 		0 				0 	0 						0 		0 		0 		0 					0 	0 		0 			0 	0 					0 	0 	0 		0 		0 	0 	0 			0 			0 	0 	0 	0 		0 
Samoa	0 	0 		0 	0 	0 		0 	0 		0 	0 		0 	0 		0 		0 		0 				0 	0 						0 		0 		0 		0 					0 	0 		0 			0 	0 					0 	0 	0 		0 		0 	0 	0 		0 	0 			0 	0 	0 	0 		0 
San Marino	0 	0 		0 	0 	0 		0 	0 		0 	0 		0 	0 		0 		0 		0 				0 	0 						0 		0 		0 	83 	0 					0 	0 		0 			0 	0 					0 	0 	0 		0 		0 	0 	0 		0 	0 			0 	0 	0 	0 		83 
Sao Tome and Principe	0 	0 		0 	0 	0 		0 	0 		0 	0 		0 	0 		0 		0 		0 				0 	0 						0 		14 		0 		0 					0 	0 		0 			0 	0 					0 	0 	0 		0 		0 	0 	0 		0 	0 			0 	0 	0 	0 		14 
Saudi Arabia	0 	0 		0 	0 	1148 		16 	0 		0 	0 		0 	36 		0 		0 		0 	420 			0 	0 			186 			0 		0 		0 	0 	0 				645 	1 	0 	7 	0 			227 	0 			92 		0 	0 	0 		0 		0 	0 	0 		7 	0 			C 	C 	0 	0 		2786 
Senegal	0 	0 		0 	0 	0 		0 	0 		0 	0 		0 	C 		0 		0 		7 				13 	0 						0 		0 		0 		0 	25 				0 	9 		0 			0 	0 		5 			0 	0 	0 		0 		0 	0 	0 		3 	0 			0 	0 	0 	0 	C 	62 
Serbia, Republic of	0 	0 		15 	0 	0 		0 	0 		2 	0 		0 	0 		0 		0 		0 				0 	3 		4 	5 			0 		1 		0 	0 	0 	2 				0 	45 		0 			65 	0 					0 	0 	0 		0 		0 	0 	0 	23 	0 	0 			33 	1 	0 	0 	C 	199 
Seychelles	0 	0 		0 	0 	0 		0 	0 		0 	0 		0 	0 		0 		0 		0 				0 	0 						0 		0 		0 	0 	0 					0 	0 		0 	9 		0 	0 					0 	0 	0 		0 		0 	0 	0 		0 	0 			0 	0 	0 	0 		9 
Sierra Leone	0 	0 		0 	0 	0 		0 	0 		0 	0 		0 	0 		0 		0 		0 				0 	0 						0 		0 		0 		0 					0 	0 		0 			0 	0 					0 	0 	0 		0 		0 	0 	0 		0 	0 			0 	0 	0 	0 		0 
Singapore	0 	0 	770 	168 	5 	0 		127 	159 	0 	0 	1219 	0 	0 	7005 	105 	0 		1 	1 	179 			303 	1053 	778 		11 	158 	0 	6 	4 	56 	1280 	12 	10 	558 	3318 	365 	5 	315 		1 	4256 	514 	0 	916 		2504 	1 	46 	849 		2 	26 	C 	0 		0 		0 	4 	88 	595 	756 	8 			10705 	29195 	0 	0 	C 	68434 
Sint Maarten																																																																										
Slovak Republic	0 	0 		909 	0 	0 		151 	0 		0 	1 		0 	C 		0 		22 	633 	51 		3 		97 	1930 		25 	22 			0 		20 		0 	48 	58 			5 		0 	1192 		0 			151 	0 					0 	C 	0 		0 	0 		0 	130 	2 	2 	0 			421 	190 	0 	0 	C 	6063 
Slovenia	0 	0 		518 	0 	0 		52 	18 	0 	7 	0 		3 	C 		0 		33 	43 	0 		4 		250 	783 		14 				0 		198 		0 	272 	3 	2 				0 	345 		0 			142 	0 		33 			0 	0 	0 		0 		2 	0 	24 	3 	52 	0 			401 	37 	0 	0 	C 	3237 
Solomon Islands	0 	0 		0 	0 	0 		0 	0 	0 	0 	0 		0 	0 		0 		0 		0 				0 	0 						0 		0 		0 		0 					0 	0 		0 			0 	0 					0 	0 	0 		0 		0 	0 	0 		0 	0 			0 	0 	0 	0 		0 
Somalia	0 	0 		0 	0 	0 		0 	0 		0 	0 		0 	0 		0 		0 		0 				0 	0 						0 		0 		0 	0 	0 					0 	0 		0 			0 	0 					0 	0 	0 		0 		0 	0 	0 		0 	0 			C 	0 	0 	0 		0 
South Africa	0 	0 	210 	370 	0 	39 		199 	3047 	0 	0 	743 		1 	87 	0 	0 		16 	0 	403 	18 			831 	2746 		266 	411 	161 		0 		1190 	31 	0 	643 	1392 	129 		11 		0 	5196 		0 	1100 		2175 	0 		475 		2 	22 	C 	258 		0 	289 	0 		17 	55 	883 	65 			9661 	24647 	0 	0 	C 	57790 
South Sudan																																																																										
Spain	609 	0 	1433 	6902 	11 	0 	3 	22577 	699 	12 	117 	4692 	103 	62 	894 	18 	2 		126 	103 	4415 	15 	6 	9488 	139355 	120253 	2 	208 	3329 	5 	22 	0 		43304 	41 	7 	20694 	24208 	1787 	73 	34 		4 	59847 	8 	71 		3 	45596 	21 	109 	9569 		1 	5 	30 	7981 		0 	1766 	6 	46 		6341 	6199 	0 	0 		53051 	68905 	3 	1 	18059 	683229 
Sri Lanka	0 	0 		1 	0 	0 		8 	0 		0 	0 		0 	31 		0 		0 		8 				0 	0 			1 			0 		3 		0 	0 	0 					0 	41 	0 	0 	77 		1 	0 		1 	6 		0 	0 	0 		0 	70 	0 	0 	0 		1 	0 			66 	79 	0 	0 	C 	394 
St. Kitts and Nevis	0 	0 		0 	0 	0 	1 	0 	0 		0 	0 		0 	0 		0 		0 		0 				0 	0 						0 		0 		0 	56 	58 					0 	0 		0 			0 	0 					0 	0 	0 		0 		0 	0 	0 			0 			0 	0 	0 	0 		115 
St. Lucia	0 	0 		0 	10 	0 	2 	0 	0 		0 	0 	8 	0 	0 		0 		0 		0 				0 	0 						0 		0 		0 		0 					0 	0 		0 			0 	0 					0 	0 	0 		0 		0 	0 	0 		1 	0 			0 	49 	0 	0 	C 	69 
St. Vincent and the Grenadines	0 	0 		0 	0 	0 		0 	0 		0 	0 		0 	0 		0 		0 		0 				0 	0 			0 			0 		0 		0 	3 	0 					0 	0 		0 			0 	0 		0 			0 	0 	0 		0 		0 	0 	0 		36 	0 			0 	0 	0 	0 		39 
Sudan	0 	0 		0 	0 	9 		0 	0 		0 	0 		0 	0 		0 		0 		0 	15 			0 	0 						0 		0 		0 		0 				10 	0 	1 		0 			0 	0 					0 	0 	0 		0 		0 	0 	0 		0 	0 			C 	0 	0 	0 		36 
Suriname	0 	0 		0 	0 	0 		0 	0 		0 	0 		0 	0 		0 		0 		0 				0 	0 						0 		0 		0 		0 					0 	0 		0 			0 	0 					0 	0 	0 		0 		0 	0 	0 		0 	0 			0 	0 	0 	0 		0 
Swaziland	2 	0 	C 	0 	0 	0 		0 	0 		0 	0 		0 	0 		0 		0 		0 				0 	0 						0 		0 	1 	0 		0 					0 	0 		0 			0 	0 					0 	0 	0 		0 		0 	1 	0 		0 	0 			0 		0 	0 		5 
Sweden	11 	0 	975 	1931 	0 	103 	202 	3565 	2014 	3 	3 	2896 	56 	21 	2322 	63 	4 	0 	375 	120 	14305 	13 	33 	16442 	19286 	18375 	20 	91 	2397 	14 	313 	2 	0 	10703 	1815 	79 	5290 	23652 	2717 	39 	20 	142 	3 	41716 	10 	68 	33 	0 	9833 	10 	37 	8823 		0 	30 	508 	496 		9 	1247 	1 	16 	2913 		8552 	0 	0 		32527 	62398 	40 	0 	11008 	310693 
Switzerland	33 	0 	2710 	2685 	69 	133 	331 	3207 	1333 	68 	0 	9246 	136 	66 	1494 	9 	0 	1 	115 	33 	3274 	29 	7 	2107 	20276 	27743 	8 	542 	583 	6 	60 	1 	1 	8352 	109 	58 	9016 	12198 	1982 	52 	38 	19 	9 	32866 	70 	3 	9 	20 	15019 	68 	146 	4201 		3 	6 	6 	344 	4 	1 	1483 	14 	242 	2780 	8259 		5 	8 	0 	43140 	142013 	2 	5 	C 	358854 
Syrian Arab Republic	0 	0 		0 	0 	0 		0 	0 		0 	0 		0 	0 		0 		0 		0 				0 	0 						0 		0 		0 		0 					0 	0 		0 			0 	0 					0 	0 	0 		0 		0 	0 	0 		0 	0 			0 	0 	0 	0 		0 
Taiwan Province of China	0 	0 	259 	91 	10 	0 		88 	18 	0 	0 	990 		0 	2777 	10 	0 		1 		471 	0 			1029 	542 			359 	0 		0 		1655 	1 	1 	718 	853 	162 		22 		0 	7399 	12 	0 	142 		2931 	0 		593 			8 	0 	0 		0 	4519 	0 	0 	1 	434 	845 	3 			15874 	34887 	0 	0 	C 	77709 
Tajikistan	0 	0 		0 	0 	0 		0 	0 		0 	0 		0 	0 		0 		0 		0 				0 	0 						0 		0 		0 		0 					0 	0 		0 			0 	0 					0 	0 	0 		0 		0 	0 	0 		0 	0 			0 	0 	0 	0 	C 	0 
Tanzania	0 	0 		0 	0 	0 		0 	0 		0 	0 		0 	0 		0 		0 		0 				0 	0 						0 		0 		0 		0 					0 	0 		0 	15 		0 	0 		5 			0 	0 	0 		0 		0 	0 	0 	1 	0 	0 			C 	0 	0 	0 		21 
Thailand	0 	0 	157 	48 	0 	0 		20 	4 	0 	0 	405 		0 	2298 	1 	0 		2 	0 	249 			140 	375 	607 		1 	178 	0 		1 		583 	13 	2 	293 	982 	168 		35 		0 	2931 	15 	0 	94 		892 	1 		69 			3 	C 	0 		0 	3916 	0 	1 	1 	71 	255 				4366 	7113 	0 	0 	C 	26289 
Timor-Leste, Dem. Rep. of	0 	0 		0 	0 	0 		0 	0 		0 	0 		0 	0 		0 		0 		0 				0 	0 						0 		0 		0 		0 					0 	0 		0 			0 	0 					0 	0 	0 		0 		0 	0 	0 		0 	0 			0 	0 	0 	0 		0 
Togo	0 	0 		0 	0 	0 		0 	0 		0 	0 		0 	0 		0 		0 		0 				0 	0 						0 		0 		0 		0 					0 	0 		0 			0 	0 					0 	0 	0 		0 		0 	0 	0 		0 	0 			0 	0 	0 	0 	C 	0 
Tokelau Islands	0 	0 		0 	0 	0 		0 	0 		0 	0 		0 	0 		0 		0 		0 				0 	0 						0 		0 		0 		0 					0 	0 		0 			0 	0 					0 	0 	0 		0 		0 	0 	0 			0 			0 	0 	0 	0 		0 
Tonga	0 	0 		0 	0 	0 		0 	0 		0 	0 		0 	0 		0 		0 		0 				0 	0 						0 		0 		0 		0 					0 	0 		0 			0 	0 					0 	0 	0 		0 		0 	0 	0 		0 	0 			0 	0 	0 	0 		0 
Trinidad and Tobago	0 	0 		0 	0 	0 	9 	0 	16 		0 	2 	68 	5 	1 		0 		4 		0 				0 	1 						0 		30 		0 		109 					0 	13 		0 			0 	0 		36 			0 	0 	0 		0 		0 	0 	0 		288 	0 			499 	503 	0 	0 	C 	1585 
Tunisia	0 	0 		146 	0 	60 		0 	1 		0 	3 		0 	0 		0 		27 		47 	19 			227 	554 			5 			0 		41 		0 	124 	1043 	39 			31 	0 	249 		0 	8 		139 	0 		7 			0 	0 	0 		0 		0 	0 	7 		13 	0 			202 	588 	0 	0 		3579 
Turkey	0 	0 	C 	523 	10 	1428 		169 	28 	0 	19 	159 	34 	0 	41 		0 		1 	1 	442 	61 		13 	440 	4436 		109 	302 	0 		0 		439 	2 	0 	1658 	166 	48 			69 	1 	4212 		3342 			5277 	0 		45 		3 	0 	C 	0 		9 	46 	8 	0 	507 	59 	734 	0 			5087 	8224 	0 	0 	C 	38150 
Turkmenistan	0 	0 		0 	0 	0 		0 	0 		0 	0 		0 	0 		0 		0 		0 				0 	0 						0 		0 		0 		0 					0 	0 		0 			0 	0 					0 	0 	0 		0 		0 	0 	0 		0 	0 			0 	0 	0 	0 	C 	0 
Turks and Caicos Islands	0 	0 		0 	0 	0 		0 	0 	2 	0 	0 		0 	0 		0 		0 	0 	0 				0 	0 						0 		0 		0 		0 					0 	0 		0 	2 		0 	0 				6 	0 	0 	0 		0 		0 	0 	0 		2 	0 			0 	0 	0 	0 		13 
Tuvalu	0 	0 		0 	0 	0 		0 	0 		0 	0 		0 	0 		0 		0 		0 				0 	0 						0 		0 		0 		0 					0 	0 		0 			0 	0 					0 	0 	0 		0 		0 	0 	0 		0 	0 			0 	0 	0 	0 		0 
Uganda	0 	0 		0 	0 	0 		0 	0 		0 	0 		0 	1 		0 		0 		0 				0 	0 						0 		0 	0 	0 		0 					0 	1 		0 	23 		0 	0 		4 			0 	0 	0 		0 		0 	0 	0 		0 	0 			4 	0 	0 	0 		34 
Ukraine	0 	0 	2 	112 	0 	0 		3 	6 	0 	0 	18 	1 	0 	2 		0 		4 	2 	203 	14 	10 		29 	260 		4 	70 			0 		53 		0 	204 	49 	89 		50 		0 	555 		0 			245 	0 					1 	C 	0 		48 		0 	0 	11 	2 	42 	0 	0 		485 	1552 	0 	0 	C 	4126 
United Arab Emirates	0 	0 		22 	0 	55 		5 	0 		0 	5 		0 	117 	3 	0 		5 		1 	0 			8 	0 		15 	26 			0 		10 		0 	19 	2 	50 			360 	15 	226 	7 	0 	23 		0 	0 		0 			5 	0 	0 		0 	25 	0 	0 	0 		0 	0 			C 	C 	0 	0 		1004 
United Kingdom	138 	9 	19973 	13948 	676 	2262 	1175 	21519 	18629 	438 	4 	42041 	1325 	1142 	64620 	694 	74 	4 	898 	830 	14891 	65 	135 	13922 	174048 	100676 	197 	9695 	29110 	21 	930 	1 	257 	211023 	17103 	1001 	49966 	124822 	77849 	361 	2084 	1307 	332 	115549 	391 	645 	210 	747 	98654 	399 	2189 	23706 	5 	43 	473 	205 	8243 	0 	499 	36781 	81 	29551 	49199 	31677 	43023 	204 	36 	26 		737754 	89 	4 	C 	2200578 
United States	12154 	291 	83302 	23247 	1580 	6859 	5674 	33344 	200677 	1537 	114 	206145 	39509 	4680 	59651 	1040 	2094 	47 	1493 	853 	38090 	273 	140 	10760 	195241 	134270 	62 	4524 	19817 	180 	1413 	21 	209 	279210 	2083 	10524 	98807 	694382 	76758 	2819 	12733 	3450 	540 	260588 	479 	569 	480 	3783 	284266 	3244 	11803 	60485 	2 	1926 	3212 	2061 	6806 	1 	4309 	66171 	235 	6646 	44413 	75339 	100111 	457 	302 		534075 		541 	3157 	C 	3746054 
Uruguay	1 	0 	C 	72 	17 	0 		1 	8 	88 	0 	17 		7 	0 		0 	1 	0 	0 	110 		0 		17 	170 		1 	159 			0 		27 	5 	0 	89 	239 	17 				0 	233 		0 			94 	0 					0 	0 	0 		0 		0 	0 	15 		40 	0 	0 		C 	1303 		0 	C 	2732 
US Pacific Islands	0 	0 		0 	0 	0 		0 	0 		0 	0 		0 	0 		0 		0 		0 				0 	1 						0 		0 		0 	0 	0 					0 	0 		0 			0 	0 		137 			0 	0 	0 		0 		0 	0 	0 	2 		0 			0 		0 	0 		141 
US Virgin Islands	0 	0 		1 	0 	0 		0 	0 	1 	0 	0 		0 	7 	3 	0 		0 		0 				8 	0 			5 			0 		1 	67 	0 	3 	5 	21 				0 	46 		0 			4 	0 					0 	0 	0 		0 		0 	0 	0 	1 		0 	14 		341 		0 	0 		529 
Uzbekistan	0 	0 		0 	0 	0 		0 	0 		0 	0 		0 	0 		0 		0 		0 				0 	0 						0 		0 		0 		0 					0 	0 		0 			0 	0 		0 			0 	0 	0 		0 		0 	0 	0 		0 	0 			0 	0 	0 	0 	C 	0 
Vanuatu	0 	0 		0 	0 	0 		1 	0 		0 	0 		0 	0 		0 		0 		0 			2 	0 	0 						0 		0 		0 		0 					1 	0 		0 			0 	0 					0 	0 	0 		0 		0 	0 	0 		0 	0 			0 	0 	0 	0 	C 	4 
Vatican	0 	0 		0 	0 	0 		0 	0 		0 	0 		0 	0 		0 		0 		0 				0 	0 						0 		0 		0 		0 					0 	0 		0 			0 	7 					0 	0 	0 		0 		0 	0 	0 		0 	0 			0 	0 	0 	0 		7 
Venezuela, Republica Bolivariana de	0 	0 	C 	162 	21 	0 		76 	38 	9 	0 	181 	6 	21 	5 		1 	2 	5 		441 				493 	701 		4 	227 	0 		0 		198 		0 	900 	124 	27 		1 		4 	1281 	0 	0 		4 	617 	178 		2 		103 	0 	0 	0 		1 		1 	0 	103 	1 	135 	0 	2 		2277 	6863 	25 			15238 
Vietnam	0 	0 		5 	0 	0 		0 	0 		0 	0 		0 	26 		0 		0 		5 				16 	22 			2 			0 	2 	4 		0 	0 	42 	2 		1 		0 	34 		0 			0 	0 					0 	0 	0 		0 	12 	0 	0 	0 	0 	0 	34 			19 	113 	0 	0 		340 
Virgin Islands, British	0 	0 		106 	0 	1 		84 	2568 	288 	0 	353 	1 	0 	7233 	60 	0 		3 	1 	31 		4 	43 	2950 	195 		20 	2493 		20 	0 	42 	1035 	362 	0 	2468 	1844 	759 	0 	97 	12 	43 	6424 	76 	0 	29 		168 	194 		45 		7 	5 	0 	727 		0 	651 	0 	43 	263 	104 		11 			1921 	4467 	0 	96 	C 	38346 
Wallis and Futuna	0 	0 		0 	0 	0 		0 	0 		0 	0 		0 	0 		0 		0 		0 				0 	0 						0 		0 		0 		0 					0 	0 		0 			0 	0 					0 	0 	0 		0 		0 	0 	0 		0 	0 			0 	0 	0 	0 		0 
West Bank and Gaza	0 	0 		0 	0 	0 		0 	0 		0 	0 		0 	0 		0 		0 		0 				0 	0 						0 		0 		0 		0 					0 	0 		0 			0 	0 					0 	0 	0 		0 		0 	0 	0 		0 	0 			0 	0 	0 	0 		0 
Western Sahara	0 	0 		0 	0 	0 		0 	0 		0 	0 		0 	0 		0 		0 		0 				0 	0 						0 		0 		0 		0 					0 	0 		0 			0 	0 					0 	0 	0 		0 		0 	0 	0 			0 			0 	0 	0 	0 		0 
Yemen, Republic of	0 	0 		0 	0 	0 		0 	0 		0 	0 		0 	0 		0 		0 		0 				0 	0 						0 		0 		0 		0 					0 	0 		0 			0 	0 					0 	0 	0 		0 		0 	0 	0 		0 	0 			C 	0 	0 	0 		0 
Zambia	0 	0 		0 	0 	0 		3 	0 		0 	0 		0 	C 		0 		0 		0 				3 	0 						0 		0 		0 		0 					0 	3 		0 	4 		0 	0 					0 	0 	0 		0 		0 	0 	0 		0 	0 			C 	2 	0 	0 		15 
Zimbabwe	0 	0 		0 	0 	0 		0 	0 		0 	0 		0 	C 		0 		0 		0 				0 	0 			10 			0 		0 		0 	0 	0 					0 	7 		0 	3 		0 	0 					0 	0 	0 		0 		0 	2 	0 	0 	0 	0 			47 	68 	0 	0 		138 
Not Specified (including Confidential)	0 	36 	8261 	0 	95 	2045 	131 	0 	0 	0 	0 	1982 	483 	117 	505 	5 	0 		0 		2492 		0 	1590 	98 	0 	26 	11700 			113 	0 		21859 	41 	3629 	5529 	18307 		21 	367 	1281 	31 	571 	84 	1625 	149 		12515 	5 	4450 	336 		2 	0 	334 	1438 		0 	23669 	0 	2 	29678 	544 	83882 	29 			50858 	1651 	0 	0 	1780383 	2072951 
International Organizations	5 	0 		2416 	0 	32 	32 	2847 	2785 		25 	1167 	45 	99 	3978 	271 	118 	1 	31 	1326 	0 	125 	18 	338 	22264 	14149 	53 	1929 	710 	4 	9 	24 	12 	4962 	1 	0 	49616 	98803 	1601 	385 	109 		0 	11655 		28 	359 		101 	12 	65 	1849 			6 	218 	922 		0 		174 	0 	5638 	806 	3663 	0 			60252 	20339 	9 	49 	138043 	454478 
World	14741 	389 	167036 	264538 	11354 	23514 	11096 	507578 	309658 	4857 	869 	380933 	57986 	17919 	400889 	7764 	2784 	170 	10492 	16644 	179350 	1790 	2244 	145939 	1750706 	1515477 	557 	52666 	133857 	1489 	6084 	66 	1382 	1072312 	31949 	17689 	914014 	2009672 	268959 	5903 	28368 	11798 	1925 	1616314 	3248 	9628 	39030 	5911 	1104430 	14610 	26746 	246106 	118 	4185 	4916 	6712 	124949 	606 	7926 	257737 	3159 	47304 	517762 	274739 	775523 	1625 	921 	27 	2109701 	3764346 	2439 	3423 	2145013 	23484559 