COUNTRY	Argentina	Aruba	Australia	Austria	Bahamas, The	Barbados	Belgium	Bermuda	Brazil	Bulgaria	Canada	Cayman Islands	Chile	China, P.R.: Hong Kong	China, P.R.: Macao	Colombia	Costa Rica	Cyprus	Czech Republic	Denmark	Egypt	Estonia	Finland	France	Germany	Greece	Guernsey	Hungary	Iceland	Indonesia	Ireland	Isle of Man	Israel	Italy	Japan	Jersey	Kazakhstan	Korea, Republic of	Kuwait	Lebanon	Luxembourg	Malaysia	Malta	Mauritius	Mexico	Netherlands	Netherlands Antilles	New Zealand	Norway	Pakistan	Panama	Philippines	Poland	Portugal	Romania	Russian Federation	Singapore	Slovak Republic	South Africa	Spain	Sweden	Switzerland	Thailand	Turkey	Ukraine	United Kingdom	United States	Uruguay	Vanuatu	Venezuela, República Bolivariana de	SEFER + SSIO (**)	Value of Total Investment
Afghanistan, Islamic Republic of	0 	0 		0 			0 	0 			0 		0 					0 		0 				0 	0 	0 						0 		0 	0 						0 					0 							0 			0 			0 	0 	0 	0 	0 			0 		0 		0 		0 
Albania	0 	0 		0 			8 	0 			0 		0 					0 		0 				17 	0 	33 					18 	0 		29 	0 						1 					14 							0 			0 			0 	0 	0 	1 	0 			0 	4 	0 		0 	C 	124 
Algeria	0 	0 		3 			0 	0 			2 		0 					0 		0 				15 	0 	0 	0 				13 	0 		0 	0 	7 				0 	6 					4 							0 			0 			0 	0 	0 	1 	0 			C 		0 		0 		49 
American Samoa	0 	0 		0 			0 	0 			0 		0 					0 		0 				0 	0 	0 	0 					0 		0 	0 						0 					0 							0 			0 			0 	0 	0 		0 			0 		0 		0 		0 
Andorra	0 	0 		0 			32 	0 			0 		0 					0 		0 				0 	0 	0 	5 					0 		0 	2 						0 					0 							0 			0 		1 	0 	0 	0 	0 	0 			0 		0 		0 		40 
Angola	0 	0 		0 			0 	0 	0 		0 		0 					0 		0 				0 	0 	0 						0 		0 	0 						0 					0 							0 	20 		0 			0 	0 	0 	0 	0 			0 		0 		0 		20 
Anguilla	0 	0 		0 			19 	0 			0 		0 					0 		0 				23 	0 	0 	1 					0 		0 	0 						0 					0 							0 			0 			0 	0 	0 		0 			0 	0 	0 		0 		43 
Antigua and Barbuda	0 	0 		0 			0 	0 	19 		0 		0 					0 		0 				0 	0 	0 						0 		0 	0 						0 					11 							0 			0 			0 	0 	0 		0 			C 	1 	0 		0 		32 
Argentina		0 	C 	189 	94 	0 	128 	61 	69 	0 	189 	206 	52 	C 	4 	5 	4 	0 	1 	1617 				321 	1298 	0 	102 	0 			67 	0 	2 	4331 	1843 	12 				1 	1099 			0 	85 	208 	38 	0 	2 		12 	8 	0 	0 		8 	11 		0 	133 	9 	341 	0 	1 		1321 	4315 	71 		3 		18263 
Armenia, Republic of	0 	0 		0 			0 	0 			0 		0 					0 		0 				0 	0 	0 						0 		0 	0 						0 					0 							0 			0 			0 	0 	0 	0 	0 			0 		0 		0 	C 	0 
Aruba	0 			0 			0 	14 			6 	0 	0 					0 		0 				51 	5 	0 	2 					0 		4 	0 	37 		14 		0 	13 					416 	42 						0 	0 		0 			0 	0 	1 	6 	0 			C 	906 	0 		67 		1584 
Australia	1 	0 		1116 	255 	19 	1635 	1972 	1 		4471 	551 	42 	25717 	548 		0 	298 	31 	615 	5 	2 	377 	8012 	4850 	123 	540 	19 	5 	2 	10784 	84 	157 	3149 	33599 	5920 	45 	46 	2 	2 	19914 	57 	82 	-17 		8218 	14 	3770 	2272 		4 	20 	16 	216 		0 	10958 	0 	143 	1814 	1596 	5852 	162 			34896 	90502 	1 	16 	0 	C 	285502 
Austria	19 	0 	232 		25 	3 	6751 	396 	2 	14 	229 	198 	12 	927 	27 	1 		113 	1016 	1416 		56 	2694 	21446 	49587 	1768 	1852 	18 	1 	0 	6608 	44 	37 	6352 	11205 	2043 	49 	4 	1 	15 	18845 	0 	281 	0 		11378 	5 	0 	2752 		2 		75 	712 		48 	550 	180 	1 	2398 	612 	20900 	0 	9 		11711 	10372 	8 		20 	C 	196022 
Azerbaijan, Republic of	0 	0 		0 			0 	0 			0 		0 					0 		0 				0 	0 	0 						0 		0 	0 						0 					0 	0 		0 				0 			0 			0 	0 	0 	0 	0 			C 		0 		0 	C 	0 
Bahamas, The	0 	0 		3 			60 	2177 	388 		105 	106 	0 	81 	0 		3 	33 		43 			80 	856 	130 	0 	446 				67 	17 		417 	1550 	161 			8 	1 	465 			0 	221 	167 	50 		0 		113 		0 	0 		0 			2 	29 	0 	6008 	0 			86 	2912 	0 		0 	C 	16783 
Bahrain, Kingdom of	0 	0 		0 			0 	0 			0 	0 	0 		1 			1 		0 	9 			0 	11 	0 	4 					1 		3 	0 				1431 	1 	5 	0 				0 			11 				0 	0 		0 			0 	0 	0 	1 	0 	7 		C 		0 		0 		1485 
Bangladesh	0 	0 		0 			0 	0 			0 		0 					0 		5 				0 	0 	0 	1 					0 		0 	0 	4 					0 					0 							0 			0 			0 	0 	0 	0 	0 			C 	0 	0 		0 	C 	10 
Barbados	0 	0 		0 	22 		1 	6 			2 	107 	0 				0 	2 		52 				0 	0 	0 	5 				43 	0 		0 	7 						13 					0 	6 						0 	0 		0 			0 	6 	0 	1 	0 			C 	253 	0 		0 	C 	526 
Belarus	0 	0 		0 			7 	0 			0 		0 					0 		0 			0 	0 	0 	0 						0 		0 	0 						0 					0 							0 			1 			0 	0 	0 	0 	0 			0 	0 	0 		0 	C 	8 
Belgium	4 	0 	358 	3567 				1265 	5 	8 	811 	50 	17 	1554 	22 	4 		38 	16 	1581 	18 	100 	2671 	52716 	19052 	232 	1645 	6 	2 	4 	7427 	21 	7 	9305 	15296 	493 	48 	15 		1 	38693 	0 	89 	0 		24207 	15 	0 	1497 	0 		70 	C 	2450 	0 	1 	421 	4 	14 	7734 	1112 	4566 	1 			17761 	16987 	0 		0 	C 	233982 
Belize	0 	0 		0 		4 	0 	2 	58 		1 	5 	0 				2 	4 		0 				3 	0 	0 						0 		0 	0 						58 					0 	6 				0 		0 	0 		0 			0 	0 	0 	8 	0 			C 	77 	0 	36 	0 		265 
Benin	0 	0 		0 			0 	0 			0 		0 					0 		0 				0 	0 	0 						0 		0 	0 						0 					0 							0 			0 			0 	0 	0 	6 	0 			0 		0 		0 	C 	6 
Bermuda	0 	0 	C 	608 	25 	7 	792 		15 		2513 	89 	0 	36563 	138 		0 	25 	24 	95 	1 		52 	4395 	1402 	18 	2352 	1 	1 	0 	1028 	420 	6 	2093 	5024 	212 	5 	47 	20 	7 	5227 	25 	3 	2 	5 	2512 	23 		591 		3 	0 	C 	54 		12 	3102 	1 	438 	198 	380 	3790 	0 			4292 	116295 	8 		0 	C 	194939 
Bhutan	0 	0 		0 			0 	0 			0 		0 					0 		0 				0 	0 	0 						0 		0 	0 						0 					0 							0 			0 			0 	0 	0 	0 	0 			0 		0 		0 	C 	0 
Bolivia	0 	0 		0 			0 	0 	0 		0 	0 	0 					0 		0 				1 	0 	0 						0 		0 	0 						2 					0 							0 	0 		0 			0 	0 	0 	0 	0 	0 		0 	3 	0 		0 		7 
Bonaire, Sint Eustatius and Saba																																																																								
Bosnia and Herzegovina	0 	0 		27 	1 		0 	0 	0 		0 	0 	0 					0 		6 				0 	0 	0 	6 					0 		32 	0 						32 					8 							0 			0 			0 	0 	1 	5 	0 			C 	50 	0 		0 	C 	167 
Botswana	0 	0 	C 	0 			0 	0 			0 		0 					0 		0 				0 	0 	0 	4 					0 		0 	0 						12 			51 		0 							0 			0 			26 	0 	1 	0 	0 			27 	5 	0 		0 		126 
Brazil	278 	0 	166 	812 	5540 		227 	184 			1754 	5865 	99 	C 	5 	17 	24 	154 	0 	1184 			20 	2223 	4578 	19 	521 	14 		43 	1379 	1 		6009 	2713 	191 		16 		6 	12772 					6043 	136 	0 	220 		69 	21 	0 	1036 		0 	97 	1 	6 	3221 	89 	1691 	0 	37 		7819 	50229 	1142 		1 		118673 
British Indian Ocean Territory	0 	0 		0 			0 	0 			0 		0 					0 		0 				0 	0 	0 						0 		0 	0 						0 					0 							0 			0 			0 	0 	0 		0 			0 	0 	0 		0 		0 
Brunei Darussalam	0 	0 		0 			0 	0 	1 		0 		0 					0 		0 				0 	0 	0 	9 					0 		0 	0 						0 					0 							0 			0 			0 	0 	0 	0 	0 			0 		0 		0 		10 
Bulgaria	0 	0 	C 	172 			18 	10 			7 	6 	0 		2 			19 		110 		2 		106 	678 	47 	37 				46 	0 		196 	69 	23 					426 					206 							C 	0 		3 			0 	13 	1 	13 	0 	0 		466 	1443 	0 		0 	C 	4119 
Burkina Faso	0 	0 		0 			0 	0 			0 		0 					0 		0 				0 	0 	0 						0 		0 	0 						0 					0 							0 			0 			0 	0 	0 	1 	0 			0 	0 	0 		0 	C 	1 
Burundi	0 	0 		0 			0 	0 			0 		0 					0 		0 				0 	0 	0 						0 		0 	0 						2 					0 							0 			0 			0 	0 	0 	0 	0 			0 	0 	0 		0 		2 
Cambodia	0 	0 		0 			0 	0 			0 		0 					0 		0 				0 	0 	0 				0 		0 		0 	0 						2 					0 							0 			0 			0 	0 	0 	0 	0 			0 		0 		0 		2 
Cameroon	0 	0 		0 			0 	0 			0 	0 	0 					0 		2 	0 			5 	0 	0 						0 		0 	0 						0 					0 							0 			0 			0 	0 	0 	0 	0 			2 	0 	0 		0 		9 
Canada	2 	0 	2701 	1604 	319 	125 	2090 	2385 	22 	0 		734 	45 	8915 	71 	2 	0 	325 	46 	1350 	9 	1 	535 	12225 	6043 	18 	878 	1 	10 	5 	11834 	70 	53 	2737 	30886 	1590 	57 	39 	2 	10 	21594 	1 	35 	29 		5354 	63 	191 	3700 		13 	7 	46 	151 		0 	3494 	4 	26 	1997 	1717 	8271 	0 	2 		11742 	300978 	3 	0 	0 	C 	447157 
Cabo Verde	0 	0 		0 			0 	0 	0 		0 		0 					0 		0 				0 	0 	0 						0 		0 	0 						0 					5 							0 	0 		0 			0 	0 	0 	0 	0 			0 		0 		0 		5 
Cayman Islands	0 	0 	C 	6513 	477 	4 	5906 	15475 	927 		3972 		105 	38641 	469 	302 	5 	3 	473 	724 	4 		1117 	43298 	19702 	628 	6163 	0 	11 	354 	10185 	832 	75 	19325 	205569 	16148 	19 	2492 	509 	6 	36680 	15 	192 	63 	281 	12491 	8912 	0 	1457 		160 	18 	83 	10312 		0 	2940 	22 	18 	28824 	1302 	20396 	11 	10 		55999 	124972 	8 		0 	C 	705596 
Central African Republic	0 	0 		0 			0 	0 			0 		0 					0 		0 				0 	0 	0 						0 		0 	0 						0 					0 							0 			0 			0 	0 	0 	0 	0 			0 	0 	0 		0 		0 
Chad	0 	0 		0 			0 	0 			0 		0 					0 		0 				0 	0 	0 						0 		0 	0 						0 					0 							0 			0 			0 	0 	0 	0 	0 			0 	0 	0 		0 		0 
Chile	33 	0 	7 	62 	46 	27 	22 	54 	1 		56 	48 		112 	0 	1 	2 	0 		47 	0 			127 	284 	0 	487 				101 	0 		158 	167 	21 					508 			50 		236 	2 	0 	23 		13 		0 	0 		0 			0 	173 	18 	41 	0 			960 	9697 	3 		0 		13587 
China, P.R.: Hong Kong	0 	0 	1883 	88 	1 	0 	570 	5265 	0 		2675 	737 	0 		1424 	2 		1 	0 	704 	1 		188 	2613 	1065 	6 	339 	0 	87 	55 	3554 	344 	12 	906 	7181 	302 	4 	461 	2 	2 	7249 	88 		369 		3242 	8 	43 	574 	0 		142 	0 	0 		0 	6915 		38 	28 	945 	779 	48 			20588 	37661 	0 		0 	C 	109190 
China, P.R.: Macao	0 	0 		0 			0 	0 			0 		0 	63 				0 		0 				0 	0 	0 					0 	0 		0 	0 						2 					0 							0 	42 		0 			0 	0 	0 	0 	0 			0 		0 		0 		107 
China, P.R.: Mainland	0 	0 	123 	38 			78 	8 	1 		587 	11 	1 	19676 	161 	11 		5 	0 	365 			30 	944 	438 	1 	109 	0 	3 	0 	511 	23 	7 	384 	2518 	55 		72 		0 	3455 	40 		1124 		770 			74 		2 	3 	C 	0 		0 	3165 		6 	942 	188 	271 	15 	0 		4965 	13738 	0 		0 	C 	54916 
Christmas Island	0 	0 		0 			0 	0 			0 		0 					0 		0 				0 	0 	0 						0 		0 	0 						0 					0 							0 			0 			0 	0 	0 		0 			0 		0 		0 		0 
Cocos (Keeling) Islands	0 	0 		0 			0 	0 			0 		0 					0 		0 				0 	1 	0 						0 		0 	0 						0 					0 							0 			0 			0 	0 	0 		0 			0 		0 		0 		1 
Colombia	6 	0 	2 	61 	71 	2 	1 	13 	3 		10 	28 	11 				8 	11 		166 				105 	242 	0 	107 			0 	122 	0 		426 	242 	12 				0 	584 					273 	5 		0 		363 	2 	0 	0 	0 	0 			0 	93 	1 	58 	0 	3 		C 	3487 	1 		0 		6519 
Comoros	0 	0 		0 			0 	0 			0 		0 					0 		0 				0 	0 	0 						0 		0 	0 						0 					0 							0 	0 		0 			0 	0 	0 	0 	0 			0 	0 	0 		0 		0 
Congo, Democratic Republic of	0 	0 	C 	0 			2 	0 			0 		0 					0 		0 				1 	0 	0 						0 		0 	0 	2 					0 					0 							0 			0 			0 	0 	0 	0 	0 			9 		0 		0 		13 
Congo, Republic of	0 	0 		0 			0 	0 			0 		0 					0 		0 				3 	0 	0 						0 		0 	0 						0 					0 							0 			0 			0 	0 	0 	0 	0 			0 	0 	0 		0 		3 
Cook Islands	0 	0 		0 			0 	0 			0 		0 	0 				0 		0 				0 	0 	0 						22 		0 	0 						0 					0 							0 			0 			0 	0 	0 		0 			0 	0 	0 		0 		22 
Costa Rica	1 	0 		11 	55 		0 	0 	0 		2 	3 	0 					0 		4 				2 	5 	10 					1 	0 		0 	2 	2 					10 					5 					493 	1 	0 	0 		0 			0 	0 	0 	1 	0 			C 	337 	0 		0 		946 
Cote d'Ivoire	0 	0 		3 			7 	0 			0 	0 	0 	C 				11 		0 				292 	0 	0 					360 	0 		1 	4 	5 					92 			0 		24 							0 			0 			0 	0 	0 	293 	0 			68 	96 	0 		0 	C 	1256 
Croatia	0 	0 	C 	726 			13 	3 		18 	26 	8 	0 	C 				16 	10 	45 		4 	3 	157 	1475 	68 	12 	21 			59 	0 		176 	633 	37 		2 			691 		20 			458 			8 				C 	0 		0 			0 	1 	10 	46 	0 			471 	676 	0 		0 	C 	5897 
Cuba	0 	0 		0 			0 	0 	0 		0 		0 					0 		0 				0 	0 	0 	7 					0 		0 	0 						1 					3 	0 						0 			0 			0 	0 	0 	1 	0 			9 	0 	0 		0 		20 
Curacao																																																																								
Curacao & St. Maarten																																																																								
Cyprus	0 	0 		195 			57 	0 			0 		0 						28 	3 		3 		277 	611 	758 	75 				94 	0 		81 	0 	14 		1 		0 	313 			32 		229 			5 				0 	38 		40 			0 	22 	108 	204 	0 			361 	100 	0 		0 	C 	3647 
Czech Republic	3 	0 	3 	522 			79 	0 			60 		0 					36 		98 		5 	9 	142 	736 	11 	223 	21 			564 	0 		121 	12 	55 					1168 					414 			75 				C 	0 		2 	8 	77 	0 	22 	83 	37 	0 			548 	1293 	0 		0 	C 	6429 
Denmark	0 	0 	511 	5370 	13 		3134 	516 	1 		1067 	52 	0 	496 	26 	0 		29 	20 		6 	28 	2432 	5644 	13082 	35 	595 	0 	24 		4464 	455 	25 	1632 	7144 	821 	23 	3 		3 	14650 	0 	16 	0 		5005 	290 	4 	6522 		2 		C 	349 		0 	837 	2 	19 	1410 	3817 	4014 	0 	0 		12966 	22141 	4 		4 	C 	119704 
Djibouti	0 	0 		0 			0 	0 			0 		0 					0 		0 				0 	0 	0 						0 		0 	0 						0 					0 							0 			0 			0 	0 	0 	0 	0 			0 		0 		0 		0 
Dominica	0 	0 		0 				0 			0 		0 					0 		0 				0 	0 	0 						0 	5 	0 	0 						1 					0 	0 						0 			0 			0 	0 	0 	0 	0 			-23 	0 	0 		0 	C 	-17 
Dominican Republic	0 	0 		9 		14 	0 	0 	1 		28 	2 	0 				3 	0 		21 				34 	11 	0 					14 	0 		14 	1 	5 					62 					24 	11 				6 		0 			0 			0 	0 	0 	5 	0 			66 	512 	1 		0 		843 
Ecuador	0 	0 	2 	29 	40 		0 	10 	0 	0 	3 	19 	0 	0 		0 	7 	0 		74 				23 	83 	0 	15 	4 				0 		125 	27 					1 	232 					198 					9 	2 	0 	0 		4 			0 	24 	1 	43 	0 	2 		C 	902 	3 		0 		1881 
Egypt	0 	0 	C 	4 			0 	0 	0 		8 		0 					0 		13 				44 	6 	62 	87 				26 	4 		21 	1 	12 		2 	97 	1 	133 			32 		11 	0 						0 	0 		0 			0 	0 	1 	12 	0 			150 	571 	0 		0 	C 	1298 
El Salvador	0 	0 		13 	42 	25 	0 	0 			5 	4 	0 				47 	0 		8 				15 	14 	0 					22 	0 		14 	12 	5 					35 					20 					28 		0 			0 			0 	1 	0 	1 	0 			C 	601 	0 		0 		911 
Equatorial Guinea	0 	0 		0 			0 	0 			0 		0 					0 		0 				0 	0 	0 						0 		0 	0 						0 					0 							0 			0 			0 	0 	0 	0 	0 			0 		0 		0 		0 
Eritrea	0 	0 		0 			0 	0 			0 		0 					0 		0 				0 	0 	0 						0 		0 	0 						2 					0 							0 			0 			0 	0 	0 	0 	0 			0 		0 		0 		2 
Estonia	0 	0 		202 			-2 	16 	0 		3 	2 	7 					12 	0 	31 			104 	12 	192 	0 	21 				42 	1 		40 	27 						421 					83 			8 				0 			7 			0 	2 	190 	52 	0 			203 	174 	0 		0 	C 	1850 
Ethiopia	0 	0 		0 			0 	0 			0 		0 					0 		0 				0 	0 	0 					24 	0 		0 	0 						0 					0 							0 			0 			0 	0 	0 	0 	0 			0 	0 	0 		0 		24 
Falkland Islands	0 	0 		0 			0 	0 			0 		0 					0 		0 				0 	0 	0 						0 		0 	0 						0 					0 							0 			0 			0 	0 	0 	0 	0 			0 		0 		0 		0 
Faroe Islands	0 	0 		0 			0 	0 			0 		0 					0 		50 				0 	0 	0 						0 		0 	0 						0 					0 			1 				0 			0 			0 	0 	0 	0 	0 			0 		0 		0 		51 
Fiji	0 	0 		0 			0 	0 			2 		0 					0 		0 				0 	0 	0 					17 	0 		0 	0 						0 					0 							0 			0 			0 	0 	0 	0 	0 			C 		0 		0 		19 
Finland	26 	0 	363 	2531 		2 	3793 	182 	1 	7 	1891 	0 	34 	813 	35 		0 	9 	8 	2710 		164 		18515 	21348 	111 	729 	3 	91 	2 	5091 	223 	1 	4058 	6743 	441 	22 	5 	2 	5 	10690 	0 	3 			6696 	11 	0 	2179 		3 		5 	510 		0 	668 	11 	22 	2354 	8596 	5079 	0 	0 		18698 	41126 	0 		0 	C 	166612 
France	30 	0 	4850 	13812 	153 	20 	54395 	4593 	46 	20 	11963 	254 	54 	6881 	172 	12 	0 	426 	1302 	7134 	70 	73 	13181 		122169 	3260 	9955 	34 	74 		59488 	272 	374 	73902 	90335 	10344 	439 	493 	188 	231 	119172 	121 	235 	15 		82969 	47 	199 	10793 	6 	20 	29 	137 	12226 	0 	27 	8372 	63 	215 	51692 	11480 	44106 	14 	14 		119125 	183425 	6 		3 	178304 	1313815 
French Southern Territories	0 	0 		0 			0 	0 			0 		0 					0 		0 				0 	0 	0 								0 							0 					0 							0 			0 			0 	0 	0 		0 			0 		0 		0 		0 
French Territories: French Polynesia	0 	0 		3 			0 	0 			0 		0 	C 				0 		0 				23 	0 	0 						0 		0 	0 						1 					0 							0 			0 			0 	0 	0 	0 	0 			0 	0 	0 		0 		27 
French Territories: New Caledonia	0 	0 		0 			0 	0 			0 		0 					0 		0 				0 	0 	0 						0 		0 	0 						0 					0 							0 			0 			0 	0 	0 	0 	0 			0 		0 		0 		0 
Gabon	0 	0 		0 			0 	0 			0 		0 					0 		0 				99 	0 	0 						0 		0 	0 						1 					0 							0 	0 		0 			0 	0 	0 	4 	0 			2 		0 		0 		106 
Gambia, The	0 	0 		0 			0 	0 			0 		0 	C 				0 		0 				0 	0 	0 						0 		0 	0 						28 					0 							0 			0 			0 	0 	0 	0 	0 			0 	30 	0 		0 		58 
Georgia	0 	0 		0 			3 	0 			0 		0 			1 		0 		0 				0 	0 	0 	5 				84 	0 		0 	1 						155 					0 							0 			3 			0 	0 	0 	0 	0 			C 	0 	0 		0 	C 	252 
Germany	169 	0 	5071 	59149 	93 	46 	43003 	8165 	68 	70 	8596 	2154 	264 	10428 	343 	38 		247 	2099 	22555 	101 	371 	13810 	188203 		2347 	10358 	54 	165 	67 	82203 	485 	350 	95825 	154751 	16253 	308 	198 	233 	44 	212775 	79 	606 	3 	50 	159575 	104 	277 	26701 		38 	51 	663 	14359 		545 	9606 	221 	188 	64288 	16198 	82965 	400 	404 		117333 	186611 	12 		3 	232664 	1855404 
Ghana	0 	0 	C 	1 			0 	0 			9 		0 					0 		1 				33 	4 	0 	12 					0 		1 	4 	2 					203 					0 							0 			0 			0 	0 	0 	13 	0 			14 	1216 	0 		0 		1513 
Gibraltar	0 	0 		68 			70 	0 	0 		0 		0 					0 		0 				8 	561 	0 	82 				40 	0 		90 	0 	73 					1116 					0 							15 	559 		0 			0 	277 	0 	130 	0 			C 	31 	0 		0 		3120 
Greece	0 	0 	189 	6398 			12038 	256 		13 	243 		7 	145 	4 			170 	599 	681 		3 	944 	25976 	24678 		607 				5289 	31 		10773 	4424 	102 	15 	16 	0 		10000 	0 	100 			8132 	5 	8 	1508 			1 	C 	502 		0 	91 	3 	56 	2344 	851 	1065 	0 			17365 	5935 	0 		0 	C 	141570 
Greenland	0 	0 		0 			0 	0 			0 		0 					0 		45 				0 	0 	0 						0 		0 	0 						0 					6 							0 			0 			0 	0 	0 	0 	0 			0 		0 		0 		51 
Grenada	0 	0 		0 	4 		0 	0 	0 		0 	5 	0 					0 		0 				0 	0 	0 						0 		0 	0 						1 					0 	1 						0 			0 			0 	0 	0 	1 	0 			C 	6 	0 		0 	C 	19 
Guadeloupe	0 	0 		0 			0 	0 			0 		0 					0 		0 				0 	0 	0 						0 		0 	0 						0 					0 							0 			0 			0 	0 	0 		0 			0 		0 		0 		0 
Guam	0 	0 		0 			0 	0 			0 		0 	59 				0 		0 				0 	0 	0 						0 		0 	0 						0 					0 							0 			0 			0 	0 	0 		0 			0 		0 		0 		59 
Guatemala	0 	0 		4 	130 	94 	0 	0 	0 		1 	0 	0 				3 	0 		0 				0 	6 	0 					5 	0 		3 	1 						25 					1 					102 		0 			0 			0 	0 	0 	0 	0 			48 	109 	0 		0 		534 
Guernsey	0 	0 		549 			194 	148 	6 		50 	8 	8 	3 	65 			0 		20 			111 	1956 	5302 	136 		4 			213 	203 		1062 	0 	132 		9 	84 	4 	3308 			8 		758 	123 						C 	123 		0 		1 	667 	45 	14 	5061 	0 			2556 	5350 	1 		0 	C 	28284 
Guiana, French	0 	0 		0 			0 	0 			0 		0 					0 		0 				0 	0 	0 						0 		0 	0 						0 					0 							0 			0 			0 	0 	0 		0 			0 	0 	0 		0 		0 
Guinea	0 	0 		0 			0 	0 			0 		0 					0 		0 				0 	0 	0 						0 		0 	0 						0 					0 							0 	0 		0 			0 	0 	0 	9 	0 			0 		0 		0 		9 
Guinea-Bissau	0 	0 		0 			0 	0 			0 		0 					0 		0 				0 	0 	0 						0 		0 	0 						0 					0 							0 	0 		0 			0 	0 	0 	0 	0 			0 		0 		0 		0 
Guyana	0 	0 		0 		27 	0 	0 			0 		0 					0 		0 				0 	0 	0 						0 		0 	9 						13 					0 							0 			0 			0 	0 	0 	0 	0 			18 	5 	0 		0 		72 
Haiti	0 	0 		0 			0 	0 			0 		0 					0 		0 				0 	0 	0 						0 		0 	0 						0 					0 							0 			0 			0 	0 	0 	0 	0 			43 	0 	0 		0 		43 
Honduras	0 	0 		0 	1 		0 	0 			0 		0 					0 		0 				0 	0 	0 						0 		0 	0 						6 					0 					42 		0 			0 			0 	0 	0 	0 	0 			0 	50 	0 		0 	C 	99 
Hungary	0 	0 	10 	2756 			412 	0 	0 	19 	102 	4 	3 	37 	0 			13 	258 	421 		24 	14 	878 	7262 	39 	118 				702 	1 		279 	426 	25 					6650 		7 			942 	5 	0 	85 			4 	61 	0 		0 	9 	359 	0 	250 	111 	266 	0 			2638 	3091 	0 		0 	C 	28281 
Iceland	0 	0 		466 			214 	85 			9 	23 	0 	147 				4 	123 	79 		1 	416 	1333 	2529 	6 	28 	0 			688 	0 		445 	314 						1436 					116 	8 		236 				0 	132 		0 			0 	217 	402 	94 	0 			1210 	143 	0 		0 	C 	10903 
India	0 	0 	404 	38 	19 		110 	2 	0 		620 	19 	0 	134 	0 			0 		183 	2 		59 	709 	141 	3 	74 			0 	413 	7 		265 	260 	123 		52 		0 	3878 	1 		14530 		676 	1 		4 				C 	0 		0 	1680 		5 	1519 	18 	103 	2 	1 		4024 	18699 	0 		0 	C 	48777 
Indonesia	0 	0 	32 	27 			14 	7 			175 	146 	0 	698 	0 			0 		78 			10 	213 	88 	0 	172 				204 	1 		99 	141 	46 		18 		0 	1620 	8 		5328 		346 	11 	0 	2 			4 	0 	0 		0 	2129 		0 	74 	32 	106 	106 			1740 	5072 	0 		0 	C 	18748 
Iran, Islamic Republic of	0 	0 		9 			0 	1 			0 		0 	1 				0 	0 	135 				5 	38 	0 	6 					0 		6 	0 					0 	98 					0 							0 			1 			0 	0 	95 	18 	0 			C 		0 		0 		413 
Iraq	0 	0 		0 			0 	0 			0 		0 					0 		0 				0 	0 	0 						0 		0 	0 	9 					1 					4 							0 			0 			0 	0 	0 	0 	0 			0 		0 		0 		13 
Ireland	0 	0 	461 	4859 	92 	2 	7708 	4976 	14 	9 	1752 	8 	1579 	3393 	47 	43 		80 	231 	2332 		2 	4228 	35770 	41964 	201 	4745 	40 	322 			1886 	44 	33859 	33713 	6639 	30 	306 	10 	5 	24811 	0 	39 	49 	150 	13163 	98 	0 	1631 		2 	16 	73 	7258 		0 	2209 	2 	5889 	8806 	1639 	8789 	2 	1 		47327 	33470 	0 		0 	C 	346770 
Isle of Man	0 	0 		0 			0 	0 	0 		0 		0 					46 		23 				0 	0 	0 	29 				5 			15 	0 	2 				0 	31 	0 		0 		0 							0 	0 		0 			51 	0 	0 	515 	0 			1410 	0 	0 		0 		2127 
Israel	0 	0 	26 	192 			44 	19 	10 		538 	196 	0 	0 				0 	0 	184 			3 	372 	318 	27 	44 	0 	1 		338 	0 		256 	999 	21 					1034 		6 	0 		346 	2 	0 	18 		0 	5 	0 	0 		0 	18 		2 	23 	36 	264 	40 	0 		1961 	28664 	3 		0 	C 	36013 
Italy	21 	0 	1721 	11786 	9 	1 	60897 	1707 	42 	36 	4073 	151 	35 	1381 	38 	2 	0 	132 	578 	4125 	29 	38 	6955 	181419 	109505 	1356 	4790 	11 	16 	0 	68512 	71 	6 		58380 	2056 	123 	17 	120 	24 	107395 	17 	406 	16 		56441 	220 	35 	8976 		1 	5 	92 	5483 	3 	5 	2189 	138 	43 	57442 	4650 	9599 	81 	6 		113694 	66931 	4 		5 	34484 	988526 
Jamaica	0 	0 		8 			0 	0 			0 	3 	0 				0 	0 		3 				11 	71 	0 						0 		75 	0 	7 					5 					0 	5 						0 			0 			0 	8 	0 	8 	0 			C 	40 	0 		0 	C 	244 
Japan	5 	2 	8858 	1910 	4 	8 	2007 	4658 	3 		19033 	299 	22 	10443 	62 	3 		25 	1 	3058 	128 	1 	925 	29882 	25764 	45 	1780 	8 	69 	3 	18644 	349 	32 	11683 		2251 	179 	243 	4 	5 	42147 	19 	56 	2 		21840 	337 	1393 	12153 			14 	1 	126 		4 	8306 	1 	412 	1436 	8504 	12366 	1 	4 		109018 	291850 	0 	0 	1 	85644 	738029 
Jersey	0 	0 		2412 			3526 	556 		1 	53 	105 	0 	C 	9 			0 		186 			204 	3408 	12096 	213 	652 		22 		2271 	89 		5851 	0 			94 	33 	1 	5817 	26 	15 	81 		7205 	1 						231 	4314 		0 	8 		2021 	156 	44 	28835 	0 			32226 	10456 	0 		0 	C 	123220 
Jordan	0 	0 		0 			0 	0 			0 		0 					6 		0 	15 			0 	0 	0 	3 				0 	0 		0 	0 				1 	2 	2 					0 			0 				0 			0 			0 	0 	0 	0 	0 			36 	57 	0 		0 		123 
Kazakhstan	0 	0 		5 			2 	30 			0 	4 	0 	C 				27 		5 				21 	29 	3 	0 				6 	0 		1 	0 	14 					41 					3 						1 	0 	0 		1 			0 	0 	0 	3 	0 	0 		257 	102 	0 		0 	C 	554 
Kenya	0 	0 		0 			0 	0 			0 		0 					0 		0 				0 	0 	0 	16 				4 	0 		1 	0 						16 			24 		1 	0 					0 	0 			0 			0 	0 	0 	0 	0 			45 	21 	0 		0 		128 
Kiribati	0 	0 		0 			1 	0 			0 		0 					0 		0 				0 	0 	0 						0 		0 	0 						3 					0 							0 			0 			0 	0 	0 	0 	0 			0 		0 		0 		4 
Korea, Democratic People's Rep. of	0 	0 						0 										0 		0 					0 							0 			0 						0 					0 		0 					0 			0 			0 	0 	0 		0 					0 		0 		0 
Korea, Republic of	0 	0 	841 	224 			304 	800 	0 		2736 	137 	20 	10040 	35 			15 	0 	733 	2 		145 	2309 	2751 	9 	531 	10 	8 	2 	2729 	12 		1493 	5289 	502 					9581 	154 	6 	78 		3626 	5 	66 	765 			36 	C 	0 		0 	8764 		9 	15 	623 	1170 	0 			19228 	53429 	0 		0 	C 	129231 
Kosovo, Republic of																																																																								
Kuwait	0 	0 		13 			5 	0 			0 		0 					8 		0 	6 			29 	0 	0 	2 					0 		0 	0 					0 	22 					0 							0 			0 	0 		0 	0 	0 	0 	0 	7 		1977 		0 		0 		2070 
Kyrgyz Republic	0 	0 		0 			0 	3 	0 		0 		0 					0 		0 				0 	0 	0 				1 		0 		0 	0 						2 					0 							0 			0 			0 	0 	0 	0 	0 			0 	0 	0 		0 	C 	7 
Lao People's Democratic Republic	0 	0 		0 			0 	0 			0 		0 					0 		0 				0 	0 	0 						0 		0 	0 						0 					0 							0 			0 			0 	0 	0 	0 	0 			0 		0 		0 		0 
Latvia	0 	0 		72 			0 	0 			0 		0 	C 				12 	0 	11 		40 	11 	4 	283 	0 	3 					0 		1 	3 						51 					39 			1 				C 			0 			0 	3 	15 	2 	0 			C 	0 	0 		0 	C 	551 
Lebanon	0 	0 		1 			0 	0 	5 		0 	2 	0 	C 				282 		0 	3 			30 	5 	0 						0 		16 	2 				36 		41 					8 			1 				0 			0 			0 	0 	0 	12 	0 			C 	150 	0 		0 		595 
Lesotho	0 	0 		0 			0 	0 			0 		0 					0 		0 				0 	0 	0 						0 		0 	0 						0 					0 							0 			0 			2 	0 	0 	0 	0 			0 	2 	0 		0 		4 
Liberia	0 	0 		3 			1 	24 	0 		14 		0 	4 				0 		2 			4 	39 	38 	1 	2 				4 	0 		38 	14 	7 			3 		31 					38 			300 				0 			0 			0 	0 	-1 	5 	0 			100 	4328 	0 		0 	C 	4998 
Libya	0 	0 		0 			0 	9 			0 		0 					0 		0 				0 	0 	0 						0 		0 	0 						0 					0 							0 			0 			0 	0 	0 	0 	0 			12 		0 		0 		21 
Liechtenstein	0 	0 		30 			0 	0 	0 		0 		0 					0 	0 	0 				4 	164 	0 					0 	0 		242 	0 	68 					28 					1 							0 	0 		0 			0 	0 	1 		0 			C 	19 	0 		0 		559 
Lithuania	0 	0 		231 			9 	0 		5 	0 	3 	0 					7 		3 		66 	19 	73 	815 	3 		10 			1 	0 		11 	0 						282 					192 			2 				C 	0 		0 			0 	4 	54 	33 	0 			C 	28 	0 		0 	C 	1851 
Luxembourg	512 	0 	69 	10296 		6 	76524 	1133 	94 	45 	726 	143 	5798 	10832 	144 	180 		186 	1049 	1453 	1 	36 	4606 	50489 	171140 	3135 	1878 	72 	1161 	13 	16032 	1817 	642 	189594 	53843 	2117 	0 	1752 	6 	69 		1 	77 	85 	307 	16081 	28 	2 	3231 		27 	10 	166 	5505 	7 	498 	4514 	301 	1477 	19816 	30281 	106191 	2 	302 		38830 	23383 	12 		0 	C 	858726 
Macedonia, FYR	0 	0 		1 			0 	0 			0 		0 					0 		13 				1 	0 	0 	2 					0 		1 	0 						10 					5 							0 			0 			0 	0 	0 	0 	0 			12 	42 	0 		0 	C 	88 
Madagascar	0 	0 		0 			0 	0 			0 		0 					0 	0 	0 				0 	0 	0 						0 		0 	0 						0 			14 		0 							0 			0 			0 	0 	0 	0 	0 			0 	0 	0 		0 		14 
Malawi	0 	0 		0 			0 	0 			0 		0 					0 		0 				0 	0 	0 						0 		0 	0 						30 					0 							0 			0 			0 	0 	0 	0 	0 			0 	0 	0 		0 		30 
Malaysia	0 	0 	77 	75 			35 	41 			225 	185 	7 	3622 	4 			0 		222 			44 	400 	469 	0 	194 			1 	433 	2 		361 	1705 	148 		158 	10 		2120 			347 		998 		0 	43 			24 	0 	0 		1 	8583 		0 	0 	75 	158 	6 			4499 	7953 	0 		0 	C 	33226 
Maldives	0 	0 		0 			0 	0 			0 		0 					0 		0 				0 	0 	0 						0 		10 	0 						0 					0 							0 			0 			0 	0 	0 	0 	0 			0 		0 		0 		10 
Mali	0 	0 		0 			0 	0 			0 		0 					0 		0 				0 	0 	0 						0 		0 	0 						0 					0 							0 			0 			0 	0 	0 	0 	0 			5 	0 	0 		0 	C 	5 
Malta	0 	0 		48 			0 	0 			0 		0 					25 		0 			0 	0 	43 	0 						0 		14 	0 				41 		13 					0 							0 			0 			3 	5 	0 	0 	0 			C 	19 	0 		0 		211 
Marshall Islands, Republic of	0 	0 		3 			0 	8 			26 		0 	0 				5 		0 				16 	6 	0 					1 	0 	14 	8 	3 					0 	4 					10 	1 						0 			0 			0 	0 	3 	3 	0 			0 	942 	0 		0 		1054 
Martinique	0 	0 		0 			0 	0 			0 		0 					0 		0 				0 	0 	0 						0 		0 	0 						0 					0 							0 			0 			0 	0 	0 		0 			0 		0 		0 		0 
Mauritania	0 	0 		0 			0 	0 			0 		0 					0 		0 				0 	0 	0 						0 		0 	0 						0 					0 							0 			0 			0 	0 	0 	0 	0 			0 	0 	0 		0 		0 
Mauritius	0 	0 		3 			0 	0 			0 		0 	347 	0 			2 		2 				18 	24 	0 	77 			435 	38 	5 		8 	7 			21 			76 					19 				4 			0 			0 	88 		22 	0 	0 	26 	0 			C 	174 	0 		0 		1395 
Mayotte	0 	0 		0 			0 	0 			0 		0 					0 		0 				0 	0 	0 						0 		0 	0 						0 					0 							0 			0 			0 	0 	0 		0 			0 		0 		0 		0 
Mexico	24 	0 	127 	605 	968 	1 	45 	259 	6 		2523 	5632 	154 	159 	0 	1 	14 	51 	9 	686 			13 	959 	2739 	15 	320 		1 		1103 	4 		2530 	2505 	184 		33 		1 	4376 					2427 	54 	0 	460 		93 	2 	0 	76 		0 	305 	0 	0 	118 	116 	595 	6 	1 		8261 	56240 	21 		19 		94843 
Micronesia, Federated States of	0 	0 		0 			0 	0 			0 		0 					0 		0 				0 	0 	0 						0 		0 	0 						0 					0 							0 			0 			0 	0 	0 	0 	0 			0 		0 		0 		0 
Moldova	0 	0 		0 			0 	0 			0 		0 					0 		20 				0 	0 	0 						0 		0 	0 						0 					0 							0 		1 	140 			0 	0 	0 	0 	0 			0 	0 	0 		0 	C 	162 
Monaco	0 	0 		0 			0 	0 			0 		0 					0 		0 				0 	0 	0 						0 		759 	0 						0 					0 							0 			0 			0 	0 	0 		0 			4 	3 	0 		0 		766 
Mongolia	0 	0 		0 			0 	0 			50 		0 					0 		0 				0 	0 	0 						0 		0 	0 						1 					0 							0 			0 			0 	0 	0 	0 	0 			0 	1 	0 		0 		52 
Montenegro																																														0 																0 										0 
Montserrat	0 	0 		0 			0 	0 			0 		0 					0 		0 				0 	0 	0 						0 		0 	0 						0 					0 					4 		0 			0 	0 		0 	0 	0 		0 			0 		0 		0 		4 
Morocco	0 	0 	C 	10 			13 	10 			2 	8 	0 	C 				1 		11 	15 			412 	78 	0 	60 			1 	51 	0 		38 	1 	32 			18 	0 	202 					52 							C 	0 		0 			0 	358 	0 	5 	0 			75 	163 	0 		0 		1615 
Mozambique	0 	0 		0 			0 	0 	0 		0 		0 					0 		0 				0 	0 	0 						0 		0 	0 						1 			2 		0 							0 	0 		0 			0 	0 	0 	0 	0 			0 	0 	0 		0 		4 
Myanmar	0 	0 		0 			0 	0 			0 		0 					0 		0 				0 	0 	0 				0 		0 		0 	3 						0 					0 							0 			0 	5 		0 	0 	0 	0 	0 			0 	0 	0 		0 		8 
Namibia	0 	0 		0 			1 	0 			0 		0 					0 		0 				0 	1 	0 						0 		0 	0 						0 					0 							0 			0 			4 	0 	0 	0 	0 			5 	3 	0 		0 		14 
Nauru	0 	0 		0 			0 	0 			0 		0 					0 		0 				0 	0 	0 						0 		0 	0 						0 					0 							0 			0 			0 	0 	0 	0 	0 			2 		0 		0 		2 
Nepal	0 	0 		0 			0 	0 			0 		0 					0 		0 				0 	0 	0 						0 		0 	0 						0 					0 							0 			0 			0 	0 	0 	0 	0 			0 	0 	0 		0 	C 	0 
Netherlands	44 	6 	7292 	16438 	58 	22 	41091 	3143 	62 	40 	7260 	298 	273 	9006 	199 	2 		316 	1439 	5285 	34 	203 	9296 	170667 	142948 	1118 	2326 	113 	29 	165 	30985 	181 	149 	62841 	61329 	9473 	194 	625 	271 	13 	81638 	103 	303 	69 	9 		407 	46 	7137 	0 	23 	76 	413 	8397 		187 	4029 	140 	92 	48142 	8363 	52991 	0 	457 		106984 	182193 	48 		10 	30122 	1117614 
Netherlands Antilles	0 	23 		672 	26 		1021 	222 	5 		338 	20 	0 	527 	0 			6 	19 	845 			6 	23748 	1944 	0 	421 	1 			620 	20 		3953 	12909 	473 				0 	3643 					2013 			91 		3 		C 	368 		0 		6 	0 	2675 	130 	2968 	0 			2888 	24737 	1 		0 	C 	87344 
New Zealand	0 	0 	1112 	34 		7 	99 	209 			348 		3 	781 	12 			0 		58 			19 	408 	337 	0 	184 				860 	15 	5 	111 	2107 	899 	0 				1075 	0 		0 		203 	48 		263 			1 	0 	0 		0 	813 		2 	107 	54 	446 	0 			4710 	10558 	0 	10 	0 	C 	25903 
Nicaragua	0 	0 		0 			0 	0 			0 		0 				1 	0 		0 				0 	0 	0 						0 		0 	0 						6 					0 					16 		0 			0 			0 	0 	0 	0 	0 			0 	1 	0 		0 	C 	24 
Niger	0 	0 		0 			0 	0 			0 		0 					0 		0 				0 	0 	0 						0 		0 	0 						0 					0 							0 			0 			0 	0 	0 	0 	0 			C 	0 	0 		0 	C 	0 
Nigeria	0 	0 		11 			0 	0 			0 	144 	0 					0 		37 	6 			124 	8 	0 	37 				14 	0 		33 	2 	4 				1 	33 			5 		56 							C 			0 			0 	0 	0 	2 	0 			C 		0 		0 		516 
Niue	0 	0 		0 			0 	0 			0 		0 					0 		0 				0 	0 	0 						0 		4 	0 						0 					0 							0 			0 			0 	0 	0 		0 			0 		0 		0 		4 
Norfolk Island	0 	0 		0 			0 	0 			0 		0 					0 		0 				0 	0 	0 						0 		0 	0 						0 					0 							0 			0 			0 	0 	0 		0 			0 		0 		0 		0 
Norway	0 	0 	248 	1129 	97 	1 	666 	380 	1 		611 	77 	0 	2199 	107 			156 	65 	1957 	1 	16 	1014 	3621 	6057 	53 	495 	0 	10 		2476 	52 	23 	1080 	10808 	669 	0 	4 		0 	7428 		27 			1684 	5 	27 			2 	10 	C 	40 		0 	885 	0 	7 	1204 	3219 	5057 	0 			9263 	21243 	0 		0 	C 	84174 
Oman	0 	0 		0 			0 	0 			1 		0 					0 		0 				0 	0 	0 	48 					0 		0 	0 				2 		13 					0 							0 			0 			0 	0 	0 	0 	0 			12 		0 		0 		78 
Pakistan	0 	0 		0 			0 	0 			2 	4 	0 	0 				0 		16 	0 			0 	1 	0 					11 	0 		1 	5 			3 			4 			196 		1 			0 				0 			0 			0 	0 	0 	1 	0 			C 	133 	0 		0 	C 	378 
Palau	0 	0 		0 			0 	0 			0 		0 					0 		0 				0 	0 	0 						0 		0 	0 						0 					0 							0 			0 			0 	0 	0 	2 	0 			0 		0 		0 		2 
Panama	47 	0 	2 	44 	122 	5 	33 	18 	43 		214 	27 	0 	105 	0 	3 	35 	8 		77 			0 	122 	179 	0 	30 				114 	1 	5 	242 	212 	37 				0 	837 					495 	6 		61 				0 	0 		0 			0 	60 	9 	392 	0 			C 	18648 	2 		13 	C 	22253 
Papua New Guinea	0 	0 	C 	8 			1 	0 			21 		0 	12 				0 		0 				9 	14 	0 					13 	0 		9 	0 						227 	0 				23 							0 	0 		0 			0 	0 	3 	18 	0 			C 	235 	0 		0 		591 
Paraguay	0 	0 		0 			0 	0 	6 		0 		0 					0 		0 				0 	0 	0 						0 		0 	0 					0 	0 					0 							0 			0 			2 	0 	0 	0 	0 			5 	0 	0 		0 		13 
Peru	0 	0 	10 	38 	19 		11 	6 	0 		135 	1 	0 				2 	0 		75 			0 	107 	117 	0 	17 				98 	0 		133 	49 	11 					856 					241 	0 		0 		33 		0 	0 		0 			0 	13 	3 	38 	0 			236 	3999 	0 		0 		6248 
Philippines	0 	0 	68 	73 	7 		35 	45 			210 	174 	5 	1035 	0 			16 		116 			1 	529 	192 	0 	173 			16 	1032 	3 		237 	1314 	298 		52 		1 	1441 	8 		1 		609 	0 	0 	1 		2 		0 	0 		0 	1116 		0 	23 	62 	593 	3 			2367 	5046 	0 		0 	C 	16905 
Pitcairn Islands	0 	0 		0 			0 	0 			0 		0 					0 		0 				0 	0 	0 						0 		0 	0 						0 					0 							0 			0 			0 	0 	0 		0 			0 		0 		0 		0 
Poland	0 	0 	9 	1354 			270 	19 	0 	10 	103 	3 	12 		1 			16 	467 	338 		22 	74 	1483 	5613 	78 	91 	26 			992 	0 		424 	619 	59 	3 	5 			5491 					1793 	83 		433 		2 			79 		20 	32 	15 	0 	118 	980 	149 	0 			5409 	3481 	0 		0 	C 	30179 
Portugal	1 	0 	151 	1344 	232 		6522 	219 	137 	1 	381 	148 	10 	255 	9 			25 	130 	203 	3 	3 	1064 	26654 	17155 	198 	135 	0 			4111 	21 	9 	6935 	1449 	1017 	29 	20 	23 	1 	6803 	0 	55 	0 		5718 	0 	56 	918 				2 			0 	478 	5 	1 	5357 	288 	712 	0 			13817 	5276 	0 		0 	C 	108083 
Puerto Rico	0 	0 		0 			24 	0 	2 		45 		0 			2 		0 		2 				16 	0 	0 					8 	0 		11 	10 						16 					18 	0 						0 			0 			0 	0 	13 		0 			C 		0 		0 		167 
Qatar	0 	0 		16 			0 	0 			1 		0 					15 		7 	3 			33 	54 	0 	7 				20 	0 		5 	45 	12 		1 	462 	1 	69 	25 				43 			14 	1 			0 	0 		0 			0 	0 	0 	12 	11 	4 		139 		0 		0 		1001 
Reunion	0 	0 		0 			0 	0 			0 		0 					0 		0 				0 	0 	0 						0 		0 	0 						0 			1 		0 							0 			0 			0 	0 	0 		0 			0 		0 		0 		1 
Romania	0 	0 	C 	208 			4 	0 		11 	3 	8 	0 					103 		69 	3 	1 	1 	69 	681 	231 	63 	2 			29 	0 		442 	1 	4 					463 					126 							C 	0 		0 		2 	0 	3 	2 	35 	0 	3 		600 	151 	0 		0 	C 	3320 
Russian Federation	0 	0 	59 	760 	2 		87 	57 	0 	6 	363 	35 	1 	44 	0 		0 	913 	22 	695 		15 	376 	845 	2124 	202 	463 	75 			728 	1 		1713 	258 	146 	0 	122 		1 	5970 					2450 	2 		106 		2 	24 	25 	0 	0 		60 	2 	0 	62 	1607 	1373 	0 	2 	15 	7635 	21555 	0 		0 	C 	51007 
Rwanda	0 	0 		0 			0 	0 			0 		0 					0 		0 				0 	0 	0 						0 		0 	0 						0 					0 							0 			0 			0 	0 	0 	0 	0 			0 	0 	0 		0 		0 
Saint Helena	0 	0 		0 			0 	0 			0 		0 					0 		0 				0 	0 	0 						0 		0 	0 					0 	0 	0 				0 							0 			0 			0 	0 	0 	0 	0 			0 		0 		0 		0 
Saint Pierre and Miquelon	0 	0 		0 			0 	0 			0 		0 					0 		0 				0 	0 	0 						0 		0 	0 						0 					0 							0 			0 			0 	0 	0 		0 			0 		0 		0 		0 
Samoa	0 	0 		0 			0 	0 			0 		0 					0 		0 				0 	0 	0 						0 		0 	0 						0 					0 							0 			0 			0 	0 	0 	0 	0 			0 		0 		0 		0 
San Marino	0 	0 		0 			0 	0 			0 		0 					0 		0 				0 	0 	0 						0 		117 	0 						0 					0 							0 			0 			0 	0 	0 	0 	0 			0 		0 		0 		117 
Sao Tome and Principe	0 	0 		0 			0 	0 			0 		0 					0 		0 				0 	0 	0 						0 		0 	0 						0 					0 							0 	0 		0 			0 	0 	0 	0 	0 			0 		0 		0 		0 
Saudi Arabia	0 	0 		0 			0 	0 			0 		0 					0 		0 	218 			0 	0 	9 	129 					0 		0 	0 				492 	1 	0 	20 				218 				47 			0 			0 			0 	0 	1 	16 	0 	10 		C 		0 		0 		1160 
Senegal	0 	0 		0 			0 	2 			0 		0 					0 		2 				10 	0 	0 						0 		0 	0 	7 					5 					0 							0 			0 			0 	0 	3 	4 	0 			29 	0 	0 		0 	C 	61 
Serbia, Republic of	0 	0 		0 			0 	0 		1 	0 		0 					0 		0 				0 	0 	14 	1 					0 		0 	0 						10 					75 							0 	38 		0 			0 	0 	0 	0 	0 			0 	15 	0 		0 	C 	154 
Seychelles	0 	0 		0 			0 	0 			0 		0 					0 		0 				0 	0 	0 						0 		0 	0 						0 			3 		0 							0 			0 			0 	0 	0 	0 	0 			0 	1 	0 		0 		4 
Sierra Leone	0 	0 		0 			1 	0 			0 		0 					0 		0 				0 	0 	0 						0 		0 	0 						0 					0 							0 			0 			0 	0 	0 	0 	0 			0 	0 	0 		0 		1 
Singapore	0 	0 	605 	125 	5 	0 	114 	104 	0 		1209 	100 	0 	5604 	60 			7 	0 	123 	0 		131 	620 	658 	5 	99 	0 	3 	125 	920 	18 		456 	2707 	230 	3 	326 		0 	3135 	443 		1132 		1427 	51 	16 	538 		2 	30 	C 	0 		0 			20 	30 	383 	530 	7 	0 		8065 	25001 	0 		0 	C 	55168 
Sint Maarten																																																																								
Slovak Republic	0 	0 	C 	681 			40 	0 			0 		3 					18 	565 	4 		4 		75 	1115 	13 	26 	16 			17 	0 		57 	0 	4 		6 			541 					114 			1 				3 	0 		0 	0 		0 	2 	0 	26 	0 			C 	88 	0 		0 	C 	3417 
Slovenia	0 	0 	C 	517 			19 	23 	0 	7 	0 	2 	2 					16 		0 		5 		287 	1235 	0 	17 				182 	0 		253 	1 						379 					140 	0 		25 				0 	0 		0 		2 	0 	33 	1 	57 	0 			186 	87 	0 		0 	C 	3476 
Solomon Islands	0 	0 		0 			0 	0 			0 		0 					0 		0 				0 	0 	0 						0 		0 	0 						0 					0 							0 			0 			0 	0 	0 	0 	0 			0 		0 		0 		0 
Somalia	0 	0 		0 			0 	0 			0 		0 					0 		0 				0 	0 	0 						0 		0 	0 						0 					0 							0 			0 			0 	0 	0 	0 	0 			0 	0 	0 		0 		0 
South Africa	0 	0 	194 	352 			188 	1158 	0 		485 	23 	7 	0 			0 	8 	0 	207 				904 	2191 	486 	321 	0 			1055 	35 		436 	1488 	152 		13 		0 	3168 			550 		1092 		0 	33 			5 	0 	229 		0 	479 			47 	35 	746 	10 			6334 	17849 	0 		0 	C 	40280 
South Sudan																																																																								
Spain	401 	0 	1067 	4746 	11 		18433 	604 	15 	17 	3664 	89 	36 	675 	55 	13 		124 	31 	3375 	24 	0 	5939 	108277 	78382 	114 	3315 	3 	7 		27661 	46 	31 	15750 	21760 	3141 	58 	20 		3 	33586 	1 	48 			28582 	16 	57 	7803 		4 	5 	7 	5283 		0 	2238 	5 	58 		3295 	4812 	0 	0 		33841 	51547 	1 		0 	12492 	481570 
Sri Lanka	0 	0 	C 	0 			7 	0 			0 		0 					0 		2 				0 	0 	0 	1 					0 		0 	0 					0 	11 	0 		31 		3 				8 			0 			0 	59 		0 	0 	0 	0 	0 			59 	88 	0 		0 	C 	269 
St. Kitts and Nevis	0 	0 		0 			0 	0 			0 		0 					0 		0 				0 	0 	0 						0 		53 	0 						0 					0 							0 			0 			0 	0 	0 		0 			0 	0 	0 		0 		53 
St. Lucia	0 	0 		0 	10 		0 	0 			0 		0 					0 		0 				0 	0 	0 						0 		0 	0 						0 					0 							0 			0 			0 	0 	0 	0 	0 			0 		0 		0 	C 	10 
St. Vincent and the Grenadines	0 	0 		0 			0 	0 			0 		0 					0 		0 				0 	0 	0 						0 		3 	0 						0 					0 							0 			0 			0 	0 	0 	14 	0 			0 		0 		0 		16 
Sudan	0 	0 		0 			0 	0 			0 		0 					0 		0 	8 			0 	0 	0 						0 		0 	0 					0 	1 					0 							0 			0 			0 	0 	0 	0 	0 			4 	0 	0 		0 		12 
Suriname	0 	0 	C 	0 			0 	8 			0 		0 					0 		0 				0 	0 	0 						0 		0 	0 						0 					0 							0 			0 			0 	0 	0 	0 	0 			0 		0 		0 		8 
Swaziland	0 	0 		0 			0 	0 			0 		0 					0 		1 				0 	0 	0 						6 		0 	0 						0 					0 							0 			0 			0 	0 	0 	0 	0 			0 		0 		0 		7 
Sweden	1 	0 	750 	1764 		3 	3107 	718 	3 	5 	2299 	41 	108 	2469 	77 	1 	0 	C 	105 	8533 	14 	84 	12886 	13656 	14812 	77 	1792 	11 	35 	0 	8879 	1570 	41 	6498 	21598 	3143 	40 	5 	130 	3 	35419 	10 	70 	1 		10643 	101 	29 	9139 		5 	41 	C 	467 		9 	1229 		32 	2335 		8002 	0 	0 		24022 	45257 	3 		35 	7329 	249435 
Switzerland	7 	0 	2282 	2358 	61 	14 	2889 	488 	88 	0 	7893 	79 	0 	954 	8 	1 		C 	17 	2875 	24 	1 	1531 	15463 	24445 	158 	821 	11 	33 		7565 	126 	32 	9941 	9375 	2247 	38 	37 	22 	8 	27274 	61 	61 	31 		14296 	81 	97 	3864 		9 	21 	2 	259 		3 	1669 	9 	127 	3013 	7125 		4 	0 	0 	37145 	119715 	0 		2 	C 	306759 
Syrian Arab Republic	0 	0 		0 			0 	0 			0 		0 					0 		0 				0 	0 	0 						0 		0 	0 						0 					0 							0 			0 			0 	0 	0 	0 	0 			0 		0 		0 		0 
Taiwan Province of China	0 	0 	160 	77 	10 	0 	94 	17 	0 		749 	173 	0 	2905 	9 			0 		313 			105 	1034 	470 	4 	440 	0 			1136 	2 		624 	646 	116 		14 		0 	5793 	23 		204 		2214 	0 	0 	611 			17 	0 	0 		0 	3149 		0 	1 	353 	639 	4 			11595 	27230 	0 		0 		60932 
Tajikistan	0 	0 		0 			0 	0 			0 		0 					0 		0 				0 	0 	0 						0 		0 	0 						0 					0 							0 			0 			0 	0 	0 	0 	0 			0 		0 		0 	C 	0 
Tanzania	0 	0 		0 			0 	0 			0 		0 					0 		0 				0 	0 	0 						0 		0 	0 						0 			51 		0 							0 			0 			0 	0 	0 	0 	0 			C 	0 	0 		0 		51 
Thailand	0 	0 	103 	59 			109 	26 	0 		486 	266 	0 	3568 	1 			7 	0 	224 			85 	412 	681 	0 	339 			0 	468 	14 	1 	308 	1016 	136 		38 			2764 	6 		231 		703 	16 	0 	6 			3 	C 	0 		0 	3519 		6 	1 	78 	210 				3650 	7339 	0 		0 	C 	26877 
Timor-Leste, Dem. Rep. of	0 	0 		0 			0 	0 			0 		0 					0 		0 				0 	0 	0 						0 		0 	0 						0 					0 							0 			0 			0 	0 	0 	0 	0 			0 		0 		0 		0 
Togo	0 	0 		0 			0 	0 			0 		0 					0 		0 				0 	0 	0 						0 		0 	0 						0 					0 							0 			0 			0 	0 	0 	0 	0 			0 		0 		0 	C 	0 
Tokelau Islands	0 	0 		0 			0 	0 			0 		0 					0 		0 				0 	0 	0 						0 		0 	0 						0 					0 							0 			0 			0 	0 	0 		0 			0 	0 	0 		0 		0 
Tonga	0 	0 		0 			0 	0 			0 		0 					0 		12 				0 	0 	0 						0 		0 	0 						0 					0 							0 			0 			0 	0 	0 	0 	0 			0 		0 		0 		12 
Trinidad and Tobago	0 	0 		0 		190 	0 	18 			1 	63 	0 					0 		0 				183 	1 	0 	0 				23 	0 		0 	106 	2 					12 					0 	68 		28 				0 			0 			0 	0 	0 	255 	0 			418 	632 	0 		0 	C 	2000 
Tunisia	0 	0 		121 			26 	0 			5 		0 					0 		19 	6 			250 	307 	3 	32 				47 	0 		109 	1343 	27 		8 	33 	0 	113 		20 			75 							0 	0 		0 			0 	22 	0 	9 	0 			C 	1280 	0 		0 		3852 
Turkey	0 	0 	12 	390 			32 	13 	0 	15 	92 	57 	0 	26 				1 	0 	152 	18 		1 	237 	3211 	77 	87 	0 			292 	2 		1953 	734 	18 				3 	2179 		2344 			3701 	0 	0 	15 				C 	0 		14 	15 	1 	0 	538 	21 	623 	0 			2263 	5716 	0 		0 	C 	24852 
Turkmenistan	0 	0 		0 			0 	0 			0 		0 					0 		0 				0 	0 	0 						0 		0 	0 						0 					0 							0 			0 			0 	0 	0 	0 	0 			0 		0 		0 	C 	0 
Turks and Caicos Islands	0 	0 		0 			0 	0 	2 		0 		0 					0 		0 				0 	0 	0 						0 		0 	32 						0 			2 		0 					6 		0 	0 		0 			0 	0 	0 	0 	0 			0 	57 	0 		0 		99 
Tuvalu	0 	0 		0 			0 	0 			0 		0 					0 		0 				0 	0 	0 						0 		0 	0 						0 					0 							0 			0 			0 	0 	0 	0 	0 			0 		0 		0 		0 
Uganda	0 	0 		0 			0 	0 			0 		0 					0 		0 				0 	0 	0 						0 		0 	0 						1 					0 							0 			0 			0 	0 	0 	0 	0 			4 	0 	0 		0 		4 
Ukraine	0 	0 		97 			1 	0 			6 	2 	0 					7 	0 	98 		1 		83 	326 	1 	225 				680 	0 		288 	30 	14 					346 					100 						1 	C 			50 		0 	0 	8 	3 	42 	0 	0 		89 	603 	0 		0 	C 	3102 
United Arab Emirates	0 	0 		0 			0 	0 			0 		0 					5 		0 				0 	0 	0 	7 			8 		0 		0 	0 				117 	1 	1 			72 		0 	19 						0 			0 			0 	0 	0 	3 	0 			C 		0 		0 		232 
United Kingdom	99 	8 	12828 	10319 	597 	353 	17420 	23551 	319 	3 	33684 	1157 	618 	48574 	388 	40 	1 	473 	566 	9838 	71 	28 	9346 	126178 	77394 	4979 	23518 	27 	552 	38 	167894 	15913 	590 	42275 	99549 	35098 	174 	1103 	1051 	404 	99910 	104 	501 	349 	100 	84493 	328 	1630 	19090 	0 	103 	391 	232 	6217 		319 	29547 	53 	23495 	38158 	26575 	33342 	124 	31 			663120 	15 	0 	21 	48779 	1844047 
United States	11373 	290 	66706 	20488 	7770 	633 	32472 	159934 	1578 	345 	184871 	39521 	3296 	46670 	737 	1370 	21 	435 	714 	30234 	403 	79 	8737 	152900 	133346 	4817 	15699 	137 	881 	450 	228604 	2131 	8438 	98845 	620208 	79207 	2180 	7961 	2965 	352 	231493 	402 	501 	989 	3914 	234295 	7895 	9823 	42254 		1613 	2535 	1142 	5841 	2 	2422 	62886 	117 	4920 	34262 	65621 	96970 	1659 	625 		415562 		346 	28 	3000 	1006275 	4215192 
Uruguay	1 	0 		63 	17 		2 	0 	94 	0 	13 	29 	130 				2 	0 		38 				32 	111 	0 	150 				10 	5 		68 	203 	12 				0 	164 				1 	38 	0 				2 		0 			3 			0 	1 	0 	41 	0 	0 		C 	608 			0 	C 	1839 
US Pacific Islands	0 	0 		0 			0 	0 			0 		0 					0 		0 				0 	1 	0 						0 		0 	0 						0 					0 							0 			0 			0 	0 	0 		0 			0 		0 		0 		1 
US Virgin Islands	0 	0 		1 			0 	0 	1 		0 		0 		2 			0 		0 			0 	5 	0 	0 	3 			3 		2 		5 	0 	50 					47 					0 							0 			0 			0 	0 	35 		0 			C 		0 		0 		155 
Uzbekistan	0 	0 		0 			0 	0 			0 		0 					0 		0 				0 	0 	0 						0 		0 	0 						0 					0 							0 			0 			0 	0 	0 	0 	0 			0 	4 	0 		0 	C 	4 
Vanuatu	0 	0 		0 			1 	0 			0 		0 					0 		0 			0 	0 	0 	0 						0 		0 	0 						0 					0 							0 			0 			0 	0 	0 	0 	0 			0 		0 		0 	C 	1 
Vatican	0 	0 		0 			0 	0 			0 		0 					0 		0 				0 	0 	0 						0 		0 	0 						0 					0 							0 	0 		0 			0 	0 	0 	0 	0 			0 		0 		0 		0 
Venezuela, Republica Bolivariana de	1 	0 	5 	141 	23 		148 	16 	10 	0 	231 	8 	22 			0 	3 	0 		137 			0 	373 	520 	0 	146 	5 			243 	0 		980 	63 	12 				7 	881 					405 	135 		1 		117 	10 	0 	0 		4 			0 	96 	1 	143 	0 	3 		1747 	5321 	20 				11980 
Vietnam	0 	0 		4 			0 	0 			0 		0 	14 				0 		7 				18 	6 	0 	9 			2 	6 	0 		0 	33 	2 				0 	25 					1 							0 			0 	7 		0 	0 	0 	0 	24 			48 	81 	0 		0 		288 
Virgin Islands, British	0 	0 		67 			53 	4153 	289 		142 	6 	0 	8959 	61 			12 		5 		10 	23 	2347 	307 	0 	1006 		3 		905 	388 		1639 	2395 	678 	5 	11 	12 	15 	3767 	2 		14 		117 	338 	0 	5 		1 		0 	1253 		0 	584 		153 	39 	33 		8 			1931 	3599 	0 		114 		35450 
Wallis and Futuna	0 	0 		0 			0 	0 			0 		0 					0 		0 				0 	0 	0 						0 		0 	0 						0 					0 							0 			0 			0 	0 	0 	0 	0 			0 		0 		0 		0 
West Bank and Gaza	0 	0 		0 			0 	0 			0 		0 					0 		0 				0 	0 	0 						0 		0 	0 						0 					0 							0 			0 			0 	0 	0 	1 	0 			4 		0 		0 		5 
Western Sahara	0 	0 		0 			0 	0 			0 		0 					0 		0 				0 	0 	0 						0 		0 	0 						0 					0 							0 			0 			0 	0 	0 		0 			0 		0 		0 		0 
Yemen, Republic of	0 	0 		0 			0 	0 			0 		0 					0 		0 				0 	0 	0 						0 		0 	0 						0 					0 							0 			0 			0 	0 	0 	4 	0 			2 	0 	0 		0 		6 
Zambia	0 	0 		0 			4 	0 			0 		0 					0 		0 				1 	0 	0 						0 		0 	0 						0 					0 							0 			0 			0 	0 	0 	0 	0 			7 	5 	0 		0 		17 
Zimbabwe	0 	0 		0 			0 	0 			0 		0 	0 				0 		0 				0 	0 	0 	6 				0 	0 		0 	0 						0 			1 		0 							0 			0 			11 	0 	1 	0 	0 			52 	61 	0 		0 		132 
Not Specified (including Confidential)	0 	26 	5740 	0 	57 	10 	0 	0 			2308 	1437 	82 	2849 	4 			952 		3416 			324 	46 	0 	6479 	137 		58 	15 	19225 	657 	2009 	1985 	17564 		2 	31 	1150 	47 	190 	2 	17 	355 		7261 		3513 	1535 		13 	0 	574 	227 		0 	18672 		0 	23009 	0 	72655 	81 	0 		61795 	1385 	0 	12 	0 	107684 	365589 
International Organizations	6 	0 		1992 	2 	15 	2770 	1324 		42 	963 	51 	0 	5370 	152 	82 	34 	4 	1391 	93 	130 	30 	438 	17985 	10166 	1104 	280 	11 			2921 			38495 	89726 	1301 	434 	306 		1 	11149 		34 	6 		112 	195 	53 	1501 			15 	77 	2035 		0 		40 	0 	4700 	297 	3365 	0 	0 		56011 	18640 	4 		61 	106007 	381921 
World	13115 	355 	128483 	207035 	17625 	1690 	414802 	253978 	4464 	769 	323142 	62366 	12985 	334912 	5737 	2138 	223 	6555 	13453 	127034 	1389 	1521 	107412 	1369577 	1205127 	34966 	107018 	791 	3687 	1810 	834912 	29004 	13182 	791064 	1721307 	208490 	4526 	17343 	9591 	1311 	1333204 	1865 	6263 	26612 	5123 	870535 	20492 	21335 	184358 	68 	3579 	3681 	4143 	97290 	13 	4382 	221507 	1788 	40752 	424395 	214612 	672614 	2834 	1948 	15 	1670204 	3134244 	1754 	103 	3380 	1849783 	19217763 