COUNTRY	Argentina	Aruba	Australia	Austria	Bahamas, The	Bahrain, Kingdom of	Belgium	Bermuda	Brazil	Bulgaria	Canada	Cayman Islands	Chile	China, P.R.: Hong Kong	China, P.R.: Macao	Colombia	Costa Rica	Cyprus	Czech Republic	Denmark	Egypt	Estonia	Finland	France	Germany	Greece	Guernsey	Hungary	Iceland	Indonesia	Ireland	Isle of Man	Israel	Italy	Japan	Jersey	Kazakhstan	Korea, Republic of	Lebanon	Luxembourg	Malaysia	Malta	Mauritius	Netherlands	Netherlands Antilles	New Zealand	Norway	Panama	Philippines	Poland	Portugal	Romania	Russian Federation	Singapore	Slovak Republic	South Africa	Spain	Sweden	Switzerland	Thailand	Turkey	Ukraine	United Kingdom	United States	Uruguay	Vanuatu	Venezuela, República Bolivariana de	SEFER + SSIO (**)	Value of Total Investment
Afghanistan, Islamic Republic of	0 	0 	0 	0 			0 	0 			0 		0 	0 				0 	0 	0 		0 		0 	0 			0 			0 	0 		0 	0 			0 		0 				0 			0 			0 			0 						0 	0 			0 		0 				0 
Albania	0 	0 	0 	0 			8 	0 			0 		0 	0 				0 	0 	0 		0 		75 	0 	15 		0 			0 	0 		45 	22 			0 		0 				0 			0 			0 			0 						0 	1 			C 	10 	0 				175 
Algeria	0 	0 	0 	3 			0 	1 			0 		0 	0 				1 	0 	0 		0 		8 	0 		48 	0 			0 	0 		0 	0 			0 		17 				0 			0 			0 			0 						0 	0 			39 		0 				117 
American Samoa	0 	0 	0 	0 			0 	0 			0 		0 	0 				0 	0 	0 		0 		0 	0 		0 	0 			0 	0 		0 				0 		31 				19 			0 			0 			0 							0 			0 		0 				50 
Andorra	0 	0 	0 	0 			0 	0 			0 		0 	0 				0 	0 	0 		0 		0 	0 		5 	0 			0 	0 		0 	24 			0 		2 				1 			1 			0 			0 						4 	0 			0 		0 				38 
Angola	0 	0 	0 	0 			0 	0 	0 		0 		0 	0 				0 	0 	0 		0 		0 	0 			0 			0 	0 		0 	0 			0 		0 				0 			0 			0 	9 		0 						0 	0 			0 		0 				9 
Anguilla	0 	0 	0 	0 			0 	0 			0 		0 	0 				1 	0 	0 		0 		0 	0 			0 			0 	0 		0 	0 			9 		0 				0 			0 			0 			0 							0 			0 		0 				10 
Antigua and Barbuda	0 	0 	0 	0 			0 	9 	2 		0 		0 	0 				0 	0 	0 		0 		0 	0 			0 			0 	0 		0 	63 			0 		0 				0 	2 		0 			0 			0 							0 			C 		0 				75 
Argentina		0 	0 	291 	153 	225 	232 	77 	118 	0 	358 	1038 	15 	0 	5 	9 	2 	-2 	0 	826 		0 		530 	1116 	1 	10 	0 	2 		41 	42 		9457 	1934 	32 		0 	2 	1081 		1 	0 	358 	70 	0 	2 	32 	9 	0 	8 		0 	0 			464 	10 	336 	0 	0 		1385 	4713 	169 		3 		25154 
Armenia, Republic of	0 	0 	0 	0 			0 	0 			0 		0 	0 				0 	0 	0 		0 		0 	0 		0 	0 			0 	0 		0 	0 			0 		0 				0 			0 			0 			0 						0 	0 			C 		0 				0 
Aruba	0 		0 	1 			0 	50 			0 		0 	0 				0 	0 	0 		0 		0 	0 			0 			0 	0 		0 				0 		0 				0 	71 		0 			0 			0 						0 	0 			13 	271 	0 				407 
Australia	0 	0 		785 	547 	205 	1143 	780 	0 	0 	2450 	169 	0 	18575 	274 	4 		140 	103 	171 	15 	0 	124 	3815 	2975 	33 	425 	2 	0 	55 	2862 	92 	74 	2369 	19180 	2724 		52 	9 	8328 	22 	42 		3656 	33 	1607 	1403 		10 	1 	82 		0 	6270 	1 	144 	72 	810 	2466 	9 			21905 	55183 	1 	474 		C 	162672 
Austria	29 	0 	45 			51 	2407 	717 	6 	2 	120 	315 	0 	0 	0 	18 		21 	238 	435 	5 	23 	747 	9645 	30311 	48 	548 	7 	0 		3094 	45 	32 	3544 	6509 	650 		2 	8 	11368 	3 	136 		12117 	157 	0 	928 	0 		9 	385 	0 	4 	481 	23 	1 	515 	516 	12955 	0 			6337 	4336 	0 			C 	109891 
Azerbaijan, Republic of	0 	0 	0 	0 			0 	0 			0 		0 	0 				0 	0 	0 		0 		0 	0 			0 			0 	0 		0 	0 			0 		0 				0 			0 			0 			0 						0 	0 			C 		0 				0 
Bahamas, The	0 	0 	0 	1 			6 	867 	228 		32 	83 	154 	0 	0 			3 	0 	43 	0 	0 		267 	4 		170 	0 			0 	37 		327 	1100 			4 	40 	636 				13 	4 		1 	2 	5 	1 	11 		52 			1 	4 	0 	2287 	0 			54 	1647 	1 				8084 
Bahrain, Kingdom of	0 	0 	0 	0 			0 	0 			0 		0 	0 				2 	0 	0 	4 	0 		0 	5 		1 	0 			0 	0 		4 	0 			0 	0 	12 	16 			0 			7 			0 			0 					0 	0 	0 			167 		0 				217 
Bangladesh	0 	0 	0 	0 			0 	0 			0 		0 	0 				0 	0 	0 		0 		0 	0 		1 	0 			0 	0 		0 	10 			1 		0 				0 			0 			0 			0 						0 	0 			C 	4 	0 				16 
Barbados	0 	0 	0 	1 	56 		0 	28 			49 	104 	0 	0 			3 	20 	0 	0 		0 		0 	2 			0 			0 	0 		0 	6 			0 		3 				4 			0 			0 			20 						0 	0 			42 	54 	0 				391 
Belarus	0 	0 	0 	0 			0 	0 			0 		0 	0 				0 	0 	0 		0 		0 	0 			0 			0 	0 		7 	0 			0 		0 				0 			0 			0 			0 						0 	0 		0 	0 		0 				7 
Belgium	0 	0 	102 	2433 	42 	35 		357 	3 	0 	440 	185 	12 	1083 	1 		0 	6 	116 	1114 	25 	0 	1321 	26821 	14066 	20 	1046 	4 	1 		3325 	80 	9 	5211 	6748 	415 		82 	3 	28401 	2 	29 		18125 	12 	0 	1130 			1 	1411 		16 	97 	5 	2 	3963 	877 	3646 	52 			11143 	12728 	1 		0 	8962 	155710 
Belize	0 	0 	0 	0 	16 		0 	0 	1 		0 		0 	0 				0 	0 	0 		0 		0 	0 			0 			0 	0 		0 	0 			0 		86 				0 	2 		0 	1 		0 			0 					0 	1 	0 			0 	8 	0 				114 
Benin	0 	0 	0 	0 			0 	0 			0 		0 	0 				0 	0 	0 		0 		0 	0 			0 			0 	0 		0 	0 			0 		0 				0 			0 			0 			0 						0 	0 			0 		0 				0 
Bermuda	0 	0 	8 	411 	48 	11 	334 		105 		1697 	35 	0 	22709 	85 			3 	0 	105 	2 	0 		1852 	1421 	2 	1001 	1 	6 	0 	452 	354 		902 	1897 	248 		2 	4 	2114 	270 		0 	1099 	92 	0 	163 		1 	0 	23 		9 	1920 	0 	86 	196 	106 	2721 	3 			2843 	125478 	11 				170828 
Bhutan	0 	0 	0 	0 			0 	0 			0 		0 	0 				0 	0 	0 		0 		0 	0 			0 			0 	0 		0 	0 			0 		0 				0 			0 			0 			0 						0 	0 			0 		0 				0 
Bolivia	0 	0 	0 	0 	14 		0 	82 	0 		0 		0 	0 				0 	0 	1 		0 		0 	0 			0 			0 	0 		0 	0 			0 		3 				0 			1 			0 			0 						0 	0 			4 	3 	0 				109 
Bonaire, Sint Eustatius and Saba																																																																					
Bosnia and Herzegovina	0 	0 	C 	3 			0 	0 	0 		2 		0 	0 				0 	0 	0 		0 		0 	5 		1 	0 			0 	0 		3 	0 			0 		7 				3 			0 			0 			0 					0 	0 	0 			1 	11 	0 				36 
Botswana	0 	0 	0 	0 			0 	0 			0 		0 	0 				0 	0 	0 		0 		0 	0 		3 	0 			0 	0 		7 	0 			0 		6 				0 			0 			0 			0 			16 		1 	0 	0 			C 	23 	0 				57 
Brazil	112 	0 	82 	472 	5246 	345 	287 	250 			2094 	5844 	136 	0 	16 	0 	30 	-49 	0 	236 		0 		1667 	2078 	3 	309 	32 			426 	27 	14 	6697 	4304 	148 		0 	8 	4161 	6 			842 	356 	0 	41 	158 	3 	0 	686 		0 	312 		5 	1444 	54 	955 	0 			6891 	34130 	474 		67 		81399 
British Indian Ocean Territory	0 	0 	0 	0 			0 	0 			0 		0 	0 				0 	0 	0 		0 		0 	0 			0 			0 	0 		0 	0 			0 		0 				0 			0 			0 			0 					352 		0 			C 		0 				352 
Brunei Darussalam	0 	0 	0 	0 			0 	0 			0 		0 	0 				0 	0 	0 		0 		0 	0 		2 	0 			0 	0 		0 	0 			0 		0 				0 			0 			0 			0 						0 	0 			0 		0 				2 
Bulgaria	0 	0 	2 	27 			20 	0 			6 		0 	0 	2 			27 	0 	53 		0 		59 	215 	41 	73 	0 			37 	1 		243 	82 	3 		0 		322 	4 			232 			0 	1 		0 			3 				6 	1 	11 	0 	0 		1298 	1763 	0 				4533 
Burkina Faso	0 	0 	0 	0 			0 	0 			0 		0 	0 				0 	0 	0 		0 		0 	0 			0 			0 	0 		0 	0 			0 		3 				0 			0 			0 			0 						0 	0 			0 		0 				3 
Burundi	0 	0 	0 	0 			0 	0 			0 		0 	0 				0 	0 	0 		0 		0 	0 			0 			0 	0 		0 	0 			0 		0 				0 			0 			0 			0 						0 	0 			0 		0 				0 
Cambodia	0 	0 	0 	0 			0 	0 			0 		0 	0 				0 	0 	0 		0 		0 	0 			0 			0 	0 		0 	0 			0 		0 	31 			0 			0 			0 			0 						0 	0 			0 		0 				31 
Cameroon	0 	0 	0 	0 			0 	41 			0 		0 	0 				0 	0 	0 	0 	0 		6 	0 			0 			0 	0 		0 	0 			0 		0 				0 			0 			0 			0 						0 	0 			C 		0 				47 
Canada	0 	0 	891 	1367 	635 	110 	1901 	1441 	4 	0 		787 	78 	4735 	45 	47 		143 	25 	699 	26 	2 	376 	10389 	4513 	22 	1257 	1 	13 	1 	4410 	135 	41 	2737 	21910 	896 	1 	41 	9 	11054 	16 	27 		2919 	328 	173 	1534 	7 	20 	6 	51 		0 	1829 	4 	47 	307 	714 	6180 	0 	2 		15184 	211444 	2 		1 	8257 	319795 
Cabo Verde	0 	0 	0 	0 			0 	0 			0 		0 	0 				0 	0 	0 		0 		0 	0 			0 			0 	0 		0 	0 			0 		0 				0 			0 			0 			0 						0 	0 			0 		0 				0 
Cayman Islands	0 	0 	129 	3756 	212 	166 	3660 	6551 	1234 		2067 		131 	19813 	152 	52 	0 	20 	1297 	268 	12 	0 		21489 	12319 	183 	3547 	3 		36 	4358 	575 	38 	17776 	132785 	5674 	10 	522 	2 	20230 	142 	51 	1 	2975 	6474 	0 	556 	75 	27 	87 	5657 		3 	2247 		9 	8597 	532 	12987 	23 	0 		45965 	71039 	22 		1 		416538 
Central African Republic	0 	0 	0 	0 			0 	0 			0 		0 	0 				0 	0 	0 		0 		0 	0 			0 			0 	0 		0 	0 			0 		0 				0 			0 			0 			0 						0 	0 			0 	1 	0 				1 
Chad	0 	0 	0 	0 			0 	0 			0 		0 	0 				0 	0 	0 		0 		0 	0 			0 			0 	0 		0 	0 			0 		0 				0 			0 			0 			0 						0 	0 			0 		0 				0 
Chile	24 	0 	10 	41 	63 		23 	232 	1 		59 	47 		0 			3 	0 	0 	18 	0 	0 		53 	95 	2 	388 	0 			0 	0 		99 	24 	4 		2 		333 				74 		0 	0 	62 		0 			0 				170 	8 	29 	0 			567 	5948 	9 				8386 
China, P.R.: Hong Kong	0 	0 	2185 	101 	1 	14 	249 	54 	1 		3309 	76 	0 		931 			2 	0 	579 		0 	124 	978 	891 	1 	308 	0 	1 	107 	1884 	93 	5 	1359 	6116 	289 		406 	2 	4791 	75 	0 	1 	11663 	7 	66 	442 		25 	0 			0 	4768 	0 		21 	555 	1156 	125 			20887 	32047 	0 				96699 
China, P.R.: Macao	0 	0 	0 	0 			0 	0 			0 		0 	0 				0 	0 	0 		0 		0 	0 			0 			0 	0 		0 	0 			0 		23 				0 			0 			0 	56 		0 						0 	0 			0 		0 				79 
China, P.R.: Mainland	0 	0 	C 	41 	20 		20 	9 	5 		117 	327 	1 	8416 	201 			2 	0 	54 	0 	0 		307 	158 	0 	97 	0 		0 	241 	1 		154 	1669 	97 		157 	0 	925 	8 			241 		0 	84 			0 			0 	1605 			7 	59 	96 	4 			2290 	3004 	0 				20417 
Christmas Island	0 	0 	0 	0 			0 	0 			0 		0 	0 				0 	0 	0 		0 		0 	0 			0 			0 	0 		0 				0 		0 				0 			0 			0 			0 							0 			0 		0 				0 
Cocos (Keeling) Islands	0 	0 	0 	0 			0 	0 			0 		0 	0 				0 	0 	0 		0 		0 	0 			0 			0 	0 		0 				0 		0 				0 			0 			0 			0 							0 			0 		0 				0 
Colombia	0 	0 	2 	25 	112 		0 	34 	4 		12 	126 	14 	0 			5 	0 	0 	9 		0 		37 	211 		33 	0 			13 	0 		827 	503 	3 		9 	0 	183 	2 			24 	1 		0 	577 		1 			5 				41 		38 	0 			780 	2760 	0 				6389 
Comoros	0 	0 	0 	0 			0 	0 			0 		0 	0 				0 	0 	0 		0 		0 	0 			0 			0 	0 		0 	0 			0 		0 				0 			0 			0 			0 						0 	0 			0 		0 				0 
Congo, Democratic Republic of	0 	0 	0 	0 			0 	0 			0 		0 	0 				0 	0 	0 		0 		1 	0 			0 			0 	0 		0 	0 			0 		0 				0 			0 			0 			0 						0 	0 			C 		0 				1 
Congo, Republic of	0 	0 	0 	0 			0 	0 			0 		0 	0 				0 	0 	0 		0 		0 	0 			0 			0 	0 		0 	0 			0 		0 				0 			0 			0 			0 						0 	0 			0 		0 				0 
Cook Islands	0 	0 	0 	0 			0 	0 			0 		0 	0 				0 	0 	0 		0 		0 	0 			0 			0 	0 		0 	0 			0 		0 				0 			0 			0 			0 							0 			0 		0 				0 
Costa Rica	1 	0 	0 	1 	71 		0 	0 	0 		12 	32 	0 	0 				0 	0 	0 		0 		0 	1 			0 			0 	0 		0 	0 			0 		2 				0 			0 	82 		0 			0 						2 	0 			16 	191 	0 				410 
Cote d'Ivoire	0 	0 	0 	0 			10 	0 			12 		0 	0 				0 	0 	0 		0 		264 	3 		5 	0 			0 	0 		5 	2 			0 		23 			0 	20 	8 		0 			0 			0 					3 	283 	0 			59 	162 	0 				859 
Croatia	0 	0 	0 	310 			3 	0 			23 		0 	0 				30 	27 	6 		0 		29 	856 	0 	4 	23 			2 	0 		128 	595 			3 		261 	1 	0 		164 			0 	0 		0 			0 					7 	33 	0 			326 	763 	0 				3594 
Cuba	0 	0 	0 	0 			0 	0 			0 		0 	0 				0 	0 	0 		0 		0 	0 			0 			0 	0 		0 	0 			0 		1 				0 			0 			0 			0 						1 	0 			6 		0 				7 
Curacao																																																																					
Curacao & St. Maarten																																																																					
Cyprus	0 	0 	0 	61 			56 	34 			0 		0 	0 		2 			0 	9 		0 		61 	314 	290 	19 	0 			0 	1 		5 	10 			0 	0 	147 		5 		49 	57 		0 			2 	14 		3 		11 		1 	7 	37 	0 	0 		223 	110 	0 				1529 
Czech Republic	0 	0 	2 	161 			31 	41 			15 		0 	0 				0 		70 		0 		87 	377 	1 	24 	2 			194 	0 		39 	23 	81 		0 		456 				61 			8 			0 			0 		37 		29 	22 	26 	0 			C 	481 	0 				2267 
Denmark	0 	0 	221 	1167 	12 	99 	2423 	120 	0 	2 	587 	87 	2 	0 	8 			18 	7 		8 	1 	792 	2769 	8540 	56 	397 	2 	13 		1322 	350 	19 	1416 	5083 	608 		2 	0 	7350 	3 	18 		2907 	14 	24 	1695 	0 		5 	100 		0 	759 	3 	79 	778 	3286 	2690 	0 			9539 	12121 	1 			7400 	74903 
Djibouti	0 	0 	0 	0 			0 	0 			0 		0 	0 				0 	0 	0 		0 		0 	0 			0 			0 	0 		0 	0 			0 		0 				0 			0 			0 			0 						0 	0 			0 		0 				0 
Dominica	0 	0 	0 	0 				0 			0 		0 	0 				0 	0 	0 		0 		0 	0 			0 			0 	0 		0 	0 			0 		0 				0 	1 		0 			0 			0 						0 	0 			0 		0 				1 
Dominican Republic	0 	0 	0 	3 			0 	0 	1 		42 	96 	0 	0 			1 	0 	0 	5 		0 		4 	25 		0 	0 			0 	0 	4 	5 	0 			0 		17 				8 			0 	65 		0 			0 						1 	0 			19 	164 	0 		0 		458 
Ecuador	1 	0 	1 	8 	1 		0 	58 	1 		7 	29 	1 	0 			2 	0 	0 	7 		0 		20 	25 	10 	30 	0 			0 	0 		99 	162 			0 		99 	2 			11 			0 	3 		0 			0 				1 	1 	40 	0 			70 	774 	1 				1463 
Egypt	0 	0 	2 	4 		25 	0 	27 			11 		0 	0 				3 	0 	7 		0 		24 	20 	6 	94 	0 			4 	0 		37 	7 			0 	3 	150 	1 	1 		41 			0 			0 			0 					0 	9 	0 			133 	603 	0 				1214 
El Salvador	0 	0 	0 	0 	9 		0 	0 			0 	55 	1 	0 			3 	0 	0 	0 		0 		0 	0 			0 			0 	0 		0 	0 			0 		0 				1 	3 		0 	13 		0 			0 						0 	0 			16 	70 	0 				170 
Equatorial Guinea	0 	0 	0 	0 			0 	0 			0 		0 	0 				0 	0 	0 		0 		0 	0 			0 			0 	0 		0 	0 			0 		0 				0 			0 			0 			0 						0 	0 			0 		0 				0 
Eritrea	0 	0 	0 	0 			0 	0 			0 		0 	0 				0 	0 	0 		0 		0 	0 			0 			0 	0 		0 	0 			0 		0 				0 			0 			0 			0 						0 	0 			0 		0 				0 
Estonia	0 	0 	0 	67 			5 	0 	0 		3 		0 	0 				0 	0 	15 				0 	61 		21 	5 			17 	3 		71 	0 			0 		84 				2 			0 			4 			2 					55 	2 	0 			238 	44 	0 				699 
Ethiopia	0 	0 	0 	0 			0 	0 			0 		0 	0 				0 	0 	0 		0 		0 	0 			0 			0 	0 		0 	0 			0 		0 				0 			0 			0 			0 						0 	0 			0 		0 				0 
Falkland Islands	0 	0 	0 	0 			0 	0 			0 		0 	0 				0 	0 	0 		0 		0 	0 			0 			0 	0 		0 	0 			0 		0 				0 			0 			0 			0 						0 	0 			0 		0 				0 
Faroe Islands	0 	0 	0 	0 			0 	0 			0 		0 	0 				0 	0 	7 		0 		0 	0 			0 			0 	0 		0 				0 		0 				0 			0 			0 			0 						0 	0 			0 		0 				7 
Fiji	0 	0 	0 	0 			0 	0 			0 		0 	0 				0 	0 	0 		0 		0 	0 			0 			0 	0 		0 	0 			0 		0 				0 			0 			0 			0 						0 	0 			0 		0 				0 
Finland	16 	0 	357 	1195 	2 	2 	2532 	105 	0 	2 	1868 		17 	0 	7 			2 	34 	2052 		41 		10637 	18639 	37 	205 	0 	5 		3891 	357 		4077 	6082 	421 		0 	8 	8963 	1 	20 		5987 	15 	24 	1530 	0 		2 	269 		0 	355 	2 	26 	1749 	6604 	4139 	0 	0 		12933 	55139 	0 			3217 	153568 
France	7 	0 	2903 	6394 	116 	673 	29983 	2318 	28 	23 	9447 	336 	52 	2531 	105 	17 		101 	171 	5190 	114 	1 	7620 		74191 	626 	937 	20 	41 	20 	15280 	375 	60 	43911 	64422 	6222 	0 	217 	109 	59187 	30 	142 	2 	45191 	140 	208 	4524 	3 	35 	16 	3677 	1 	0 	2723 	1 	267 	19705 	7904 	28374 	49 	2 		130577 	143572 	1 			55692 	776583 
French Southern Territories	0 	0 	0 	0 			0 	0 			0 		0 	0 				0 	0 	0 		0 		0 	0 			0 			0 	0 		0 				0 		0 				0 			0 			0 			0 							0 			0 		0 				0 
French Territories: French Polynesia	0 	0 	0 	2 			10 	0 			0 		0 	0 				0 	0 	0 		0 		16 	0 			0 			0 	0 		0 	0 			0 		0 				0 			0 			0 			0 						0 	0 			0 		0 				28 
French Territories: New Caledonia	0 	0 	0 	0 			0 	0 			0 		0 	0 				0 	0 	0 		0 		0 	0 			0 			0 	0 		0 	0 			0 		0 				0 			0 			0 			0 						0 	0 			0 		0 				0 
Gabon	0 	0 	0 	0 			0 	0 			0 		0 	0 				0 	0 	0 		0 		106 	1 			0 			0 	0 		0 	0 			0 		0 				0 			0 			0 			0 						3 	0 			C 		0 				110 
Gambia, The	0 	0 	0 	0 			0 	0 			0 		0 	0 				0 	0 	0 		0 		0 	0 			0 			0 	0 		0 	0 			0 		0 				1 			0 			0 			0 						0 	0 			0 	22 	0 				23 
Georgia	0 	0 	0 	0 			4 	0 			0 		0 	0 				0 	0 	1 		0 		0 	0 			0 			0 	0 		0 	0 	3 		0 		6 				56 			1 			0 			3 						0 	0 			0 	4 	0 				77 
Germany	82 	0 	2440 	30472 	185 	352 	32304 	2074 	16 	130 	7086 	636 	191 	5272 	215 	80 		209 	601 	12289 	46 	111 	8275 	86353 		236 	6937 	54 	24 	9 	33333 	641 	245 	59566 	111307 	8746 	0 	74 	14 	150101 	28 	268 	0 	68221 	268 	568 	9761 	269 	16 	63 	5879 	0 	13 	6487 	95 	80 	32783 	9867 	61745 	0 	186 		130030 	134142 	1 		10 	145827 	1167313 
Ghana	0 	0 	0 	1 			0 	0 			3 		0 	0 				0 	0 	0 		0 		0 	4 		3 	0 			0 	0 		0 	0 			30 		4 				0 			0 			0 			0 						6 	0 			4 	208 	0 				263 
Gibraltar	0 	0 	0 	53 			4 	0 	0 		0 	29 	0 	0 				0 	18 	0 		0 		32 	1282 		1 	0 			0 	5 		98 	0 	1 		0 		41 				564 			0 			13 	594 		0 				41 		42 	0 			161 	22 	0 				3002 
Greece	0 	0 	61 	2178 			4189 	389 			411 		0 	0 				113 	10 	275 		0 	160 	10428 	14512 		169 	0 	0 		2688 	14 		2842 	2232 	146 		10 		4147 	1 	84 		5306 	1 	0 	684 			0 	182 		0 	31 	2 	0 	572 	134 	370 	0 			10542 	4563 	11 			725 	68182 
Greenland	0 	0 	0 	0 			0 	0 			0 		0 	0 				0 	0 	4 		0 		0 	0 			0 			0 	0 		0 	0 			0 		0 				0 			0 			0 			0 						0 	0 			0 		0 				4 
Grenada	0 	0 	0 	0 			0 	0 	0 		0 		0 	0 				0 	0 	0 		0 		0 	0 			0 			0 	0 		0 	0 			0 		0 				0 			0 			0 			0 						0 	0 			0 	8 	0 				9 
Guadeloupe	0 	0 	0 	4 			0 	0 			0 		0 	0 				0 	0 	0 		0 		0 	0 			0 			0 	0 		0 				0 		0 				0 			0 			0 			0 							0 			0 		0 				4 
Guam	0 	0 	0 	0 			0 	0 			0 		0 	0 				0 	0 	0 		0 		0 	0 			0 			0 	0 		0 	0 			0 		0 				0 			0 			0 			0 							0 			0 		0 				0 
Guatemala	0 	0 	0 	0 	187 		0 	9 	0 	1 	2 	18 	0 	0 			8 	0 	0 	0 		0 		0 	8 			0 			0 	0 		3 	0 			0 		4 				0 			0 	42 		0 			0 						0 	0 			13 	60 	0 				356 
Guernsey	0 	0 	0 	199 		3 	59 	43 	2 		0 	16 	3 	0 	2 			0 	0 	10 		0 		480 	0 			0 			14 	627 		668 		19 		0 		846 	0 		2 	1347 	1 		0 			210 	43 		0 			180 	33 		3854 	0 			1265 	4645 	0 				14572 
Guiana, French	0 	0 	0 	0 			0 	0 			0 		0 	0 				0 	0 	0 		0 		0 	0 			0 			0 	0 		0 	0 			0 		0 				0 			0 			0 			0 		1 					0 			0 		0 				1 
Guinea	0 	0 	0 	0 			0 	0 			0 		0 	0 				0 	0 	0 		0 		0 	0 			0 			0 	0 		0 	0 			0 		0 				0 			0 			0 			0 						4 	0 			0 		0 				4 
Guinea-Bissau	0 	0 	0 	0 			0 	0 			0 		0 	0 				0 	0 	0 		0 		0 	0 			0 			0 	0 		0 	0 			0 		0 				0 			0 			0 	11 		0 						0 	0 			0 		0 				11 
Guyana	0 	0 	0 	0 			0 	0 			0 		0 	0 				0 	0 	0 		0 		0 	0 			0 			0 	0 		0 	0 			0 		0 				0 			0 			0 			0 						0 	0 			0 		0 				0 
Haiti	0 	0 	0 	0 			0 	0 			0 		0 	0 				0 	0 	0 		0 		0 	0 			0 			0 	0 		0 	0 			0 		0 				0 			0 			0 			0 						0 	0 			C 		0 				0 
Honduras	0 	0 	0 	0 			0 	0 			0 		0 	0 				0 	0 	0 		0 		0 	0 			0 			0 	0 		0 	0 			0 		0 				0 			0 	16 		0 			0 						0 	0 			0 	45 	0 				61 
Hungary	0 	0 	11 	1304 			210 	103 	0 	0 	52 		0 	0 				3 	208 	164 		0 		308 	4649 	2 	92 				419 	0 		231 	1051 	16 		13 		1846 		11 		430 	5 	0 	4 			7 	9 		0 		3 		17 	59 	106 	0 			2663 	2026 	0 				16026 
Iceland	0 	0 	0 	178 			73 	64 			1 	17 	0 	0 				0 	29 	6 		0 	37 	108 	963 	1 	3 	0 			320 	6 	4 	83 	318 			0 		417 				23 			86 			0 	44 		0 				41 	79 	14 	1 			474 	224 	0 				3616 
India	0 	0 	79 	50 	24 	87 	29 	4 			205 	15 	0 	0 	8 			77 	0 	45 		0 		66 	141 	1 	42 	0 		0 	234 	1 		259 	198 	74 		66 	0 	1473 	7 		415 	1377 	2 	0 	1 			0 			0 	620 				5 	74 	0 			2646 	7198 	0 				15521 
Indonesia	0 	0 	14 	14 	2 	5 	17 	355 			59 	288 	74 	0 	0 			21 	0 	9 		0 		37 	37 		82 	0 			54 	1 		317 	158 	10 		75 		308 	51 		5 	81 	3 	0 	1 		3 	0 			0 	786 				6 	33 	15 			705 	1841 	0 				5466 
Iran, Islamic Republic of	0 	0 	0 	0 			1 	0 			0 	29 	4 	0 				0 	0 	0 		0 		16 	0 	0 		0 			0 	0 		0 	0 	1 		5 	1 	133 				0 			0 			0 			0 					0 	0 	0 			184 		0 				374 
Iraq	0 	0 	0 	0 			0 	0 			0 		0 	0 				0 	0 	0 		0 		0 	0 			0 			0 	0 		0 	0 			0 		0 				0 			0 			0 			0 						0 	0 			C 		0 				0 
Ireland	0 	0 	220 	1836 	5 	165 	4170 	3085 	8 	0 	1251 	186 	252 	0 	8 	41 	0 	71 	35 	210 	1 	0 	1103 	11883 	20421 	56 	1778 	13 	49 			2168 		16397 	26137 	1152 		223 	4 	11961 	1 	16 	2 	3048 	796 	0 	638 		0 	17 	1300 		37 	1526 	0 	3808 	1867 	717 	4607 	38 	2 		18804 	32431 	0 			3052 	177597 
Isle of Man	0 	0 	0 	0 			0 	0 	0 		0 		0 	0 		4 		3 	0 	39 		0 		0 	0 		110 	0 			0 			0 				0 		12 	0 	0 	2 	3 			0 			0 			0 			75 			89 	0 			194 	1 	0 				533 
Israel	0 	0 	45 	177 			66 	221 	11 		661 	189 	1 	0 				0 	0 	90 		0 		285 	342 	19 	76 	0 	1 		99 	3 		208 	592 	32 		0 		857 		6 		99 	4 	0 	1 	0 		0 			0 	11 	0 	1 	14 	19 	304 	6 			960 	21233 	26 				26657 
Italy	13 	0 	1002 	5074 	22 	11 	41632 	553 	3 	33 	2847 	167 	62 	0 	4 	35 	0 	66 	55 	3728 	4 	10 	4063 	73557 	80991 	485 	1415 	9 	9 	1 	24711 	53 	23 		33986 	1314 		2 	10 	46999 	13 	273 		44045 	379 	66 	7667 	1 		24 	2132 	1 	0 	1879 	18 	57 	24013 	4522 	6969 	8 	6 		91069 	48208 	0 		5 	25247 	579551 
Jamaica	0 	0 	0 	2 	11 		0 	5 			0 		0 	0 			1 	0 	0 	1 		0 		5 	74 			0 			5 	0 		114 	0 			0 		7 				71 	1 		0 	1 		0 			0 						15 	0 			30 	279 	0 				623 
Japan	16 	1 	4615 	1400 	6 	96 	2696 	2104 	1 		14872 	29 	8 	9248 	66 	2 		3 	2 	2741 	2 	0 	699 	17273 	10399 	14 	1283 	8 	24 	3 	10335 	285 	21 	12115 		2341 		176 	10 	27342 	22 	50 	0 	11508 	95 	705 	10705 	1 	5 	1 	98 		6 	9060 	1 	353 	3742 	6514 	11123 	1 			94090 	197839 	1 	2 		74645 	540800 
Jersey	0 	0 	0 	1196 		8 	1582 	102 			0 	12 	127 	0 	0 			0 	0 	27 		0 		1543 	0 		280 	0 	2 		251 	266 		2469 				0 		1482 	26 			852 	6 		0 			24 	1537 		0 			1630 	4 	11 	17608 	0 			6380 	2448 	0 				39874 
Jordan	0 	0 	0 	0 		0 	0 	1 			0 		0 	0 				21 	0 	0 	3 	0 		61 	2 		1 	0 			0 	0 		2 	0 	30 		0 	1 	11 				0 			0 			0 			0 						3 	0 			65 	98 	0 				299 
Kazakhstan	0 	0 	0 	3 			3 	46 			0 		0 	0 				12 	0 	0 		0 		14 	19 		1 	0 			0 	1 		0 	0 			0 		13 	1 			0 			0 			0 			0 						1 	0 	2 		84 	140 	0 				338 
Kenya	0 	0 	0 	0 			0 	0 			0 		0 	0 				0 	0 	0 		0 		0 	0 		12 	0 			0 	0 		0 	0 			0 		7 				0 			0 			0 			0 					8 	1 	0 			19 	16 	0 				62 
Kiribati	0 	0 	0 	0 			0 	0 			0 		0 	0 				0 	0 	0 		0 		0 	0 			0 			0 	0 		0 	0 			0 		0 				0 			0 			0 			0 						0 	0 			0 		0 				0 
Korea, Democratic People's Rep. of	0 	0 	0 											0 				0 	0 	0 		0 			0 			0 			0 	4 			0 			0 		0 				0 						0 			0 							0 					0 				4 
Korea, Republic of	0 	0 	429 	104 		74 	213 	212 			2118 	31 	1 	5100 	48 			29 	0 	457 	5 	0 	33 	1555 	1643 	3 	426 	5 	1 	0 	1288 	22 		1505 	5835 	746 			0 	3536 	11 	4 		1208 	117 	41 	300 		7 	0 	29 		0 	3766 	0 		8 	401 	778 	0 			13004 	34475 	0 				79566 
Kosovo, Republic of																																																																					
Kuwait	0 	0 	0 	0 		412 	0 	0 			0 		0 	0 				3 	0 	0 		0 		0 	0 			0 			0 	0 		0 	0 			0 	1 	0 				0 			4 			0 			0 						0 	0 			-15 		0 				406 
Kyrgyz Republic	0 	0 	0 	0 			0 	0 	1 		0 		0 	0 				0 	0 	0 		0 		0 	0 			0 			0 	0 		0 	0 		0 	0 		0 				0 			0 			0 			0 						0 	0 	0 		C 		0 				1 
Lao People's Democratic Republic	0 	0 	0 	0 			0 	0 			0 		0 	0 				0 	0 	0 		0 		0 	0 			0 			0 	0 		0 	0 			0 		0 				0 			0 			0 			0 						0 	0 			C 		0 				0 
Latvia	0 	0 	0 	23 			0 	0 			0 		0 	0 				0 	0 	7 		4 		4 	183 			0 			0 	0 		2 	0 			0 		22 				9 			0 			0 			0 					0 	21 	0 		0 	99 	13 	0 				387 
Lebanon	0 	0 	0 	9 		118 	4 	0 			0 		0 	0 				11 	0 	1 	8 	0 		20 	7 		1 	0 			0 	0 		8 	0 			0 		29 				0 			0 			0 			0 						18 	0 			232 	87 	0 				553 
Lesotho	0 	0 	0 	0 			0 	0 			0 		0 	0 				0 	0 	0 		0 		0 	0 			0 			0 	0 		0 	0 			0 		1 				0 			0 			0 			0 			0 			0 	0 			0 	2 	0 				3 
Liberia	0 	0 	0 	0 			0 	1 	0 		9 		0 	0 				0 	0 	1 		0 		25 	17 	4 	0 	0 			0 	0 		7 	8 			18 		46 				4 	2 		194 			0 			0 					1 	7 	0 			86 	1359 	0 				1789 
Libya	0 	0 	0 	0 			0 	0 			0 		0 	0 				0 	0 	0 		0 		0 	0 		0 	0 			0 	0 		2 	0 			0 		0 				0 			0 			0 			0 						0 	0 			0 		0 				2 
Liechtenstein	0 	0 	0 	16 			0 	5 	0 		0 		0 	0 				0 	0 	0 		0 		4 	123 			0 			0 	0 		22 	0 	12 		0 		83 				1 			0 			0 			0 							0 			0 	59 	0 				325 
Lithuania	0 	0 	0 	53 			3 	0 			0 		0 	0 				0 	0 	6 		15 		31 	432 		8 	2 			0 	0 		140 	0 			0 		71 				24 			0 			0 			0 		0 		2 	4 	11 	0 			102 	51 	0 				954 
Luxembourg	4 	0 	62 	6222 	18 	888 	57435 	1407 	65 	0 	555 	183 	1737 	8481 	105 	89 		66 	333 	623 		13 	1619 	30643 	103235 	757 	1124 	3 	429 	11 	1697 	2041 	571 	106052 	45864 	1436 		111 	125 		23 	21 	26 	8349 	39 	0 	1820 			134 	3146 	4 	421 	1128 	191 	966 	6872 	15662 	73949 	0 	23 		22039 	13035 	26 			3447 	525324 
Macedonia, FYR	0 	0 	0 	0 			0 	0 			0 		0 	0 				2 	0 	0 		0 		0 	3 		1 	0 			0 	0 		2 	2 			0 		4 				1 			0 			0 			0 						0 	0 			1 	34 	0 				50 
Madagascar	0 	0 	0 	0 			0 	0 			0 		0 	0 				0 	0 	0 		0 		0 	0 			0 			0 	0 		0 	0 			0 		1 			0 	0 			0 			0 			0 						0 	0 			0 	3 	0 				4 
Malawi	0 	0 	0 	0 			0 	0 			0 		0 	0 				0 	0 	0 		0 		0 	0 		0 	0 			0 	0 		0 	0 			0 		1 				0 			0 			0 			0 						0 	0 			1 	19 	0 				21 
Malaysia	0 	0 	56 	44 		19 	33 	434 			118 	47 	0 	2421 	11 			0 	0 	74 		0 		212 	325 		138 	0 		2 	119 	8 		219 	2538 	146 		452 	0 	987 				426 		0 	11 		9 	0 	14 		0 	6850 				58 	132 	0 			2389 	4258 	0 			0 	22551 
Maldives	0 	0 	0 	0 			0 	0 			0 		0 	0 				0 	0 	0 		0 		0 	0 			0 			0 	0 		0 	0 			0 		0 	3 			0 			0 			0 			0 						0 	0 			0 		0 				3 
Mali	0 	0 	0 	0 			0 	0 			0 		0 	0 				0 	0 	0 		0 		0 	0 			0 			0 	0 		0 	0 			0 		0 				0 			0 			0 			0 						0 	0 			0 	4 	0 				4 
Malta	0 	0 	0 	28 			0 	0 			0 		0 	0 				0 	0 	0 		0 		0 	0 			0 			0 	0 		46 	31 			0 		6 				0 			0 			0 			0 						5 	0 			C 	93 	0 				210 
Marshall Islands, Republic of	0 	0 	0 	1 			0 	0 			0 		0 	0 				0 	0 	0 		0 		0 	1 			0 			0 	0 		2 	0 			0 		0 				0 			0 			0 			0 					0 	1 	0 			0 	66 	0 				71 
Martinique	0 	0 	0 	0 			0 	0 			0 		0 	0 				0 	0 	0 		0 		0 	0 			0 			0 	0 		0 				0 		0 				0 			0 			0 			0 							0 			0 		0 				0 
Mauritania	0 	0 	0 	13 			0 	0 			0 		0 	0 				0 	0 	0 		0 		0 	0 			0 			0 	0 		0 	0 			0 		0 				0 			0 			0 			0 						0 	0 			0 		0 				13 
Mauritius	0 	0 	0 	0 			0 	31 			0 		0 	0 	0 			32 	0 	0 		0 		11 	3 		145 	0 		2 	0 	21 		0 	10 	19 		0 		10 	0 			0 			0 			0 			5 	67 		14 			28 	0 			104 	149 	0 				653 
Mayotte	0 	0 	0 	0 			0 	0 			0 		0 	0 				0 	0 	0 		0 		0 	0 			0 			0 	0 		0 				0 		0 				0 			0 			0 			0 							0 			0 		0 				0 
Mexico	32 	0 	81 	379 	702 	31 	254 	245 	2 		2360 	2206 	198 	0 	0 		4 	85 	3 	319 	1 	0 		1161 	2378 	8 	319 	0 	0 		575 	4 		4346 	2693 	65 		51 	1 	3251 	15 	9 	2 	1138 	827 	0 	50 	152 	2 	0 	129 		0 	115 	0 	1 	359 	83 	2492 	0 			9532 	48904 	75 		2 		85643 
Micronesia, Federated States of	0 	0 	0 	0 			0 	0 			0 		0 	0 				0 	1 	0 		0 		0 	0 			0 			0 	0 		0 	0 			0 		0 				0 			0 			0 			0 						0 	0 			0 		0 				1 
Moldova	0 	0 	0 	0 			0 	0 			0 		0 	0 				0 	0 	0 		0 		0 	0 			0 			0 	0 		0 	0 			0 		0 				0 			0 			0 		1 	131 						0 	0 			0 	29 	0 				161 
Monaco	0 	0 	0 	0 			0 	0 			0 		0 	0 				0 	0 	0 		0 		0 	0 			0 			0 	43 		24 	0 			0 		9 				0 			0 			0 			0 							0 			6 	2 	0 				84 
Mongolia	0 	0 	0 	0 			0 	0 			0 		0 	0 				0 	0 	0 		0 		0 	0 			0 			0 	0 		0 	0 			0 		0 				0 			0 			0 			0 						0 	0 			0 		0 				0 
Montenegro																																																											0 										0 
Montserrat	0 	0 	0 	0 			0 	0 			0 		0 	0 				0 	0 	0 		0 		0 	0 			0 			0 	0 		0 	0 			0 		0 				0 	0 		0 	5 		0 			0 							0 			0 		0 				5 
Morocco	0 	0 	0 	5 			12 	9 			0 		0 	0 				0 	0 	0 		0 		635 	30 		0 	0 			0 	0 		8 	1 			0 		123 				25 			0 			0 	5 		0 				46 		5 	0 			93 	369 	0 				1364 
Mozambique	0 	0 	0 	0 			0 	0 	0 		0 		0 	0 				0 	0 	0 		0 		0 	0 			0 			0 	0 		0 	0 			0 		0 				0 			0 			0 	8 		0 					0 	0 	0 			0 	3 	0 				11 
Myanmar	0 	0 	0 	0 			0 	0 			0 		0 	0 				0 	0 	0 		0 		0 	0 			0 			0 	0 		0 	0 			0 		0 				0 			0 			0 			0 	5 					0 	0 			0 		0 				5 
Namibia	0 	0 	0 	0 			7 	0 			0 		0 	0 				0 	0 	0 		0 		0 	0 			0 			0 	0 		0 	8 			0 		4 				0 			0 			0 			0 			5 			0 	0 			1 	1 	0 				26 
Nauru	0 	0 	0 	0 			0 	0 			0 		0 	0 				0 	0 	0 		0 		0 	0 			0 			0 	0 		0 	0 			0 		0 				0 			0 			0 			0 						0 	0 			0 		0 				0 
Nepal	0 	0 	0 	0 			0 	0 			0 		0 	0 				0 	0 	0 		0 		0 	0 			0 			0 	0 		0 	0 			0 		0 				0 			0 			0 			0 						0 	0 			0 		0 				0 
Netherlands	9 	6 	3643 	8297 	78 	198 	23466 	1120 	42 	7 	6143 	271 	53 	3055 	54 	26 		58 	403 	3316 	12 	10 	4885 	84493 	86571 	395 	1874 	111 	20 	100 	13897 	310 	93 	53154 	46139 	5121 	46 	14 	9 	54174 	19 	78 	5 		364 	83 	3128 	12 	0 	228 	3564 		46 	2281 	39 	204 	14140 	3533 	37787 	0 	77 		72359 	149082 	15 			16820 	705536 
Netherlands Antilles	0 	10 	0 	833 		1 	635 	348 	3 		300 	53 	0 	0 	1 	1 		0 	10 	43 		0 		15623 	1858 		215 	16 			189 	2 	2 	5736 	13702 	32 		0 	1 	2146 		7 		1615 			8 	0 		5 	213 		0 		0 		73 	40 	2309 	0 			2279 	16046 	0 		1 	C 	64356 
New Zealand	0 	0 	814 	21 	183 	17 	68 	56 			228 		0 	0 	13 			5 	0 	50 	5 	0 	11 	704 	218 		4 	0 			156 	53 	3 	246 	2471 	115 		0 		2230 	0 	1 		33 	12 		24 			0 			0 	1206 		2 		8 	263 	0 			2303 	4129 	0 	461 		561 	16676 
Nicaragua	0 	0 	0 	0 			0 	0 			0 	72 	0 	0 			6 	0 	0 	0 		0 		0 	0 			0 			0 	0 		0 	0 			0 		1 				0 			0 	7 		0 			0 						0 	0 			0 	22 	0 			C 	108 
Niger	0 	0 	0 	0 			0 	8 			0 		0 	0 				0 	0 	0 		0 		0 	0 	0 		0 			0 	0 		0 	0 	3 		0 		0 				0 			0 			0 			0 						0 	0 			0 		0 				11 
Nigeria	0 	0 	1 	5 			0 	0 			0 	145 	0 	0 				0 	0 	5 	2 	0 		34 	16 		28 	0 			0 	0 		32 	1 			0 		15 			0 	1 			0 			0 			0 						1 	0 			83 		0 				370 
Niue	0 	0 	0 	0 			0 	0 			0 		0 	0 				0 	0 	0 		0 		0 	0 			0 			0 	0 		1 	0 			0 		0 				0 			0 			0 			0 							0 			0 		0 				1 
Norfolk Island	0 	0 	0 	0 			0 	0 			0 		0 	0 				0 	0 	0 		0 		0 	0 			0 			0 	0 		0 				0 		0 				0 			0 			0 			0 							0 			0 		0 				0 
Norway	1 	0 	126 	523 	14 	26 	649 	287 	0 		514 	158 	2 	0 	26 	24 		108 	0 	1632 		0 	447 	2001 	3228 	4 	222 	0 	9 		1205 	57 	17 	599 	4509 	537 		16 	1 	4625 	0 	33 		896 	15 	17 		2 	5 	9 	33 		0 	673 	3 	7 	163 	2425 	2403 	0 	0 		7150 	14641 	0 			C 	50039 
Oman	0 	0 	0 	46 		107 	0 	0 			1 		0 	0 				0 	0 	0 		0 		0 	11 		24 	0 			0 	0 		0 	0 			0 	1 	18 		5 		0 			0 			0 			0 						1 	0 			16 		0 				230 
Pakistan	0 	0 	0 	0 		98 	0 	69 			1 		0 	0 				0 	0 	16 		0 		0 	0 		0 	0 			0 	0 		3 	14 			0 		43 	0 			2 			0 			0 			0 						4 	0 			39 	180 	0 				469 
Palau	0 	0 	0 	0 			0 	0 			0 		0 	0 				0 	0 	0 		0 		0 	0 			0 			0 	0 		0 	0 			0 		0 				0 			0 			0 			0 						1 	0 			0 		0 				1 
Panama	17 	0 	2 	37 	633 		6 	43 	55 		148 	167 	13 	0 		10 	62 	2 	0 	14 		0 		56 	218 		6 	0 			21 	10 	5 	204 	76 	26 		0 	0 	298 	2 			92 	3 		13 			0 	21 		0 				9 	4 	493 	0 			441 	9956 	0 		22 	C 	13182 
Papua New Guinea	0 	0 	0 	4 			0 	0 			0 		0 	0 				0 	0 	0 		0 		7 	5 			0 			0 	0 		6 	1 			0 		14 	112 			1 			0 			0 			0 						4 	0 			0 	155 	0 				309 
Paraguay	0 	0 	0 	0 			0 	0 	9 		0 		0 	0 				0 	0 	0 		0 		0 	0 			0 			0 	0 		0 	0 			0 		5 				0 			0 			0 			0 			4 			0 	0 			0 		0 				18 
Peru	12 	0 	3 	18 	69 		11 	136 	22 		129 	39 	3 	0 				0 	0 	12 		0 		95 	93 	0 	2 	0 			4 	0 		186 	23 			0 		136 	3 			56 	18 		0 	11 		0 			0 				9 	1 	9 	0 			296 	1673 	0 				3071 
Philippines	0 	0 	8 	23 		13 	73 	690 			171 	16 	0 	1239 	0 		0 	0 	0 	33 		0 		132 	112 		47 	0 			21 	0 		186 	1560 	455 		110 	0 	610 	102 			245 	-9 	0 	33 			0 			0 	1376 			1 	57 	614 	1 			1012 	4015 	0 				12947 
Pitcairn Islands	0 	0 	0 	0 			0 	0 			0 		0 	0 				0 	0 	0 		0 		0 	0 			0 			0 	0 		0 	0 			0 		0 				0 			0 			0 			0 							0 			0 		0 				0 
Poland	0 	0 	12 	390 			83 	187 	0 		82 		0 	0 				8 	159 	120 		0 		254 	1706 	23 	62 	24 			362 	3 		266 	18 	70 		3 	0 	2075 	0 			509 	4 	0 	6 	0 			43 		16 		0 		57 	57 	100 	0 			3110 	3099 	7 				12916 
Portugal	0 	0 	60 	597 	247 	67 	2816 	265 	78 		285 	485 	9 	0 	1 			19 	1 	111 		0 	307 	11534 	10992 	145 	481 	4 	0 		2485 	24 		3205 	1646 	789 		0 	0 	3022 	0 	45 		2235 	1 	0 	629 			0 			0 	485 	3 	2 	2762 	249 	414 	0 			8280 	4506 	0 			C 	59284 
Puerto Rico	0 	0 	0 	0 			0 	0 	0 		20 		0 	0 				0 	0 	0 		0 		0 	0 		4 	0 			0 	0 		6 	0 			0 		0 				0 			0 			0 			0 							0 			0 		0 		1 		32 
Qatar	0 	0 	0 	28 		355 	8 	0 			0 		0 	0 				10 	0 	3 		0 		23 	78 		6 	0 			0 	0 		61 	2 			2 	3 	61 	2 			48 			19 			0 			0 						11 	0 			205 		0 				924 
Reunion	0 	0 	0 	0 			0 	0 			0 		0 	0 				0 	0 	0 		0 		0 	0 			0 			0 	0 		0 	0 			0 		0 				0 			0 			0 			0 							0 			0 		0 				0 
Romania	0 	0 	0 	32 		3 	0 	0 			3 		0 	0 				0 	0 	9 	2 	0 		17 	293 	134 	49 	0 		0 	0 	0 		489 	0 	94 		13 		75 				61 			0 			0 	7 		0 		0 		9 	0 	25 	0 	0 		117 	13 	0 				1445 
Russian Federation	0 	0 	11 	493 	5 		85 	40 		2 	173 	30 	4 	0 			0 	1313 	13 	112 		3 	58 	424 	2196 	29 	330 	0 			222 	22 		2400 	128 	313 	35 	3 	1 	1716 	8 			682 	151 	0 	10 	0 		0 					2 		11 	536 	505 	0 	0 	17 	3961 	10208 	2 		0 	C 	26254 
Rwanda	0 	0 	0 	0 			1 	0 			0 		0 	0 				0 	0 	0 		0 		0 	0 			0 			0 	0 		0 	0 			0 		0 				0 			0 			0 			0 						0 	0 			0 		0 				1 
Saint Helena	0 	0 	0 	0 			0 	0 			0 		0 	0 				0 	0 	0 		0 		0 	0 			0 		4 	0 	0 		0 	0 			0 		0 				0 			0 			0 			0 						0 	0 			0 		0 				4 
Saint Pierre and Miquelon	0 	0 	0 	0 			0 	0 			0 		0 	0 				0 	0 	0 		0 		0 	0 			0 			0 	0 		0 	0 			0 		0 				0 			0 			0 			0 							0 			0 		0 				0 
Samoa	0 	0 	0 	0 			0 	0 			0 		0 	0 				0 	0 	0 		0 		0 	0 			0 			0 	0 		0 	0 			0 		0 				2 			0 			0 			0 						0 	0 			0 		0 				2 
San Marino	0 	0 	0 	0 			0 	0 			0 		0 	0 				0 	0 	0 		0 		0 	0 			0 			0 	0 		0 	0 			0 		0 				0 			0 			0 			0 						0 	0 			0 		0 				0 
Sao Tome and Principe	0 	0 	0 	0 			0 	0 			0 		0 	0 				0 	0 	0 		0 		0 	0 			0 			0 	0 		0 	0 			0 		1 				0 			0 			0 			0 						0 	0 			0 		0 				1 
Saudi Arabia	0 	0 	0 	0 		679 	1 	14 			0 		0 	0 				0 	0 	0 	238 	0 		0 	0 		167 	0 	1 		0 	0 		0 	0 			0 	0 	20 	1 			56 	3 		0 			0 			0 						2 	0 			837 		0 				2016 
Senegal	0 	0 	0 	0 			1 	29 			0 		0 	0 				0 	0 	1 		0 		5 	0 			0 			0 	0 		0 	0 			0 		291 				0 			0 			0 			0 						1 	0 			0 		0 				328 
Serbia, Republic of	0 	0 	0 	0 			0 	0 			0 		0 	0 				0 	0 	0 		0 		0 	0 			0 			3 	0 		0 		3 		0 		1 				1 			0 			0 			3 						0 	0 			30 	1 	0 				42 
Seychelles	0 	0 	0 	0 			0 	0 			0 		0 	0 				0 	0 	0 		0 		0 	0 			0 			0 	0 		0 	0 			0 		0 			0 	0 			0 			0 			0 						0 	0 			C 		0 				0 
Sierra Leone	0 	0 	0 	0 			0 	0 			0 		0 	0 				0 	0 	0 		0 		0 	0 			0 			0 	0 		0 	0 			0 		0 				0 			0 			0 			0 						0 	0 			0 		0 				0 
Singapore	0 	0 	779 	86 	22 	66 	89 	348 	1 		1333 	20 	0 	2685 	32 			0 	0 	129 		0 		328 	412 	3 	88 	0 	0 	40 	457 	15 		547 	2133 	1629 		152 	0 	1586 	471 			861 	2 	30 	196 		62 	0 			0 		0 	20 	13 	193 	273 	106 			12672 	22818 	0 			0 	50693 
Sint Maarten																																																																					
Slovak Republic	0 	0 	0 	289 			13 	0 			0 	11 	0 	0 				1 	87 	7 		0 		26 	781 		4 	19 			0 	0 		70 	30 			5 		265 	1 			81 			0 			0 			0 				3 		26 	0 			206 	133 	0 				2057 
Slovenia	0 	0 	0 	322 			15 	4 	0 		0 		2 	0 				4 	0 	1 		0 		192 	639 		16 	0 			0 	0 		93 	0 			0 		185 				46 			0 			0 			0 				2 		22 	0 			332 	14 	0 				1887 
Solomon Islands	0 	0 	0 	0 			0 	0 			0 		0 	0 				0 	0 	0 		0 		0 	0 			0 			0 	0 		0 	0 			0 		1 				0 			0 			0 			0 						0 	0 			0 		0 				1 
Somalia	0 	0 	0 	0 			0 	0 			0 		0 	0 				0 	0 	0 		0 		0 	0 			0 			0 	0 		0 	0 			0 		0 				0 			0 			0 			0 						0 	0 			0 		0 				0 
South Africa	0 	0 	205 	240 		24 	108 	1592 	0 		359 	21 	0 	0 				0 	0 	82 		0 		264 	1039 	12 	156 	0 			219 	9 		281 	1111 	68 		9 	0 	1185 	3 	0 	9 	405 		0 	11 		5 	0 	115 		0 	1 			59 	67 	499 	0 			3875 	7861 	0 			0 	19895 
South Sudan																																																																					
Spain	422 	0 	631 	2184 	1051 	90 	14576 	836 	526 	7 	3348 	38 	53 	0 	40 			25 	78 	1628 	10 	0 	2645 	42547 	39228 	145 	1957 	4 	14 		13554 	422 	5 	11645 	13489 	1389 		6 	2 	23763 	8 	27 		16679 	31 	115 	3674 	3 		3 	2893 		0 	1642 	9 	47 		2234 	4056 	0 	0 		30519 	39922 	14 		0 	6830 	285067 
Sri Lanka	0 	0 	0 	0 			0 	114 			6 		0 	0 				0 	0 	1 		0 		0 	0 		0 	0 			0 	0 		0 	2 			11 	0 	7 	0 			0 			0 			0 			0 	41 					0 	0 			26 	158 	0 				368 
St. Kitts and Nevis	0 	0 	0 	0 			0 	0 			0 		0 	0 				0 	0 	0 		0 		0 	0 			0 			0 	0 		31 				0 		0 				0 			0 			0 			0 							0 			0 		0 				31 
St. Lucia	0 	0 	0 	0 			0 	0 			0 		0 	0 				0 	0 	0 		0 		0 	0 			0 			0 	0 		0 	0 			0 		0 				0 			0 			0 			0 						0 	0 			0 		0 				0 
St. Vincent and the Grenadines	0 	0 	0 	0 			0 	0 			0 		0 	0 				0 	0 	0 		0 		0 	0 			0 			0 	0 		0 	0 			0 		0 				0 			0 			0 			0 						2 	0 			0 		0 				2 
Sudan	0 	0 	0 	0 			0 	0 			0 		0 	0 				0 	0 	0 	0 	0 		0 	0 		0 	0 			0 	0 		0 	0 			0 		0 				0 			0 			0 			0 						0 	0 			0 		0 				1 
Suriname	0 	0 	0 	0 			0 	0 			0 		0 	0 				0 	0 	0 		0 		0 	1 			0 			0 	0 		0 	0 			0 		0 				0 			0 			0 			0 						0 	0 			0 		0 				1 
Swaziland	0 	0 	0 	0 			0 	0 			0 		0 	0 				0 	0 	0 		0 		0 	0 			0 			0 	0 		0 	0 			0 		0 				0 			0 			0 			0 			0 			0 	0 			0 		0 				1 
Sweden	6 	0 	410 	1018 		115 	1591 	406 	4 	0 	1707 	199 	98 	0 	25 	24 		328 	17 	9328 	2 	24 	6162 	8148 	9093 	44 	679 	9 	55 		4089 	1526 		4673 	17779 	669 		8 	6 	19246 	3 	25 		5870 	40 	75 	4676 	2 		0 	224 		1 	615 	0 	165 	1203 		5763 	28 	0 		28712 	36830 	0 		7 	2822 	174551 
Switzerland	1 	0 	1241 	1773 	19 	23 	2739 	420 	25 		4730 	94 	9 	0 	17 			89 	11 	2765 	18 	0 	1060 	11881 	22755 	47 	277 	6 	21 		4398 	206 	37 	6072 	7166 	1331 	0 	4 	19 	16774 	2 	46 	6 	10802 	285 	103 	2189 	10 		13 	193 	0 	1 	338 	2 	238 	3295 	5350 		23 	5 		30260 	76627 	0 		1 	2770 	218587 
Syrian Arab Republic	0 	0 	0 	0 			0 	0 			0 		0 	0 				0 	0 	0 		0 		0 	0 			0 			0 	0 		0 	0 			0 		0 				0 			0 			0 			0 						0 	0 			0 		0 				0 
Taiwan Province of China	0 	0 	177 	43 			106 	964 	0 		659 		0 	2095 	31 			0 	0 	242 		0 		408 	396 	2 	335 	0 		0 	492 	19 		486 	476 	61 		8 	0 	2626 	21 			565 	18 	0 	220 		13 	0 			0 	1437 	0 		142 	273 	525 	1 			8508 	19860 	0 				41207 
Tajikistan	0 	0 	0 	0 			0 	0 			0 		0 	0 				0 	0 	0 		0 		0 	0 			0 			0 	0 		0 	0 			0 		0 				0 			0 			0 			0 						0 	0 			0 		0 				0 
Tanzania	0 	0 	0 	0 			0 	0 			0 		0 	0 				0 	0 	0 		0 		0 	0 			0 			0 	0 		0 	0 			0 		0 			1 	0 			0 			0 			0 					1 	0 	0 			C 	7 	0 				8 
Thailand	0 	0 	21 	82 			142 	202 			109 	11 	0 	1147 	0 			1 	0 	54 		0 		156 	384 	0 	131 	0 	3 	0 	168 	3 		134 	1038 	122 		179 	0 	621 	36 			175 	1 	0 	6 		1 	0 			0 	2415 			14 	16 	83 				1906 	2698 	0 				12062 
Timor-Leste, Dem. Rep. of	0 	0 	0 	0 			0 	0 			0 		0 	0 				0 	0 	0 		0 		0 	0 			0 			0 	0 		0 	0 			0 		0 				0 			0 			0 			0 						0 	0 			0 		0 				0 
Togo	0 	0 	0 	0 			0 	0 			0 		0 	0 				0 	0 	0 		0 		0 	0 			0 			0 	0 		0 	0 			0 		3 				0 			0 			0 			0 						0 	0 			0 		0 				3 
Tokelau Islands	0 	0 	0 	0 			0 	0 			0 		0 	0 				0 	0 	0 		0 		0 	0 			0 			0 	0 		0 	0 			0 		0 				0 			0 			0 			0 							0 			0 		0 				0 
Tonga	0 	0 	0 	0 			0 	0 			0 		0 	0 				0 	0 	0 		0 		0 	0 			0 			0 	0 		0 	0 			0 		0 				0 			0 			0 			0 						0 	0 			0 		0 				0 
Trinidad and Tobago	0 	0 	0 	1 	224 		0 	361 			4 	59 	0 	0 				0 	0 	0 		0 		53 	3 		1 	0 			0 	0 		0 	72 			0 		23 				0 			0 			0 			0 						2 	0 			75 	495 	0 			C 	1372 
Tunisia	0 	0 	0 	80 			20 	0 			0 		0 	0 				0 	0 	0 		0 		154 	135 		3 	0 			0 	0 		21 	787 			7 	0 	27 		11 		0 			0 			0 			0 					0 	2 	0 			213 	168 	0 				1628 
Turkey	0 	0 	27 	193 	4 	336 	26 	82 	0 	4 	84 		0 	0 				13 	0 	19 		0 		93 	4022 	106 	122 	0 			75 	1 		2364 	2071 	3 	1 	0 	3 	1006 	4 	762 	2 	141 	1 	0 	12 			0 	5 		7 				40 	11 	552 	0 			1169 	3539 	0 				16901 
Turkmenistan	0 	0 	0 	0 			0 	0 			0 		0 	0 				0 	0 	0 		0 		0 	0 		1 	0 			0 	0 		0 	0 			0 		16 				0 			0 			0 			0 						0 	0 			C 		0 				17 
Turks and Caicos Islands	0 	0 	0 	0 			0 	5 	2 		0 		0 	0 				0 	0 	0 		0 		0 	0 			0 			0 	0 		0 	76 			0 		0 				0 			0 	0 		0 			0 						0 	0 			0 	32 	0 				115 
Tuvalu	0 	0 	0 	0 			0 	0 			0 		0 	0 				0 	0 	0 		0 		0 	0 			0 			0 	0 		0 	0 			0 		0 				0 			0 			0 			0 						0 	0 			0 		0 				0 
Uganda	0 	0 	0 	0 			0 	0 			0 		0 	0 				0 	0 	0 		0 		0 	0 			0 			0 	0 		0 	0 			0 		15 				0 			0 			0 			0 						0 	0 			C 	5 	0 				20 
Ukraine	0 	0 	1 	30 	7 		1 	23 	0 		2 		0 	0 				20 	0 	9 		2 		22 	233 	0 	59 	0 			0 	3 		286 	7 	10 		0 		34 				12 			0 			0 			254 		0 		4 	4 	32 	0 			28 	203 	0 				1286 
United Arab Emirates	0 	0 	0 	0 		10 	0 	0 			0 		0 	0 				0 	0 	0 		0 		5 	0 		0 	0 			0 	0 		0 	0 			0 	1 	10 				2 			0 			0 			0 						0 	0 			54 		0 				82 
United Kingdom	27 	7 	7921 	6999 	585 	1446 	11853 	6488 	99 	9 	24255 	1773 	101 	31070 	266 	46 		173 	180 	8789 	96 	8 	3798 	68603 	72961 	1070 	17133 	38 	343 	74 	84186 	10969 	423 	33731 	110356 	18336 	53 	430 	24 	60309 	410 	235 	75 	40787 	783 	1814 	12206 	295 	24 	82 	2533 	0 	29 	16484 	28 	16585 	15132 	18647 	25008 	31 	8 			512975 	19 			40659 	1289876 
United States	10694 	247 	44446 	15013 	6457 	5533 	29411 	119217 	1878 	572 	152701 	32974 	2610 	39253 	320 	1064 	9 	342 	579 	21117 	527 	10 	7332 	116530 	108168 	1284 	15924 	186 	881 	249 	145558 	6242 	5850 	74001 	490200 	36932 	1253 	3764 	264 	177910 	208 	353 	7 	142411 	6747 	5268 	26850 	1283 	1844 	510 	3445 	1 	212 	22972 	53 	4385 	16999 	51144 	82744 	292 	231 	1 	308986 		291 	929 	2123 	748051 	3105841 
Uruguay	5 	0 	0 	32 	85 		2 	0 	63 		31 	69 	258 	0 			1 	0 	0 	1 		0 		12 	126 		3 	0 			0 	1 		21 	192 			3 		44 				92 	62 		0 	4 		0 			0 						15 	0 			180 	603 				C 	1903 
US Pacific Islands	0 	0 	0 	0 			0 	0 			0 		0 	0 				0 	0 	0 		0 		0 	0 			0 			0 	0 		0 				8 		19 				0 			0 			0 			0 							0 			0 		0 				27 
US Virgin Islands	5 	0 	0 	0 			0 	0 	1 		0 		0 	0 	5 			0 	0 	0 		0 		4 	0 		0 	0 	1 		0 	0 		0 	0 	12 		175 	0 	43 				2 			0 			0 			0 			0 				0 			12 		0 				260 
Uzbekistan	0 	0 	0 	0 			0 	0 			0 		0 	0 				0 	0 	0 		0 		0 	0 			0 			0 	0 		0 	0 			1 		0 	1 			0 			0 			0 			0 						0 	0 			0 	1 	0 				4 
Vanuatu	0 	0 	0 	0 			0 	0 			0 		0 	0 				0 	0 	0 		0 		10 	0 			0 			0 	0 		0 	0 			0 		0 				0 			0 			0 			0 						0 	0 			0 		0 				10 
Vatican	0 	0 	0 	0 			0 	0 			0 		0 	0 				0 	0 	0 		0 		0 	9 			0 			0 	0 		0 	0 			0 		0 				0 			0 			0 			0 						37 	0 			0 		0 				46 
Venezuela, Republica Bolivariana de	8 	0 	2 	30 	60 	268 	140 	134 	26 		329 	29 	12 	0 		5 	0 	-26 	0 	20 		0 		108 	546 	0 	58 	0 			78 	13 		1179 	509 			0 	1 	1371 	2 			257 	278 		28 	80 	5 	0 			0 				12 	1 	91 	0 			1433 	3655 	11 				10754 
Vietnam	0 	0 	0 	0 			0 	14 			0 		0 	0 				0 	0 	4 		0 		0 	2 		15 	0 			0 	0 		0 	31 			22 		11 	10 			0 			0 			0 			0 	25 				0 	0 	3 			33 	21 	0 				191 
Virgin Islands, British	0 	0 		92 		14 	7 	1325 	117 		14 	56 	0 	1622 	39 			35 	0 	0 		0 		969 	427 		1172 	0 		2 	0 	192 		250 	1726 	309 		0 	12 	2140 	9 		2 	301 	134 		0 			0 	472 	0 	0 	220 		156 	38 	63 		1 			529 	2011 	0 				14456 
Wallis and Futuna	0 	0 	0 	0 			0 	0 			0 		0 	0 				0 	0 	0 		0 		0 	0 			0 			0 	0 		1 	0 			0 		2 				0 			0 			0 			0 						0 	0 			0 		0 				3 
West Bank and Gaza	0 	0 	0 	0 			0 	0 			0 		0 	0 				0 	0 	0 		0 		0 	0 			0 			0 	0 		0 	0 			0 		0 				0 			0 			0 			0 						1 	0 			0 		0 				1 
Western Sahara	0 	0 	0 	0 			0 	0 			0 		0 	0 				0 	0 	0 		0 		0 	0 			0 			0 	0 		0 	0 			0 		0 				0 			0 			0 			0 							0 			0 		0 				0 
Yemen, Republic of	0 	0 	0 	0 			0 	0 			0 		0 	0 				0 	0 	0 		0 		0 	0 			0 			0 	0 		1 	0 			0 		0 				0 			0 			0 			0 						0 	0 			0 	0 	0 				1 
Zambia	0 	0 	0 	0 			0 	0 			0 		0 	0 				0 	0 	0 		0 		0 	0 			0 			0 	0 		0 	0 			0 		0 				0 			0 			0 			0 						0 	0 			C 	5 	0 				6 
Zimbabwe	0 	0 	0 	0 			68 	0 			8 		0 	0 				0 	0 	1 		0 		0 	0 		2 	0 			0 	0 		0 	0 			0 		6 			0 	1 			0 			0 			0 			25 		0 	0 	0 			1 	88 	0 				202 
Not Specified (including Confidential)	0 	55 	2741 	0 	174 	1528 	2 	0 	16 		4887 	69 	44 	8742 	2 			0 	0 	2933 		16 	1413 	321 	0 	1081 		0 	11 		42280 	4 	127 	153 	12307 	15 		235 	10 	1735 			18 	0 		1435 	259 			0 	169 		0 	4379 		47 	7008 	12 	56714 	4 			42256 	1275 	9 	2 		35439 	229928 
International Organizations	0 	0 	0 	2438 		37 	1267 	822 		5 	1028 	89 	214 	6308 	163 	54 		17 	254 	124 	114 	0 	699 	15330 	7005 	518 	372 	68 	1 	1 	724 	61 		39882 	43658 	393 	7 	31 	16 	10993 		86 		2625 	20 		584 	2 		58 	3208 		13 		8 	0 	3460 		3268 	0 			29195 	12360 	1 		52 	91384 	279013 
World	11543 	326 	79352 	112457 	18455 	15280 	280426 	162433 	4821 	799 	261240 	50817 	6757 	205600 	3330 	1652 	141 	3869 	5106 	85838 	1307 	295 	55910 	710330 	791616 	8025 	67486 	682 	1980 	717 	432839 	28947 	7722 	552022 	1289749 	103660 	1406 	8034 	746 	820614 	2279 	2929 	584 	485669 	19352 	12422 	100757 	3280 	2135 	1537 	44741 	8 	1315 	112285 	549 	29741 	173143 	145557 	490589 	825 	546 	18 	1304044 	2303603 	1203 	1868 	2297 	1281806 	12719412 