COUNTRY	Argentina	Aruba	Australia	Austria	Bahamas, The	Bahrain, Kingdom of	Barbados	Belgium	Bermuda	Bolivia	Brazil	Bulgaria	Canada	Cayman Islands	Chile	China, P.R.: Hong Kong	China, P.R.: Macao	Colombia	Costa Rica	Curacao and Sint Maarten	Cyprus	Czech Republic	Denmark	Egypt	Estonia	Finland	France	Germany	Gibraltar	Greece	Guernsey	Hungary	Iceland	India	Indonesia	Ireland	Isle of Man	Israel	Italy	Japan	Jersey	Kazakhstan	Korea, Republic of	Kosovo	Kuwait	Latvia	Lebanon	Lithuania	Luxembourg	Malaysia	Malta	Mauritius	Mexico	Mongolia	Netherlands	New Zealand	Norway	Pakistan	Panama	Philippines	Poland	Portugal	Romania	Russian Federation	Singapore	Slovak Republic	Slovenia	South Africa	Spain	Sweden	Switzerland	Thailand	Turkey	Ukraine	United Kingdom	United States	Uruguay	Venezuela, República Bolivariana de	SEFER + SSIO (**)	Value of Total Investment
Afghanistan, Islamic Republic of	0 		0 	0 			0 		0 		0 	0 			0 	0 		0 			0 		0 			0 		0 			0 	0 		0 	0 	0 	0 			0 		0 	0 	0 					0 					0 	0 		6 				0 	0 		0 			0 			0 	0 		1 		0 	0 	0 		0 	7 
Albania	0 		C 	4 			0 	0 	0 		0 	6 			0 	0 		0 			0 		6 		1 	0 	3 	41 		104 	0 	0 		0 	0 	24 	0 		43 	0 		0 	0 	0 				0 	109 					0 	5 						C 	0 	C 	0 			0 			0 	8 		0 		12 	91 	0 		C 	458 
Algeria	0 		0 	0 			0 		0 		0 	0 			0 	15 		0 			2 		3 			0 	260 	0 			0 	0 		0 	0 	0 	0 			0 		0 	0 	0 	164 				0 			22 		0 	0 		0 				0 	16 		0 			0 			0 	1 		0 		228 	0 	0 		0 	710 
American Samoa	0 		0 	0 			0 		0 		0 	0 			0 	0 		0 			0 	0 	0 			0 		0 			0 	0 		0 	0 	0 	0 			0 		0 	0 	0 			0 		0 					0 	0 		18 				0 	0 		0 			0 			0 	0 		0 		0 	0 	0 		0 	18 
Andorra	0 		0 	0 			0 		0 		0 	0 			0 	0 		0 			0 		0 			0 	1 	0 			0 	0 		0 	0 	0 	0 			17 		0 	0 	0 					41 					0 	0 				0 		0 	0 		0 			0 			3 	0 		0 		1 	8 	0 		0 	71 
Angola	0 		37 	0 			0 		0 		0 	0 			0 	0 		0 			0 		0 			0 		0 			13 	0 		0 	0 	1 	0 			1 		0 	0 	0 					0 			14 		0 	0 		4 		0 		0 	404 		0 			0 	99 		0 	0 		0 		98 	7 	0 		0 	679 
Anguilla	0 		0 	0 			0 		0 		0 	0 			0 	0 		0 			0 		0 			0 	9 	0 			0 	0 		0 	0 	0 	0 	1 		0 		0 	0 	0 					0 					0 	0 		1 		0 		0 	0 		0 			0 			1 	0 		0 		372 	1 	0 		0 	385 
Antigua and Barbuda	0 		C 	0 			0 	0 	0 		0 	0 			0 	0 		0 		6 	0 	0 	0 			0 	0 	0 		0 	0 	0 		0 	0 	0 	0 		1 	0 		0 	0 	0 		24 		0 	2 					0 	0 				0 		0 	0 		0 	C 		0 		C 	0 	0 		0 		0 	66 	0 		0 	99 
Argentina		1 	20 	172 	147 	1 	0 	25 	71 		196 	0 	98 	251 	88 	50 		4 	1 	53 	4 	0 	413 			0 	225 	628 		3 	136 	0 	0 	0 	1 	174 	1 	1 	3027 	343 	155 	2 	13 	0 		3 	21 	0 	2150 			11 	7 	0 	453 		30 		7 	0 	C 	0 		1 	22 		0 	12 	146 	13 	191 		3 		2487 	7110 	115 	112 	0 	19195 
Armenia, Republic of	0 		0 	0 			0 		0 		0 	0 			0 	0 		0 			0 		0 			0 	18 	0 			0 	0 		0 	0 	165 	0 			0 		0 	0 	0 					150 					0 	3 				0 		0 	0 		0 			0 			0 	0 		0 		0 	0 	0 		C 	336 
Aruba	0 		C 	21 			0 		1 		0 	0 	1 	17 	0 	6 		0 		291 	0 		3 			0 	1 	11 			0 	0 		0 	0 	22 	0 		5 	484 		0 	4 	0 					35 					0 	3 				9 		0 	0 		0 	C 		0 			0 	2 		0 		12 	502 	0 		0 	1430 
Australia	1 	6 		2467 	6 	186 	1379 	5436 	10922 	4 	6 	1 	23236 	414 	196 	33904 	549 	25 	6 	62 	4 	24 	1957 		1 	2033 	29182 	27575 	32 	100 	1261 	3 	12 	29 	102 	31443 	238 	327 	4854 	165569 	1374 	1674 	3529 	0 	0 	10 	152 	11 	39469 	1737 	370 	216 	0 	28 	23394 	17560 	21108 		20 	222 	1 	476 	0 	205 	26950 	120 	223 	291 	1665 	7174 	28472 	2496 	6 		87348 	351064 	158 	1 	C 	961074 
Austria	0 	1 	1324 			24 	94 	14104 	1669 		8 	113 	999 	9 	225 	525 	34 	31 	23 	1 	83 	3219 	2090 		165 	2656 	68696 	108003 	6 	658 	382 	918 	2 	0 	0 	8215 	31 	92 	18932 	16233 	1019 	588 	91 	8 		42 	5 	38 	28927 	37 	413 			0 	36840 		5762 		0 	0 	805 	2257 	705 	264 	C 	1421 	858 	3 	6532 	783 	2391 	9 	5 		12596 	14408 	27 		35446 	401849 
Azerbaijan, Republic of	0 		C 	7 		0 	0 		0 		0 	0 	4 		0 	C 		0 			0 		21 			0 	5 	26 			9 	0 		0 	0 	1 	0 		11 	15 	84 	0 	13 	0 		2 	1 		287 					0 	83 				0 		0 	0 		1 	C 		0 			0 	11 		5 		34 	87 	0 		C 	707 
Bahamas, The	0 	0 	C 	41 			400 	13 	0 		1081 	0 	130 	70 	15 	2 	15 	0 	0 	96 	0 	0 	368 			148 	137 	62 	2 		266 	0 		0 	0 	282 	2 	1 	38 	1710 	691 	0 	0 	0 		0 	5 	1 	1096 	6 		3 		0 	237 		93 		6 	17 	0 	33 	C 	0 	C 		0 		C 	19 	1615 	148 	0 		199 	5467 	7 		0 	14525 
Bahrain, Kingdom of	0 		C 	30 			0 	3 	251 		0 	0 			0 	51 	0 	0 			17 		7 	35 	1 	0 	34 	190 		3 	65 	0 		0 	0 	53 	0 		27 	35 	358 	0 	3 	0 	6388 		360 	1 	233 	78 				0 	110 		48 	11 	0 	0 	0 	0 	C 	0 	C 		0 		C 	0 	36 	15 	5 		516 	0 	0 		C 	8964 
Bangladesh	0 		0 	0 			0 	0 	0 		0 	0 			0 	467 		0 	0 		0 		97 			0 		0 			0 	0 		0 	1 	9 	0 			0 		0 	1 	0 	35 				91 			10 		0 	3 		6 		0 		0 	0 		0 	C 		0 			0 	1 		0 		257 	102 	0 		0 	1082 
Barbados	0 	1 	C 	36 				3 	173 		0 	0 	52 	4 	0 	0 		0 			0 		7 			0 	0 	33 			19 	0 		0 	0 	37 	0 	1 	6 	24 		0 	0 	0 					257 					0 	30 				5 		0 	0 		0 			0 			0 	17 	9 	0 		227 	1684 	1 		0 	2627 
Belarus	0 		0 	8 		0 	0 		0 		0 	0 			0 	5 		0 			25 		32 			0 	23 	59 			51 	0 	0 	0 	0 	11 	0 		43 	32 		0 	0 	0 		0 	0 	1 	358 					0 	41 				0 		0 	0 		126 	C 		0 		C 	0 	0 		0 		161 	408 	0 		C 	1385 
Belgium	0 	1 	1163 	4927 		28 	20 		1178 	29 	348 	196 	2146 	1 	98 	540 	13 	25 	11 	41 	460 	2120 	1936 	31 	158 	2002 	110077 	45460 	30 	211 	206 	135 	1 	1 	1 	15958 	16 	43 	9593 	22824 	1172 	52 	314 	153 		11 	82 	15 	55257 	10 	196 	17 		0 	27640 	14 	6444 	0 	0 		45 	2113 	0 	11 	C 	125 	374 	25 	7270 	1265 	6452 	20 	1 		41991 	45546 	64 		34336 	453044 
Belize	0 		0 	1 		0 	0 	0 	0 		3 	0 	3 		0 	0 		4 	2 		0 		16 			0 	4 	1 			0 	0 		0 	0 	0 	0 		1 	0 		0 	316 	0 		20 			8 			6 		0 	0 				0 		0 	0 		8 	C 		0 		C 	0 	1 		0 		3 	84 	0 		0 	483 
Benin	0 		0 	0 			0 		0 		0 	0 			0 	0 		0 			0 		3 			0 	19 	0 			0 	0 		0 	0 	0 	0 			0 	6 	0 	0 	0 					5 			0 		0 	0 				0 		0 	0 		0 			0 			0 	2 		0 		0 	1 	0 		0 	36 
Bermuda	0 	1 	3835 	306 	13 	57 	33 	1030 			3093 	2 	10769 	63 	11 	89574 	659 	0 	0 	68 	26 	81 	1428 		3 	1047 	4031 	2320 	6 	12 	3261 	6 	16 	207 	1 	5433 	626 	76 	543 	26864 	193 	11 	541 	0 	48 	1 	22 	3 	20804 	252 	3 	904 		0 	6184 	108 	4580 	1 	15 	3 	2 	24 	0 	168 	9266 		4 	14146 	176 	3592 	4462 	25 	0 		10194 	178344 	63 		C 	409637 
Bhutan	0 		0 	0 			0 		0 		0 	0 			0 	0 		0 			0 		0 			0 	98 	0 			0 	0 		0 	0 	0 	0 			0 		0 	0 	0 					0 					0 	0 		30 		0 		0 	0 		0 			0 			0 	0 		0 		0 	0 	0 		0 	128 
Bolivia	0 		0 	1 			0 		0 		0 	0 		2 	0 	0 		0 		0 	0 		13 			0 	0 	26 			6 	0 		0 	0 	1 	0 		8 	6 		0 	0 	0 					100 					0 	34 				0 		0 	0 		0 	C 		0 		C 	1 	2 		0 		101 	95 	2 		0 	400 
Bonaire, Sint Eustatius and Saba	0 		0 	0 			0 		0 		0 	0 			0 	0 		0 			0 		0 					0 			0 	0 		0 	0 	0 				0 		0 	0 	0 					110 					0 	0 				0 		0 	0 		0 			0 			0 	87 		0 		0 	0 			C 	197 
Bosnia and Herzegovina	0 		0 	8 			0 		0 		0 	0 			0 	0 		0 			0 		34 			0 	0 	8 			0 	0 	0 	0 	0 	21 	0 		2 	0 		0 	0 	0 	19 			1 	248 					0 	9 				0 		0 	0 		0 			40 			0 	1 		0 		20 	81 	0 		C 	494 
Botswana	0 		0 	0 			0 		0 		0 	0 			0 	0 		0 			0 		4 			0 	3 	0 			1 	0 		0 	0 	18 	0 			0 		0 	0 	0 					12 			3 		0 	1 				0 		0 	0 		0 			0 	52 		0 	0 		0 		27 	67 	0 		0 	190 
Brazil	430 	4 	4105 	562 	5340 	877 	15 	627 	4120 	5 		4 	12118 	23974 	2363 	180 	20 	475 	45 	115 	1 	15 	3602 	10 	3 	160 	9425 	6080 	6 	13 	2843 	5 	4 	2 	1 	15083 	12 	90 	1667 	27853 	544 	5 	5902 	0 		1 	16 	4 	61339 	5 		1 	296 	0 	13197 	0 	9810 	16 	560 	0 	1 	891 	C 	93 	C 	7 	122 	455 	C 	2213 	4707 	6181 	13 		127154 	216116 	264 	12 	C 	572181 
British Indian Ocean Territory	0 		0 	0 			0 		0 		0 	0 			0 	0 		0 			0 		0 			0 		0 			1 	0 		0 	0 	0 	0 			0 		0 	0 	0 					0 					0 	0 				0 		0 	0 		0 			0 			0 			0 		0 	6 	0 		C 	7 
Brunei Darussalam	0 		0 	0 			0 		0 		1 	0 		1 	0 	0 		0 			0 		0 			0 	18 	0 			0 	0 		0 	1 	0 	0 			0 		0 	2 	0 					0 	0 				0 	0 				0 		0 	0 		0 	C 		0 			0 	0 		0 		0 	0 	0 		0 	22 
Bulgaria	0 		C 	567 		3 	0 	36 	0 		0 		2 		0 	0 		0 			35 	2 	22 		15 	0 	188 	482 		343 	11 	17 	0 	0 	0 	5 	0 		29 	6 	32 	0 	6 	0 		16 		7 	242 					0 	36 		0 		0 		6 	0 	51 	13 		21 	2 		C 	3 	11 		0 		1167 	157 	0 		C 	3532 
Burkina Faso	0 		0 	0 			0 		0 		0 	0 			0 	0 		0 			0 		0 			0 	32 	0 			0 	0 		0 	0 	0 	0 			0 		0 	0 	0 					0 			1 		0 	0 				0 		0 	0 		0 			0 			0 	0 		0 		0 	0 	0 		0 	32 
Burundi	0 		0 	0 			0 		0 		0 	0 			0 	0 		0 			0 	0 	6 			0 		4 			0 	0 		0 	0 	0 	0 		8 	0 		0 	0 	0 					69 					0 	0 				0 		0 	0 		0 			0 			0 	0 		0 		2 	0 	0 		0 	89 
Cambodia	0 		0 	1 			0 		0 		0 	0 			0 	C 		0 			0 		0 			0 		0 			2 	0 		0 	0 	1 	0 			0 		0 	1 	0 					194 	0 		0 		0 	4 		4 		0 		0 	0 		0 			0 			0 	3 	1 	0 		4 	0 	0 		0 	216 
Cameroon	0 		0 	0 			0 	0 	0 		0 	0 			0 	C 		0 			0 		0 			0 	642 	0 			0 	0 		0 	0 	0 	0 			0 		0 	0 	0 					12 			27 		0 	0 				0 		C 	0 		0 			0 			0 	0 		0 		91 	4 	0 		0 	775 
Canada	6 	6 	19754 	1914 	5 	209 	1593 	3513 	11634 	6 	52 	2 		789 	671 	8658 	221 	913 	15 	98 	46 	58 	2507 		8 	1277 	19383 	20238 	71 	67 	2607 	20 	294 	9 	0 	24790 	128 	204 	3077 	61176 	1196 	1794 	2721 	0 	84 	252 	35 	3 	43173 	29 	66 	99 	48 	9 	16347 	433 	23229 		91 	23 	75 	187 	18 	502 	C 	10 	48 	1097 	536 	10501 	29729 	78 	12 		26918 	808022 	168 		C 	1153555 
Cabo Verde	0 		0 	0 			0 		0 		0 	0 			0 	0 		0 			0 		0 			0 		0 			0 	0 		0 	0 	0 	0 			0 		0 	0 	0 					0 					0 	0 				0 		0 	73 		0 			0 			0 	0 		0 		0 	0 	0 		0 	74 
Cayman Islands	0 	2 	C 	4584 	24 	914 	1131 	3064 	8474 		893 	1 	14521 		636 	203760 	1409 	70 	12 	6041 	72 	8 	9036 	154 	32 	12235 	23602 	24066 	99 	455 	20125 	5 	50 	9 	379 	32605 	2118 	222 	3872 	575629 	6153 	31 	4300 	0 	7284 	8 	84 	6 	62277 	887 		278 	493 	0 	21618 	0 	4513 	3 	249 	233 	3 	5438 	0 	79 	8697 	34 	23 	430 	C 	7376 	30896 	339 	251 		98617 	796931 	120 	5 	C 	2007966 
Central African Republic	0 		0 	0 			0 		0 		0 	0 			0 	0 		0 			0 		0 			0 	0 	0 			5 	0 		0 	0 	0 	0 			0 		0 	0 	0 			0 		0 					0 	0 				0 		0 	0 		0 			0 			0 	0 		0 		0 	0 	0 		0 	6 
Chad	0 		0 	0 			0 		0 		0 	0 			0 	0 		0 			0 		0 			0 		0 			0 	0 		0 	0 	0 	0 			0 		0 	0 	0 					0 					0 	0 				0 		0 	0 		0 			0 			0 	0 		0 		0 	0 	0 		0 	0 
Chile	2 	1 	456 	87 	15 	188 	1 	33 	672 	8 	326 	0 	1067 	540 		205 	4 	104 	1 	101 	0 	0 	441 			C 	621 	1364 			114 	1 	0 	1 	0 	1220 	0 	1 	100 	782 	202 	0 	190 	0 		0 	2 	1 	5847 	0 			3 	0 	1665 	0 	1253 		162 	0 	0 	0 		0 	C 	1 	4 		C 	151 	738 	62 	0 		4157 	27912 	185 	3 	C 	50995 
China, P.R.: Hong Kong	0 	2 	7144 	496 		31 	58 	403 	919 		11 	0 	10498 	74 	42 		10661 	0 	0 	25 	3 	20 	2078 	5 	8 	807 	6999 	3467 	2 	7 	848 	12 	19 	61 	424 	13025 	217 	189 	673 	16984 	439 	932 	7239 	0 	58 	0 	8 	0 	34988 	2798 		2693 		404 	10874 	0 	5752 		7 	247 	C 	27 		43 	21862 	1 	64 	42 	2087 	3526 	4173 	1475 	0 		41559 	144743 	0 		C 	362252 
China, P.R.: Macao	0 	0 	C 	0 			0 		48 		0 	0 			0 	772 		0 		0 	0 	0 	0 			0 		0 			0 	0 		0 	0 	41 	0 			45 		2 	24 	0 					69 					0 	0 		0 		0 		0 	335 		0 	C 		0 			11 	0 	102 	0 		74 	0 	0 		C 	1525 
China, P.R.: Mainland	23 	3 	4394 	466 		28 	6 	533 	657 		1 	0 	8653 	23 	104 	283235 	11607 	1 	1 	7 	0 	17 	1543 	11 	4 	662 	12514 	2882 	21 	8 	2021 	2 	7 	2 	904 	15703 	43 	55 	916 	10423 	560 	9 	6749 	0 	201 	0 	93 	4 	37978 	551 		5300 	19 	1 	9044 	0 	7178 	5 	10 	369 	1 	27 		16 	57046 		109 	258 	C 	1506 	2825 	526 	0 		33088 	120392 	2 		C 	641349 
Christmas Island	0 		0 	0 			0 		0 		0 	0 			0 	0 		0 			0 		0 			0 		0 			0 	0 		0 	0 	0 	0 			0 		0 	0 	0 					0 					0 	0 				0 		0 	0 		0 			0 		C 	0 	0 		0 		0 	0 	0 		0 	0 
Cocos (Keeling) Islands	0 		0 	0 			0 		0 		0 	0 			0 	0 		0 	0 		0 		0 			0 		0 			0 	0 		0 	0 	0 	0 			0 		0 	0 	0 					0 					0 	0 				0 		0 	0 		0 			0 			0 	0 		0 		0 	0 	0 		0 	0 
Colombia	0 	2 	156 	92 	10 	2 	40 	22 	1148 	7 	13 	0 	538 	200 	371 	11 			18 	77 	0 	0 	749 			C 	353 	1546 		0 	214 	0 		0 	0 	922 	0 		150 	1467 	199 	2 	91 	0 				0 	5282 			14 		0 	1761 	0 	395 		709 		0 	0 		0 	C 	1 	1 		136 	92 	327 	3 	0 		1806 	19996 	146 	3 	C 	39071 
Comoros	0 		0 	0 			0 		0 		0 	0 			0 	0 		0 			0 		0 			0 		0 			0 	0 		0 	0 	0 	0 			0 		0 	0 	0 					0 			0 		0 	0 				0 		0 	0 		0 			0 			0 	0 		0 		0 	0 	0 		0 	0 
Congo, Democratic Republic of	0 		0 	0 			0 	17 	0 		0 	0 			0 	0 		0 			0 		0 			0 	2070 	0 			0 	0 		0 	0 	0 	0 			1 		0 	0 	0 					3 					0 	0 				0 		0 	0 		2 			0 			0 	0 		0 		371 	0 	0 		0 	2464 
Congo, Republic of	0 		0 	0 			0 		0 		0 	0 			0 	0 		0 			0 		33 			0 	18 	5 			0 	0 		0 	0 	0 	0 		0 	0 		0 	0 	0 					39 					0 	5 				0 		0 	0 		0 			0 			0 	0 		0 		29 	223 	0 		0 	352 
Cook Islands	0 		0 	0 			0 		0 		0 	0 			0 	0 		0 			0 		0 			0 	0 	0 			0 	0 		0 	0 	0 	1 			0 		0 	0 	0 					0 					0 	0 				0 		0 	0 		0 	C 		0 			0 	0 		0 		0 	7 	0 		0 	8 
Costa Rica	0 		0 	4 	16 	1 	8 	0 	115 		1 	0 		16 	5 	C 		0 			0 		34 			0 	1 	115 		0 	14 	0 		0 	0 	49 	0 		8 	38 	6 	0 	3 	0 					359 					0 	90 		1 		213 		0 	0 		0 	C 		0 		C 	0 	8 		0 		106 	769 	0 		0 	1979 
Cote d'Ivoire	0 		C 	12 		0 	0 	0 	50 		0 	0 	9 		0 	13 		0 			0 		146 			C 	219 	45 		0 	73 	0 		0 	0 	29 	0 		5 	67 	85 	0 	0 	0 			0 		681 	0 		55 		0 	80 		201 		0 		0 	0 		0 	C 		0 	28 		0 	0 		0 		276 	716 	0 		C 	2790 
Croatia	0 	0 	3 	929 		1 	0 	47 	153 		0 	100 	36 		0 	3 		0 			2 	2 	364 		16 	53 	1586 	1129 	2 	33 	109 	27 	0 	0 	0 	272 	0 		391 	129 	24 	0 	4 	0 		26 	2 	15 	2118 		7 	1 		0 	381 		56 		0 		C 	0 	3 	4 	C 	162 	47 		C 	6 	120 	3 	0 		486 	2276 	1 		C 	11127 
Cuba	0 		C 	0 			0 		0 		0 	0 			0 	0 		0 			0 		0 			0 	0 	0 			6 	0 	1 	0 	0 	0 	0 			0 		0 	0 	0 					0 					0 	4 				0 		0 	0 		0 			0 			6 	0 		0 		23 	0 	190 	10 	0 	240 
Curacao	0 	10 	0 	616 			11 	2711 	72 		0 	11 	1378 	6 	4 	15 	0 	0 	0 		16 	452 	234 				38836 	1801 		82 	23 	77 		0 	0 	884 		23 	965 	10212 	62 	43 	7 	0 		1 		5 	3406 	1 				0 	1998 		38 		0 		19 	123 	C 	1 	C 	39 	44 		977 	66 	3123 		0 		224 	69652 	1 		C 	138267 
Curacao & St. Maarten																																																																																
Cyprus	0 	0 	21 	190 			0 	123 	7 		0 	1 	89 		0 	625 		0 				88 	118 		7 	127 	249 	614 		1086 	143 	3 	0 	2 	0 	139 	0 		63 	16 	1158 	22 	24 	0 		32 	8 	7 	1663 	9 	17 	94 		0 	215 	0 	751 		0 		81 	10 	23 	2735 	C 	103 	4 	2 	C 	182 	67 		1 	66 	1280 	1587 	0 		C 	13851 
Czech Republic	0 		237 	3648 			0 	2090 	11 		0 	494 	215 		0 	62 		0 		0 	19 		202 		33 	116 	3217 	8241 	2 	9 	152 	154 	0 	0 	0 	710 	0 	1 	1093 	940 	716 	28 	58 	0 		11 		64 	3796 		25 			0 	2582 		1200 		0 		431 	18 	8 	2 	C 	1091 	194 		C 	115 	1158 	1 	0 		3918 	4420 	0 		C 	41483 
Denmark	0 	1 	C 	3312 		20 	36 	2547 	895 	1 	1462 	26 	3281 	1 	250 	618 	113 	1 	18 	15 	13 	31 			91 	40137 	16980 	28631 	232 	17 	13737 	2 	44 	0 	0 	8668 	209 	38 	2555 	11852 	1963 	581 	293 	2 	10 	33 	6 	132 	17854 	21 	35 	178 		0 	9430 	0 	25606 		3 	0 	6 	531 	0 	4 	C 	240 	70 	204 	540 	22680 	11054 	6 	14 		19756 	49269 	1 		C 	296360 
Djibouti	0 		0 	0 			0 		0 		0 	0 			0 	0 		0 			0 		0 			0 		0 			0 	0 		0 	0 	0 	0 			0 	2 	0 	0 	0 					0 					0 	0 				0 		0 	0 		0 			0 			0 	0 		0 		0 	0 	0 		0 	2 
Dominica	0 		0 	0 			5 		0 		0 	0 			0 	0 		0 		0 	0 		0 			0 		0 			0 	0 		0 	0 	0 	0 			0 		0 	0 	0 					2 					0 	0 				0 		0 	0 		0 			0 			0 	0 		0 		0 	0 	0 		0 	7 
Dominican Republic	0 	0 	C 	13 		0 	0 	4 	123 		0 	0 	68 	7 	2 	C 		60 	0 	46 	0 		98 			0 	18 	108 			20 	0 		0 	0 	59 	0 		39 	41 	68 	0 	0 	0 		0 	0 		699 					0 	165 				95 		0 	0 		0 			0 		C 	0 	16 		0 		69 	1102 	0 		0 	2923 
Ecuador	0 		0 	5 		0 	0 	0 	0 		1 	0 			0 	6 		0 	1 		0 		9 			0 	15 	4 		0 	8 	0 		0 	0 	0 	0 		3 	5 		0 	0 	0 			0 		188 					0 	3 				19 		0 	0 		0 	C 		0 		C 	0 	0 		6 		27 	289 	1 		C 	589 
Egypt	0 	0 	C 	21 		138 	0 	16 	20 		0 	0 	159 		9 	23 		0 		0 	26 	0 	119 			C 	473 	88 		8 	262 	1 		0 	0 	416 	0 		23 	62 	137 	0 	27 	0 	766 	0 	8 		1048 	5 		34 		0 	220 		359 		8 		0 	0 		1 	C 		0 	227 	C 	30 	67 	5 	0 		1074 	4655 	0 		0 	10539 
El Salvador	0 	0 	C 	22 	10 	1 	3 	0 	393 		0 	0 	12 	16 	0 	0 		273 	19 		0 		118 			0 	26 	165 			61 	0 		0 	0 	73 	0 		33 	85 		0 	4 	0 					607 					0 	166 				56 		0 	0 		0 	C 		0 		C 	0 	13 		0 		107 	1175 	0 		0 	3438 
Equatorial Guinea	0 		0 	0 			0 		0 		0 	0 			0 	0 		0 			0 		0 			0 	0 	0 			0 	0 	7 	0 	0 	0 	0 			0 		0 	0 	0 					0 					0 	0 				0 		0 	0 		0 			0 			0 	0 		0 		0 	54 	0 		0 	61 
Eritrea	0 		0 	0 			0 		0 		0 	0 			0 	0 		0 			0 		0 			0 		0 			0 	0 		0 	0 	4 	0 			0 		0 	0 	0 					0 					0 	0 				0 		0 	0 		0 			0 			0 	0 		0 		0 	0 	0 		0 	4 
Estonia	0 		C 	111 			0 	4 	0 		0 	0 			0 	0 		0 			0 	14 	48 			350 	53 	132 	2 	0 	2 	1 	0 	0 	0 	108 	0 		3 	1 		0 	3 	0 		95 		228 	291 					0 	55 		19 		0 		27 	0 		16 	C 	9 	28 		C 	317 	84 		0 		17 	146 	0 		C 	2164 
Ethiopia	0 		0 	0 			0 		0 		0 	0 			0 	0 		0 			0 		1 	59 		0 		0 			0 	0 		0 	0 	0 	0 			0 		0 	0 	0 					0 			23 		0 	0 				0 		0 	0 		0 						0 	0 		0 		0 	0 	0 		0 	83 
Falkland Islands	0 		0 	0 			0 	0 	0 		0 	0 			0 	0 		0 			0 		0 			0 	0 	11 			0 	0 		0 	0 	0 	0 		0 	0 		0 	0 	0 		0 			5 	0 				0 	0 				0 		0 	0 		0 	C 		0 		C 	0 	1 		0 		6 	24 	0 		0 	47 
Faroe Islands	0 		0 	0 			0 	1 	0 		0 	0 			0 	0 		0 			0 		731 			0 	0 	7 			2 	0 	20 	0 	0 	24 	0 		0 	0 		0 	0 	0 					21 					0 	0 		8 		0 		0 	0 		0 	C 		0 		C 	11 	3 		0 		1 	22 	0 		0 	850 
Fiji	0 		C 	0 			0 		0 		0 	0 			0 	C 		0 			0 		0 			0 		0 			0 	0 		0 	0 	0 	0 		0 	0 		0 	0 	0 					167 					0 	0 				0 		0 	0 		0 	C 		0 			0 	0 		0 		5 	7 	0 		0 	179 
Finland	0 	1 	1748 	4667 		2 	2 	5239 	1481 		3 	15 	1474 	105 	10 	629 	2 	1 	0 	7 	130 	55 	9389 		462 		17345 	35210 	22 	165 	1302 	3 	15 	0 	0 	12087 	143 	7 	2880 	13763 	958 	283 	324 	0 	0 	138 	3 	58 	19218 	0 	44 	1 	0 	0 	22033 	9 	13087 		13 	0 	C 	538 	6 	2 	C 	673 	122 	6 	1248 	39424 	8116 	3 	0 		26081 	26578 	55 		19928 	287311 
France	1 	9 	17625 	30015 	12 	496 	163 	130805 	15080 	170 	125 	142 	27667 	251 	849 	10328 	402 	68 	20 	150 	1371 	1059 	17634 	80 	590 	19496 		375394 	186 	2087 	5614 	167 	614 	0 	8 	120932 	164 	2150 	135557 	215947 	9190 	3819 	6187 	41 	185 	204 	552 	485 	287615 	124 	1433 	72 	23 	1 	186256 	0 	58736 	7 	28 	76 	311 	12251 	53 	1329 	C 	2726 	2220 	238 	48026 	17084 	97155 	364 	9 		234528 	369813 	70 	7 	401849 	2876495 
French Southern Territories	0 		0 	0 			0 		0 		0 	0 			0 	0 		0 			0 		0 			0 		0 			0 	0 		0 	0 	0 	0 			0 		0 	0 	0 					0 					0 	0 				0 		0 	0 		0 			0 			0 	0 		0 		0 	0 	0 		0 	0 
French Territories: French Polynesia	0 		0 	0 			0 		0 		0 	0 			0 	0 		0 			0 		0 			0 	79 	0 			0 	0 		0 	0 	0 	0 			0 		0 	0 	0 					0 					0 	0 				0 		0 	0 		0 			0 			0 	0 		0 		0 	0 	0 		0 	79 
French Territories: New Caledonia	0 		0 	0 			0 		0 		0 	0 			0 	0 		0 			0 		0 			0 	95 	0 			0 	0 		0 	0 	0 	0 			0 		0 	0 	0 					0 					0 	0 				0 		0 	0 		0 	C 		0 			0 	0 		0 		0 	0 	0 		0 	95 
Gabon	0 		0 	3 		0 	0 	3 	199 		0 	0 	2 		0 	0 		0 			0 		24 			0 	163 	145 			2 	0 		0 	0 	67 	0 		5 	11 	43 	0 	0 	0 		0 			100 					0 	33 				0 		0 	0 		0 	C 		0 		C 	0 	40 		0 		19 	0 	0 		0 	858 
Gambia, The	0 		0 	0 			0 		0 		0 	0 			0 	0 		0 			0 		0 			0 		0 			0 	0 		0 	0 	0 	0 			0 		0 	0 	0 					21 					0 	0 				0 		0 	0 		0 			0 			0 	0 		0 		4 	0 	0 		0 	26 
Georgia	0 		0 	13 		0 	0 	0 	0 		0 	0 	11 		0 	0 		0 			1 	1 	84 			C 	7 	86 		0 	25 	0 		0 	0 	28 	0 	322 	20 	16 	17 	1 	91 	0 		3 	0 	4 	474 			1 		0 	70 				0 		0 	0 		14 	C 		1 			10 	14 	0 	0 		121 	473 	0 		C 	1907 
Germany	36 	12 	32425 	66124 	129 	319 	166 	40514 	14320 	89 	153 	642 	20647 	917 	6190 	13118 	562 	305 	35 	75 	556 	863 	64772 	88 	479 	31299 	255107 		363 	2215 	6168 	671 	417 	2 	5 	158465 	351 	2051 	85143 	181490 	18772 	3785 	2876 	48 	192 	402 	88 	225 	338000 	478 	819 	38 	39 	0 	267636 	313 	71349 	9 	24 	200 	422 	9211 	141 	2145 	25024 	1114 	3033 	266 	27413 	37391 	89938 	180 	48 		301460 	325218 	131 		573537 	3089248 
Ghana	0 	0 	C 	3 		0 	0 		101 		0 	0 			0 	39 		0 			0 		37 	2 		C 	18 	34 			18 	0 		0 	0 	40 	0 		5 	6 	3 	0 	0 	0 		1 	0 		1506 			175 		0 	53 		19 		0 		0 	0 		3 	C 		0 	4 		0 	9 		0 		1066 	582 	0 		0 	3724 
Gibraltar	0 		C 	226 			0 	1 	637 		97 	0 			0 	0 		0 			0 	0 	15 			0 	58 	59 			5 	0 		0 	0 	32 	1 		86 	5 		0 	9 	0 		0 			41 			1 		0 	4 		26 		0 		0 	0 	0 	0 	C 		9 		C 	5 	66 		0 		169 	410 	0 		0 	1961 
Greece	0 	0 	75 	1747 		17 	2 	2472 	2615 		0 	267 	207 		0 	12 		0 	0 	24 	7475 	2 	137 		8 	182 	10598 	9372 			72 	9 	0 	0 	0 	536 	3 	10 	4238 	215 	3623 	2 	2 	0 		3 	16 	5 	1412 	0 	43 		5 	0 	3785 	0 	491 		0 	0 	C 	2494 	37 	6 	13 	149 	331 	23 	2829 	121 	232 	2 	207 		2504 	4629 	2 		C 	63259 
Greenland	0 		0 	0 			0 	0 	0 		0 	0 			0 	0 		0 			0 		71 			0 		0 			0 	0 		0 	0 	0 	0 			0 		0 	0 	0 					13 					0 	0 				0 		0 	0 		0 			0 		C 	0 	0 		0 		0 	0 	0 		0 	83 
Grenada	0 		0 	0 			1 	3 	0 		0 	0 			0 	0 		0 			0 		0 			0 	3 	0 			0 	0 		0 	0 	11 	0 		0 	0 		0 	0 	0 					0 					0 	0 				0 		0 	0 		0 			0 			0 	0 		0 		0 	25 	0 		0 	44 
Guadeloupe	0 		0 	0 			0 		0 		0 	0 			0 	0 		0 			0 		0 			0 		0 			0 	0 		0 	0 	0 	0 			0 		0 	0 	0 					0 					0 	0 				0 		0 	0 		0 						0 	0 	1 	0 		-5 	0 	0 		0 	-4 
Guam	0 		0 	0 		24 	0 	11 	0 		0 	0 			0 	0 		0 			0 		0 			0 	0 	0 			0 	0 		0 	0 	0 	3 			0 		0 	0 	0 					0 					0 	0 				0 		0 	0 		0 			0 			24 	0 		0 		0 	0 	0 		0 	62 
Guatemala	0 		0 	4 	460 	0 	26 	0 	127 		0 	0 	3 	3 	2 	4 		0 	3 		0 		15 			0 	1 	84 			4 	0 		0 	0 	41 	0 		5 	9 		0 	0 	0 					155 					0 	17 				141 		0 	0 		0 			0 		C 	0 	6 		0 		9 	248 	0 		0 	1366 
Guernsey	0 		41 	573 		99 	123 	706 	149 		8 	0 	1258 	8 	5 	706 	0 	0 		53 	11 	31 	1125 		0 	3782 	4309 	6394 	6 	53 		10 	113 	0 	0 	1992 	1198 	3 	1080 	6382 	437 	0 	69 	0 		2 	2 	1 	4353 	1 		5 		0 	5243 		4592 		0 		37 	78 		18 	440 	170 	0 	3301 	461 	673 	9686 	9 	0 		21116 	27539 	1 		C 	108451 
Guiana, French	0 		0 	0 			0 	0 	0 		0 	0 			0 	0 		0 		3 	0 		0 			0 		0 			0 	0 		0 	0 	0 	0 			0 		0 	0 	0 					0 					0 	0 				0 		0 	0 		0 						0 	0 		0 		0 	0 	0 		0 	3 
Guinea	0 		C 	0 			0 		0 		0 	0 			0 	0 		0 			0 		0 			0 	0 	0 			11 	0 		0 	0 	0 	0 			0 	9 	0 	0 	0 					0 					0 	0 				0 		0 	0 		0 			0 			0 	0 		0 		0 	0 	0 		0 	20 
Guinea-Bissau	0 		0 	0 			0 		0 		0 	0 			0 	0 		0 			0 		0 			0 		0 			0 	0 		0 	0 	0 	0 			0 		0 	0 	0 					0 	0 				0 	0 				0 		0 	7 		0 			0 			0 	0 		0 		0 	0 	0 		0 	7 
Guyana	0 		0 	0 			3 		0 		0 	0 			0 	0 		0 			0 		0 			0 		0 			0 	0 		0 	0 	0 	0 			0 		0 	0 	0 					0 					0 	0 				0 		0 	0 		3 			0 			0 	0 	3 	0 		4 	0 	0 		0 	13 
Haiti	0 		0 	0 			0 		0 		0 	0 			0 	0 		0 			0 		0 			0 		0 			0 	0 		0 	0 	0 	0 			0 		0 	0 	0 					0 					0 	0 				0 		0 	0 		0 			0 			0 	0 		0 		0 	0 	0 		0 	0 
Honduras	0 		0 	0 			1 		0 		0 	0 			0 	C 		122 	15 		0 		0 			0 		0 			5 	0 		0 	0 	4 	0 			0 	8 	0 	0 	0 					9 				12 	0 	0 				103 		0 	0 		0 			0 			0 	97 	16 	0 		0 	14 	0 		0 	407 
Hungary	0 	0 	288 	3388 		1 	0 	295 	12 		8 	164 	442 		0 	12 		0 	0 	4 	18 	337 	863 		18 	103 	1533 	7002 		30 	235 		0 	0 	0 	1566 	0 	3 	740 	513 	999 	0 	106 	0 		32 	6 	41 	13307 	8 	4 	0 		0 	1949 	0 	532 		0 		702 	9 	66 	153 	C 	641 	80 	36 	C 	77 	507 		0 		17008 	13082 	1 		C 	66921 
Iceland	0 		C 	46 			0 	129 	9 		0 	1 	35 	1 	0 	9 		0 	0 		0 	10 	162 		1 	3 	527 	1260 	6 	18 	4 	0 		0 	0 	137 	0 		303 	181 	344 	48 	3 	0 		2 	0 	3 	1142 				1 	0 	103 		45 		0 		89 	121 		4 	C 	1 	0 		268 	117 	128 		0 		2340 	2103 	0 		C 	9707 
India	0 	1 	3360 	421 		489 	1 	239 	655 	1 	2 	0 	5833 	21 	5 	6465 	23 	0 		4 	6 	4 	1580 	81 		738 	4650 	1074 	41 	4 	751 	0 	2 		61 	3995 	24 	4 	390 	5195 	589 	25 	2063 	0 	202 	0 	5 	1 	31180 	286 		78228 		0 	5849 	85 	4278 	2 	14 	0 	C 	0 		6 	54927 		37 	798 	2755 	1066 	1944 	546 	0 		22024 	78846 	1 		C 	321876 
Indonesia	0 	2 	985 	340 	2 	5 	0 	133 	1637 		0 	0 	2488 	80 	12 	643 	1 	0 		17 	1 	0 	1628 			C 	1273 	2775 	5 		752 	0 	1 	36 		4549 	2 		628 	7543 	123 	0 	551 	0 	173 	1 		0 	21610 	1803 		128 		0 	3981 	0 	2507 	8 	0 	1022 	0 	0 		0 	26167 	2 	15 	11 	C 	429 	901 	64 	2 		8098 	44991 	0 		C 	138125 
Iran, Islamic Republic of	0 		0 	0 			0 	0 	0 		0 	0 			2 	0 	5 	0 			0 		0 			0 	1 	0 		0 	0 	0 		0 	0 	0 	0 			0 	38 	0 	24 	0 			0 		0 	163 				0 	0 		55 		0 		0 	0 		1 	C 		0 			0 	0 	112 	0 		0 	0 	0 		0 	401 
Iraq	0 	0 	C 	9 		20 	0 		2 		0 	0 	19 		0 	0 		0 			0 	10 	94 			0 	14 	16 			44 	0 		0 	0 	11 	0 		28 	98 	2 	0 	341 	0 	204 	0 	0 		380 			8 		0 	164 				0 		0 	0 		0 			0 			0 	19 		0 		420 	0 	0 		0 	1901 
Ireland	0 	8 	3155 	11893 	16 	9 	110 	37867 	12177 		113 	171 	5880 	509 	6653 	9990 	365 	156 	1 	2686 	1460 	699 	11883 	8 	579 	19701 	117992 	131783 	103 	1475 	5094 	239 	1201 	10 	0 		4122 	2025 	100725 	52967 	3263 	1230 	1878 	471 	55 	448 	54 	346 	98385 	390 	1689 	21 	19 	0 	72778 	783 	11296 		88 	0 	85 	19125 	39 	11070 	2186 	2525 	339 	6948 	28506 	12578 	35997 	354 	5 		199693 	180851 	5 		C 	1237327 
Isle of Man	0 	0 	36 	25 			8 	11 	34 		18 	0 			0 	2 		0 			6 	2 	39 		4 	46 	116 	133 		0 	215 	0 	4 	0 	0 	880 			22 	479 	9 	0 	33 	0 		0 	4 	0 	1083 	997 		87 		0 	94 		11 		0 		5 	0 	1 	292 	175 		0 	147 	C 	6 	136 		2 		2096 	3285 	1 		C 	10545 
Israel	0 	0 	404 	234 			0 	127 	5329 		3 	0 	1668 		12 	13 		0 	0 	3 	9 	6 	256 			52 	747 	1490 	8 	3 	1343 	58 	1 	0 	0 	723 	1 		116 	1807 	115 	23 	90 	0 		0 		0 	3342 	0 		16 		0 	1575 	0 	1815 		7 		2 	0 		4 	C 		11 	0 	C 	179 	550 	116 	1 		3382 	56544 	6 		C 	82191 
Italy	1 	4 	3572 	23909 		38 	5 	32399 	1188 		40 	79 	5894 	44 	242 	1542 	28 	0 	0 	222 	731 	571 	8517 	58 	401 	6871 	285314 	211323 	33 	776 	1666 	32 	10 	0 	5 	109265 	5 	214 		53810 	745 	47 	1291 	23 		13 	20 	18 	144029 	4 	395 	46 	1 	0 	56350 	0 	15339 		1 	0 	15 	15802 	23 	22 	2401 	2123 	1022 	36 	48982 	4030 	3232 	64 	4 		79926 	109565 	69 		C 	1234446 
Jamaica	0 		0 	7 		0 	765 	0 	4 		0 	0 		44 	0 	0 		0 	0 	31 	0 		4 			0 	8 	49 		0 	56 	0 		0 	0 	0 	0 		24 	4 	27 	0 	0 	0 			0 		24 					0 	8 				0 		0 	0 		0 	C 		0 		C 	0 	6 		0 		23 	221 	0 		0 	1305 
Japan	12 	12 	19883 	1011 		116 	244 	1657 	1873 	3 	13 	0 	37099 	5 	2159 	37295 	122 	11 	0 	295 	1 	18 	5642 	22 	1 	363 	108138 	23173 	9 	8 	1356 	3 	32 	13 	142 	47972 	126 	229 	3036 		7103 	3139 	5438 	0 	2 	6 	9 	0 	62636 	222 	5 	277 	25 	0 	35009 	1024 	43144 	4 	0 	36 	3 	413 	0 	0 	C 	7 	29 	306 	501 	10636 	20085 	141 	0 		183940 	506339 	29 		253032 	1425632 
Jersey	0 	0 	1260 	2986 		54 	408 	2429 	1500 		82 	4 	1468 	21 	0 	1659 	17 	0 	0 	23 	4085 	403 	1248 		1 	1417 	11165 	13695 	33 	839 	842 	110 	29 	0 	0 	6011 	510 	12 	7521 	18570 		6 	759 	0 	129 	1 	20 	1 	22945 	5 		37 		0 	7957 		1207 		0 	0 	25 	625 	8 	1480 	609 	9 	8 	2323 	3684 	887 	5107 	0 	1 		55231 	49120 	6 		C 	230595 
Jordan	0 		C 	0 		319 	0 		10 		0 	0 	4 		0 	8 		0 			23 		9 	5 		0 	8 	41 			48 	0 		0 	0 	26 	0 		8 	0 	139 	0 	0 	0 	676 		122 		161 	0 				0 	9 		1 		0 		0 	0 		0 			0 			0 	4 		0 		195 	231 	0 		0 	2047 
Kazakhstan	0 	0 	10 	358 		49 	0 	16 	229 		0 	4 	57 	20 	0 	9 	1 	0 	0 		9 	33 	276 		4 	0 	57 	817 		8 	692 	21 	0 	0 	0 	479 	0 		76 	109 	57 		87 	0 		25 	3 	7 	1801 	18 		7 		0 	223 		34 	3 	1 	0 	20 	0 	1 	129 	C 	2 	1 		C 	23 	105 	0 	4 		1619 	3798 	0 		C 	11303 
Kenya	0 	0 	C 	0 		2 	0 	0 	0 		0 	0 	4 		0 	18 		0 			0 		29 	0 		0 	7 	0 			25 	0 		0 	0 	108 	0 		0 	3 	74 	0 	3 	0 					469 			252 		0 	7 		20 		0 		0 	0 		0 	C 		0 	132 		6 	11 		0 		139 	444 	0 		0 	1754 
Kiribati	0 		0 	0 			0 		0 		0 	0 			0 	0 		0 			0 		0 			0 		0 			0 	0 		0 	0 	0 	0 			0 		0 	0 	0 					0 					0 	0 				0 		0 	0 		0 			0 			0 	0 		0 		0 	0 	0 		0 	0 
Korea, Democratic People's Rep. of	0 		C 				0 		0 		0 	0 				0 		0 			0 		0 			0 		0 				0 					0 			0 		0 	0 	0 					0 					0 	0 				7 		0 	0 		0 						0 			0 			0 	0 		0 	7 
Korea, Republic of	0 	3 	7586 	662 	3 	144 	1 	656 	1170 		947 	0 	11127 	7 	97 	22195 	170 	1 		14 	0 	7 	2091 			590 	11671 	8328 	6 	8 	651 	8 	5 	38 	11 	15512 	11 	40 	1032 	24228 	495 	1566 		0 	52 	0 	5 	11 	45964 	2604 	15 	35 	81 	3 	10549 	0 	13848 	14 	34 	481 	9 	15 	0 	8 	46281 	5 	62 	111 	658 	2598 	3592 	3415 	0 		42237 	174689 	2 		C 	458462 
Kosovo, Republic of	0 		0 	0 			0 		0 		0 	0 			0 	0 		0 			0 		0 					0 			0 	0 		0 	0 	0 				0 		0 	0 						0 					0 	0 				0 		0 	0 		0 						0 	0 		0 			0 				0 
Kuwait	0 		0 	0 		91 	0 		0 		0 	0 			0 	40 		0 			5 		13 	10 		0 	23 	1 		0 	43 	0 		0 	7 	4 	0 			14 	16 	0 	3 	0 			32 		156 	646 		54 		0 	0 	C 			0 		0 	0 		0 			0 			0 	1 		0 		365 	0 	0 		0 	1524 
Kyrgyz Republic	0 		C 	0 			0 		0 		0 	0 			0 	0 		0 			0 		0 			0 		0 			0 	0 		0 	0 	0 	0 	3 		0 		12 	0 	0 					106 					0 	3 				0 		0 	0 		8 			0 			0 	2 		0 		0 	0 	0 		C 	134 
Lao People's Democratic Republic	0 		0 	0 			0 	0 	0 		0 	0 			0 	0 		0 			0 		0 			0 		0 			8 	0 		0 	0 	0 	0 			0 		0 	480 	0 					9 					0 	0 				0 		0 	0 		0 	C 		0 			0 	1 	57 	0 		0 	0 	0 		0 	555 
Latvia	0 	0 	0 	292 		1 	0 	0 	0 		0 	7 	30 		0 	0 		0 			3 		78 		108 	19 	15 	971 		0 	19 	3 		0 	0 	7 	0 		105 	69 	47 	0 	0 	0 				38 	666 					0 	216 		61 		0 		C 	0 	C 	7 		4 	4 		C 	121 	0 	0 	0 		306 	780 	0 		C 	3979 
Lebanon	0 		C 	8 			0 	7 	0 		0 	0 	16 		0 	16 		0 			488 		129 	25 		0 	71 	49 			93 	0 		0 	0 	25 	0 		60 	19 	193 	0 	0 	0 	130 				428 					0 	142 				0 		0 	0 		1 			0 		C 	1 	4 		0 		334 	710 	0 		0 	2950 
Lesotho	0 		0 	0 			0 		0 		0 	0 			0 	0 		0 			0 		0 			0 		0 			0 	0 		0 	0 	0 	0 			0 		0 	0 	0 					0 					0 	0 				0 		0 	0 		0 			0 			0 	0 		0 		6 	1 	0 		0 	7 
Liberia	0 	0 	2 	0 			0 	14 	2 		0 	0 	106 		0 	0 		0 		0 	1 		44 			14 	105 	168 		4 	0 	0 		0 	0 	49 	0 		27 	85 		3 	1 	0 		0 	0 	0 	554 	0 				0 	170 		783 		0 		0 	0 		0 	C 		0 	0 	C 	12 	64 		0 		48 	4929 	0 		C 	7186 
Libya	0 		0 	0 		56 	0 		0 		0 	0 			0 	0 		0 			0 		0 			0 	2 	0 			0 	0 		0 	0 	0 	0 			0 		0 	0 	0 					0 					0 	0 				0 		0 	54 		0 			0 			0 	0 		0 		0 	0 	0 		0 	113 
Liechtenstein	0 		C 	1453 			0 	2 	0 		0 	0 	11 		0 	0 		0 			0 	5 	0 			0 	39 	1893 	2 		1 	1 		0 	0 	3 	3 		43 	0 		0 	0 	0 					221 	0 		3 		0 	0 		927 		0 		0 	0 		1 	C 		4 		C 	13 	0 	4 	0 		24 	70 	0 		0 	4721 
Lithuania	0 	1 	C 	513 		1 	0 	98 	320 		0 	36 	79 		0 	4 		0 			19 		255 		117 	18 	144 	2663 		24 	93 	2 	0 	0 	0 	28 	0 	15 	148 	127 	2 	3 	6 	0 		245 	14 		2165 		7 			0 	427 		79 		0 		43 	0 	C 	2 	C 	50 	41 		C 	210 	321 	4 	0 		420 	2645 	0 		C 	11392 
Luxembourg	654 	3 	15994 	32569 	26 	4 	124 	148508 	6963 		184 	568 	5996 	375 	44095 	39326 	1066 	843 	5 	98 	872 	3411 	33357 	4 	771 	36828 	203882 	455628 	559 	74949 	15438 	2747 	1281 	355 	1130 	56506 	5146 	6477 	323447 	91552 	12610 	281 	6811 	356 	64 	888 	185 	1049 		413 	507 	1081 	706 	0 	89810 	59 	15066 		55 	53 	3950 	11869 	504 	11000 	16338 	661 	880 	16551 	51262 	86073 	162863 	952 	252 		103492 	104733 	189 		10327 	2323629 
Macedonia, FYR	0 		0 	71 			0 	0 	0 		0 	2 			0 	0 		0 			0 		16 			0 	0 	30 		74 	0 	0 		0 	0 	18 	0 		13 	0 		0 	0 	0 		0 		5 	84 					0 	0 				0 		0 	0 		1 			28 			0 	3 		0 		3 	14 	0 		0 	365 
Madagascar	0 		0 	0 			0 		0 		0 	0 			0 	0 		0 			0 		0 			0 	15 	0 			0 	0 		0 	0 	0 	0 			0 		0 	0 	0 					1 			109 		0 	0 				0 		0 	0 		0 			0 			0 	0 		0 		0 	2 	0 		0 	126 
Malawi	0 		0 	0 			0 		0 		0 	0 			0 	0 		0 			0 		0 			0 		0 			0 	0 		0 	0 	0 	0 			0 		0 	0 	0 					3 			3 		0 	0 				0 		0 	0 		0 			0 	7 		0 	0 		0 		0 	0 	0 		0 	14 
Malaysia	0 	1 	2720 	313 		222 	0 	197 	227 		1 	0 	2239 	5 	18 	11955 	191 	0 		16 	0 	0 	1198 	34 		168 	3093 	2351 		0 	207 	0 	1 	1 	12 	5209 	8 		177 	5676 	311 	0 	695 	0 	625 	2 	1 	1 	22711 			94 	6 	0 	3763 	44 	3017 	6 	0 	68 	C 	0 		1 	27967 		11 	7 	C 	502 	1068 	131 	0 		12867 	42419 	0 		C 	152555 
Maldives	0 		0 	0 			0 		0 		0 	0 			0 	20 		0 			0 		0 			C 		0 			0 	0 		0 	0 	0 	0 			0 		0 	0 	0 					0 			36 		0 	0 				0 		0 	0 		0 			0 			0 	0 		0 		0 	0 	0 		0 	56 
Mali	0 		0 	0 			0 		0 		0 	0 			0 	0 		0 			0 		0 			0 		0 		0 	0 	0 		0 	0 	0 	0 			0 	49 	0 	0 	0 			0 		0 			0 		0 	0 				0 		0 	0 		0 			0 			0 	0 		0 		3 	0 	0 		0 	53 
Malta	0 		C 	25 			0 	13 	0 		0 	0 			0 	0 		59 			0 	47 	24 	14 	1 	0 	268 	34 		0 	534 	0 		1 	0 	116 	12 		238 	13 		0 	0 	0 	8 	44 		3 	867 			7 		0 	21 		30 		0 		0 	0 		0 	C 	15 	0 	1056 	C 	290 	294 		0 		6643 	181 	0 		0 	10860 
Marshall Islands, Republic of	0 		C 	7 			0 	28 	39 		0 	0 	145 		0 	1 		0 		0 	0 	1 	54 			65 	27 	20 			2 	0 	0 	0 	0 	62 	0 		15 	57 	6 	0 	83 	0 		0 	0 	0 	333 	1 				0 	36 		93 		0 		C 	0 		0 	C 		0 		C 	75 	40 	0 	0 		97 	9781 	0 		0 	11067 
Martinique	0 		0 	0 			0 		0 		0 	0 			0 	0 		0 			0 		0 			0 		0 			0 	0 		0 	0 	0 	0 			0 		0 	0 	0 					0 					0 	0 				0 		0 	0 		0 						0 	0 		0 		0 	0 	0 		0 	0 
Mauritania	0 		C 	0 			0 		0 		0 	0 			0 	0 		0 			0 		0 			0 	0 	0 			0 	0 		0 	0 	0 	0 			2 	14 	0 	0 	0 	138 				0 			0 		0 	0 				0 		0 	0 		0 	C 		0 			0 	11 		0 		0 	45 	0 		0 	210 
Mauritius	0 		130 	1 		22 	0 	8 	232 		0 	0 	7 		0 	278 	4 	0 		2 	0 	118 	62 			0 	121 	20 	14 		159 	4 		3 	208 	905 	155 		8 	1988 	609 	0 	4 	0 	49 				3745 	37 				0 	232 		37 	0 	0 	0 	0 	0 		0 	1392 		0 	784 	C 	174 	182 	0 	0 		1109 	6088 	0 		0 	18892 
Mayotte	0 		0 	0 			0 		0 		0 	0 			0 	0 		0 			0 		0 			0 		0 			0 	0 		0 	0 	0 	0 			0 		0 	0 	0 					0 					0 	0 				0 		0 	0 		0 						0 	0 		0 		0 	3 	0 		0 	3 
Mexico	6 	6 	2880 	789 	-13 	210 	1 	990 	4331 		220 	0 	5154 	1273 	894 	251 	42 	179 	12 	99 	2 	2 	2826 		5 	288 	4701 	10681 	2 	36 	1033 	3 	0 	0 	0 	11173 	1 	8 	1116 	15047 	336 	2 	1231 	0 		1 	3 	1 	35639 	1 	6 	1 		0 	8529 	0 	6571 		287 	0 	C 	52 		0 	C 	4 	58 	38 	538 	798 	3860 	485 	1 		25844 	157089 	80 	3 	C 	305705 
Micronesia, Federated States of	0 		0 	0 			0 		0 		0 	0 			0 	0 		0 			0 		0 			0 		0 			0 	0 		0 	0 	0 	0 			0 		0 	0 	0 					0 					0 	0 				0 		0 	0 		0 			0 			0 	0 		0 		0 	0 	0 		0 	0 
Moldova	0 		C 	0 			0 		0 		0 	0 			0 	0 		0 			0 		0 			0 		0 			0 	0 		0 	0 	0 	0 			0 		0 	0 	0 					58 					0 	0 				0 		0 	0 	0 	0 			5 			0 	0 		0 		0 	4 	0 		C 	67 
Monaco	0 		0 	0 			0 	0 	0 		1 	0 			0 	0 		0 			0 		0 			0 		0 			1 	0 		0 	0 	0 	0 		14 	0 	32 	0 	0 	0 					53 					0 	0 		6 		0 		0 	0 		0 	C 					0 	0 		0 		2 	5 	0 		0 	112 
Mongolia	0 		C 	28 		0 	0 		377 		0 	0 			0 	34 		0 			0 		46 			0 	6 	123 			43 	1 		0 	0 	59 	0 		39 	22 	5 	0 	2 	0 					594 			0 			87 				0 	0 	0 	0 		0 	C 		0 			0 	29 		0 		555 	339 	0 		C 	2387 
Montenegro	0 		0 	20 			0 	2 	0 		0 	11 			0 	0 		0 			0 		12 			0 	3 	29 			0 	4 		0 	0 	9 	0 		11 	0 		0 	0 	1 		0 		1 	103 					0 	8 				0 		C 	0 		0 		5 	4 		C 	0 	8 		0 		0 	1314 	0 		C 	1546 
Montserrat	0 		0 	0 			0 		0 		0 	0 			0 	0 		0 			0 		0 			0 		0 			0 	0 		0 	0 	0 	0 			0 		0 	0 	0 					0 					0 	0 				0 		0 	0 		0 			0 			0 	0 		0 		0 	0 	0 		0 	0 
Morocco	0 		C 	38 		15 	0 	14 	289 		0 	0 	63 		0 	61 		0 			1 		34 			C 	1535 	504 	3 		25 	0 		0 	0 	169 	0 		80 	45 	514 	0 	40 	0 	15 	1 			280 	0 		90 		0 	108 		12 		0 		0 	87 		1 	C 		1 	30 	419 	9 	57 	1 	0 		335 	1011 	0 		C 	5887 
Mozambique	0 		0 	0 			0 		0 		0 	0 			0 	0 		0 			0 		1 	10 		0 		0 			0 	0 		0 	0 	1 	0 			0 		0 	0 	0 					2 			440 		0 	0 		23 		0 		0 	80 		0 			0 	38 		0 	0 		0 		12 	0 	0 		0 	607 
Myanmar	0 		0 	0 			0 		0 		0 	0 			0 	0 		0 			0 		0 			0 		0 			0 	0 		0 	0 	0 	0 			0 		0 	0 	0 					0 					0 	0 				0 		0 	0 		0 	C 		0 			0 	0 		0 		0 	21 	0 		0 	21 
Namibia	0 		0 	5 			0 		0 		0 	0 			0 	0 		0 			0 		17 			0 	2 	117 			1 	0 		0 	0 	0 	0 		2 	5 		0 	0 	0 					107 			2 		0 	22 		1 		0 		0 	0 		0 			0 	556 		0 	4 		0 		41 	130 	0 		C 	1013 
Nauru	0 		0 	0 			0 		0 		0 	0 			0 	C 		0 			0 		0 			0 		0 			0 	0 		0 	0 	0 	0 			0 		0 	0 	0 					0 					0 	0 				0 		0 	0 		0 			0 			0 	0 		0 		0 	0 	0 		0 	0 
Nepal	0 		0 	0 			0 		0 		0 	0 			0 	0 		0 			0 		0 			0 		0 			0 	0 		0 	0 	0 	0 			0 		0 	0 	0 					0 					0 	0 				0 		0 	0 		0 			0 			0 	0 		0 		4 	0 	0 		0 	4 
Netherlands	2 	10 	15136 	22954 	71 	381 	446 	92643 	14762 	82 	182 	315 	11704 	349 	506 	9054 	719 	2 	21 	222 	581 	2328 	13470 	12 	749 	16523 	319363 	266528 	230 	1950 	3690 	97 	402 	5 	1129 	68640 	201 	779 	57992 	127933 	4251 	1570 	2968 	27 	58 	273 	211 	195 	152038 	87 	1235 	33 	15 	0 		46 	27404 	0 	84 	114 	731 	12162 	189 	4186 	C 	1871 	1211 	273 	34921 	9946 	79534 	315 	33 	9 	220192 	286054 	169 		104567 	1999141 
Netherlands Antilles																																																																																
New Zealand	0 	3 	7827 	100 		28 	14 	107 	811 		0 	0 	934 	22 	25 	819 	65 	15 	0 		0 	2 	22 			0 	757 	1211 	6 	1 	349 	0 	0 	0 	0 	1743 	1 	24 	83 	7110 	92 	1 	109 	0 			1 		1780 	1 				0 	354 		1115 		0 		0 	0 		0 	C 	74 	0 	6 	C 	166 	1945 	1 	0 		4951 	17967 	0 		C 	50642 
Nicaragua	0 		0 	0 			0 		0 		0 	0 			0 	0 		0 			0 		0 			0 		0 	2 		0 	0 		0 	0 	3 	0 			0 		0 	0 	0 					30 					0 	0 				8 		0 	0 		0 			0 			0 	0 		0 		21 	0 	0 		0 	63 
Niger	0 		0 	0 			0 		0 		0 	0 			0 	0 		0 			0 		0 			0 		0 			4 	0 		0 	0 	0 	0 			0 	2 	0 	47 	0 					0 					0 	0 				0 		0 	0 		0 			0 			0 	0 		0 		0 	0 	0 		0 	53 
Nigeria	0 	0 	C 	3 			0 		13 		31 	0 	63 		0 	39 		0 		1 	3 		107 	1 	1 	C 	51 	90 			171 	2 	0 	0 	2 	573 	0 		13 	94 	467 	0 	14 	0 		0 	0 		2676 			911 		0 	301 		1 		0 		0 	0 		1 	C 		0 	393 	C 	15 	1 		0 		2993 	0 	0 		0 	9032 
Niue	0 		0 	0 			0 		0 		0 	0 			0 	0 		0 			0 		0 			0 		0 			0 	0 		0 	0 	0 	0 			0 		0 	0 	0 			0 		0 					0 	0 				0 		0 	0 		0 			0 			0 	0 		0 		0 	0 	0 		0 	0 
Norfolk Island	0 		0 	0 			0 		0 		0 	0 			0 	0 		0 			0 		0 			0 		0 			0 	0 		0 	0 	0 	0 			0 		0 	0 	0 					0 					0 	0 				0 		0 	0 		0 			0 			0 	0 		0 		0 	0 	0 		0 	0 
Norway	0 	2 	4077 	4016 		3 	259 	2563 	3285 		9 	33 	3059 	107 	31 	1991 	48 	6 	0 	26 	28 	14 	5825 		104 	8624 	18038 	38222 	22 	51 	3391 	3 	532 	1 	0 	11696 	89 	143 	2493 	41460 	3033 	35 	398 	0 		61 	0 	14 	21351 	7 	87 	2 	3 	0 	10752 	18 			1 	0 	25 	255 	30 	2 	C 	524 	147 	39 	1172 	24998 	11042 	40 	0 		34052 	73282 	61 		C 	331684 
Oman	0 	0 	C 	0 		56 	0 	0 	0 		0 	0 	1 		0 	C 		0 			0 		20 	2 		0 	22 	62 			1 	0 		1 	0 	65 	0 			3 	112 	0 	1 	0 	211 		18 		86 	1 		1 		0 	1 				0 		0 	0 		0 	C 		0 			2 	0 		0 		101 	0 	0 		0 	766 
Pakistan	0 		C 	4 		24 	0 		0 		0 	0 	60 	17 	0 	21 		0 		0 	0 		59 	6 		0 	2 	7 			33 	0 		0 	1 	32 	0 		17 	15 	35 	0 	18 	0 	13 	1 	0 		1126 	0 		169 		0 	99 		4 		0 		0 	0 		0 	C 		0 		C 	54 	4 		0 		301 	1323 	0 		0 	3444 
Palau	0 		0 	0 			0 		0 		0 	0 			0 	0 		0 			0 		0 			0 		0 			0 	0 		0 	0 	0 	0 			0 		0 	0 	0 					0 					0 	0 				0 		0 	0 		0 			0 			0 	0 		0 		0 	0 	0 		0 	0 
Panama	0 	1 	C 	104 	38 	1 	26 	21 	602 	1 	98 	0 	642 	65 	16 	308 		79 	41 	7 	0 	0 	356 			0 	-1056 	826 			56 	0 	0 	0 	0 	451 	0 		99 	971 	9 	21 	369 	0 		0 	0 		2669 	0 		23 	6 	0 	703 		193 				0 	0 		0 	55 	1 	0 		C 	32 	515 	1 	0 		263 	23336 	2 	8 	C 	31960 
Papua New Guinea	0 		1024 	4 			0 	1 	0 		0 	0 	78 		0 	41 		0 			0 		3 			0 	6 	41 			5 	0 	0 	0 	0 	106 	0 		1 	25 	2 	0 	8 	0 					270 	3 				0 	21 		86 		0 		0 	0 		0 	0 		0 	0 	C 	11 	27 		0 		432 	1479 	0 		0 	3675 
Paraguay	0 		0 	3 			0 		112 		29 	0 		3 	1 	0 		0 			0 		2 			0 	0 	8 			8 	0 		0 	0 	17 	0 		3 	5 		0 	0 	0 					253 					0 	3 				4 		C 	0 		0 	C 		0 	0 	C 	0 	1 		0 		0 	218 	0 		0 	671 
Peru	0 	0 	57 	91 	59 	3 	3 	32 	689 	17 	4 	0 	364 	104 	505 	19 		198 	3 	68 	0 	1 	646 			0 	174 	1465 		0 	118 	1 		0 	0 	695 	5 		109 	569 	101 	0 	33 	0 		0 	0 		5358 				0 	0 	962 	0 	172 		252 		C 	0 		0 	C 	1 	2 	1 	C 	69 	189 	3 	0 		1561 	10830 	12 		C 	25546 
Philippines	0 	1 	6712 	183 	1 	6923 	0 	38 	714 		2 	0 	1187 	32 	2 	830 		0 		1 	0 		1033 			0 	841 	1709 		1 	483 	0 	0 	10 	2 	1655 	1 		229 	3045 	68 	0 	164 	0 		1 	1 		9400 	248 		31 		0 	2128 	0 	4313 		0 		0 	0 		7 	5990 	2 	3 	4 	C 	224 	648 	53 	0 		5446 	22416 	0 		C 	76782 
Pitcairn Islands	0 		0 	0 			0 		0 		0 	0 			0 	0 		0 			0 		0 			0 		0 			0 	0 		0 	0 	0 	0 			0 		0 	1 	0 					0 					0 	0 				0 		0 	0 		0 			0 			0 	0 		0 		0 	0 	0 		0 	1 
Poland	0 	3 	1317 	8026 		57 	0 	2402 	93 		0 	85 	1147 	1 	11 	39 	1 	0 		15 	38 	1098 	1440 	6 	107 	783 	7226 	25430 	74 	356 	1132 	604 	0 	0 	0 	6633 	0 	35 	2037 	9796 	2184 	41 	522 	7 		53 	5 	39 	21412 	0 	39 	1 		0 	5262 	0 	3530 		0 	0 		100 	49 	111 	C 	1038 	252 	0 	509 	509 	4183 	14 	0 		7987 	33665 	1 		C 	151507 
Portugal	0 		256 	1483 		11 	0 	4474 	0 		694 	6 	487 	2058 	1 	171 	27 	0 		6 	118 	1 	429 		33 	969 	31405 	22326 	5 	173 	16 	0 	0 	0 	1 	49844 	0 	2 	6396 	1289 	822 	5 	37 	0 	1 	6 	0 	8 	7046 	0 	214 		0 	0 	12484 		1451 		0 		43 		C 	29 	C 	960 	147 	4 	14732 	199 	161 		0 		10412 	6425 	1 		C 	177869 
Puerto Rico	0 		C 	0 		6 	0 	4 	100 		11 	0 	54 		0 	2 		0 	0 	0 	0 		17 			0 	1 	0 			0 	0 	0 	0 	0 	54 	0 		2 	1 		0 	0 	0 			0 	0 	0 	0 				0 	25 		15 		2 		0 	0 		0 						0 	0 	0 	0 		14 	0 	0 		C 	310 
Qatar	0 	1 	27 	331 		2136 	0 	0 	823 		0 	0 	77 	1 	0 	258 	85 	0 		9 	1 		242 	111 	3 	C 	214 	833 			211 	0 		0 	0 	896 	0 		41 	1272 	208 	6 	31 	0 	2078 	1 	160 	3 	1382 	155 				0 	872 	C 	122 	35 	6 	0 	0 	0 		9 	81 		0 	0 		20 	349 	139 	0 		1436 	0 	4 		689 	15360 
Reunion	0 		0 	0 			0 	0 	0 		0 	0 			0 	0 		0 			0 		0 			0 		0 			0 	0 		0 	0 	3 	0 			0 		0 	0 	0 					1 			0 		0 	0 				0 		0 	0 		0 						0 	0 		0 		0 	0 	0 		0 	3 
Romania	0 	0 	12 	1706 		4 	0 	16 	212 		0 	315 	57 		0 	0 		0 			260 	155 	303 	0 	28 	0 	269 	1236 	33 	389 	103 	13 		0 	0 	175 	0 		263 	89 	298 	0 	10 	0 		26 		62 	3115 			1 		0 	460 		3 		0 	0 	300 	0 		4 		75 	37 	16 	C 	66 	106 	1 	21 		1313 	1987 	1 		C 	13544 
Russian Federation	0 	3 	1833 	2028 		373 	0 	342 	908 	1 	9 	12 	3277 	21 	39 	181 	19 	0 	1 	10 	4315 	370 	2377 		136 	2227 	11434 	4624 	22 	84 	5645 	98 	2 	0 	0 	3135 	17 	11 	791 	2712 	1026 	273 	1950 	0 		97 	61 	20 	27952 	1314 		3 	1 	0 	10497 	0 	7687 	15 	12 	0 	194 	0 	2 		C 	33 	87 	57 	C 	4374 	3596 	177 	31 		25540 	66531 	3 		C 	198591 
Rwanda	0 		0 	0 			0 		0 		0 	0 			0 	0 		0 			54 		0 			0 		0 			0 	0 		0 	0 	5 	0 			0 		0 	0 	0 					3 			40 		0 	0 		2 		0 		0 	0 		0 	C 		0 			0 	0 		0 		1 	0 	0 		0 	105 
Saint Helena	0 		0 	0 			0 		0 		0 	0 			0 	0 		0 			0 		0 			0 		0 			0 	0 		0 	0 	0 	0 	1 		0 		0 	0 	0 					0 					0 	0 				0 		0 	0 		0 			0 			0 	0 		0 		0 	0 	0 		0 	1 
Saint Pierre and Miquelon	0 		0 	0 			0 		0 		0 	0 			0 	0 		0 			0 		0 			0 		0 			0 	0 		0 	0 	0 	0 			0 		0 	0 	0 					0 					0 	0 				0 		0 	0 		0 						0 	0 		0 		0 	0 	0 		0 	0 
Samoa	0 		0 	0 			0 		0 		0 	0 			0 	C 		0 			0 		0 			0 		0 			0 	0 		0 	0 	0 	0 			0 		0 	0 	0 					0 					0 	0 				0 		0 	0 		0 			0 			0 	0 		0 		0 	0 	0 		0 	0 
San Marino	0 		0 	0 			0 		0 		0 	0 			0 	0 		0 			0 		0 			0 		0 			0 	0 		0 	0 	0 	0 		44 	0 		0 	0 	0 					0 					0 	0 				0 		0 	0 		0 			0 			0 	0 	0 	0 		0 	0 	0 		0 	44 
Sao Tome and Principe	0 		0 	0 			0 	0 	0 		0 	0 			0 	0 		0 			0 		0 			0 		0 			0 	0 		0 	0 	0 	0 			0 		0 	0 	0 					0 					0 	0 				0 		0 	0 		0 			0 			0 	0 		0 		0 	0 	0 		0 	0 
Saudi Arabia	0 		C 	0 		1052 	0 	0 	2 		0 	0 	19 		0 	380 		0 			0 		18 	339 		0 	1771 	0 		0 	126 	0 	0 	0 	50 	4 	17 			3 	327 	0 	39 	0 	4355 		208 		35 	304 				0 	1 		1 	135 	0 		0 	0 		0 	C 		0 			0 	51 		0 		2096 	0 	0 		C 	11333 
Senegal	0 		0 	0 		51 	0 		332 		0 	0 			0 	C 		0 			0 		36 			0 	221 	78 			34 	0 		0 	0 	90 	0 		1 	14 	279 	0 	41 	0 		0 			163 			27 		0 	18 				0 		0 	0 		2 	C 		0 	10 		61 	0 		0 		83 	39 	0 		0 	1579 
Serbia, Republic of	0 		0 	58 		0 	0 	0 	47 		0 	1 	31 		0 	0 		0 			80 		156 		3 	0 	142 	218 		284 	36 	2 		0 	0 	54 	0 		49 	65 	3 	0 	3 	29 	46 	1 		2 	1962 					0 	146 				0 		C 	0 	0 	6 		4 	39 			37 	26 		0 		86 	0 	0 		C 	3614 
Seychelles	0 		0 	4 			0 	0 	0 		0 	0 			0 	0 		0 			0 		10 			0 	0 	9 		0 	11 	0 	0 	0 	0 	13 	0 		201 	0 		0 	0 	0 			1 		14 			8 		0 	0 				0 		C 	0 		118 			0 		C 	0 	30 		0 		4 	16 	0 		0 	438 
Sierra Leone	0 		C 	0 			0 		0 		0 	0 			0 	0 		0 			0 		0 			0 		0 			0 	0 		0 	0 	0 	0 			0 		0 	0 	0 					0 	0 		10 		0 	67 				0 		0 	0 		0 			0 			4 	0 		0 		192 	0 	0 		0 	273 
Singapore	0 	1 	2812 	198 		43 	65 	229 	779 		6 	0 	5022 	12 	28 	15302 	189 	0 		6 	7 	1 	668 	9 	0 	375 	1599 	2591 		1 	620 	0 	2 	7 	425 	7208 	24 	33 	290 	15079 	453 	671 	1280 	0 	3 	0 	4 	2 	18122 	15377 		1946 		7 	7889 	0 	3378 		0 	87 	C 	9 	0 	6 			6 	704 	C 	1347 	1732 	980 	0 		18939 	72896 	0 		11409 	210881 
Sint Maarten	0 		0 	0 			0 	0 	0 		0 	0 			0 	0 		0 			0 		0 					0 		0 	0 	0 		0 	0 	0 	0 		1213 	0 		0 	0 	0 					0 					0 	0 				0 		0 	0 		0 			0 			0 	6 		0 		352 	0 			0 	1570 
Slovak Republic	0 	0 	C 	4593 			0 	1791 	0 		0 	43 	28 		0 	0 	19 	0 			2 	3567 	55 		32 	91 	1130 	6386 		8 	8 	19 	0 	0 	0 	383 	0 	1 	426 	28 	230 	0 	24 	0 		10 	2 	40 	1003 		46 			0 	829 		250 		0 		76 	80 		2 			250 		C 	3 	0 	2 	0 		213 	651 	0 		C 	22320 
Slovenia	0 	0 	29 	1635 			0 	982 	59 		1 	63 	8 		0 	C 	0 	0 			0 	156 	102 		36 	154 	2183 	2893 		0 	10 	68 	0 	0 	0 	74 	0 	14 	833 	20 	2 	0 	91 	52 		37 	1 	50 	1065 		98 			0 	372 		169 		0 		129 	91 	0 	2 	C 	403 			C 	26 	211 	3 	0 		4647 	1359 	0 		C 	18130 
Solomon Islands	0 		0 	0 			0 		0 		0 	0 			0 	0 		0 			0 		0 			0 		0 			0 	0 		0 	0 	0 	0 			0 		0 	0 	0 					0 					0 	0 				0 		0 	0 		0 			0 			0 	0 	0 	0 		0 	0 	0 		0 	0 
Somalia	0 		0 	0 			0 		0 		0 	0 			0 	0 		0 		0 	0 		0 			0 		0 			0 	0 		0 	0 	0 	0 			0 		0 	0 	0 					0 					0 	0 				0 		0 	0 		0 			0 			0 	0 		0 		0 	0 	0 		0 	0 
South Africa	0 	3 	2789 	319 		6 	0 	344 	1319 		4 	4 	4312 	35 	53 	83 	37 	2 	0 	15 	26 	5 	1906 	0 	1 	301 	2474 	5122 	5 	24 	936 	4 	1 	12 	2 	9395 	153 	7 	565 	5590 	174 	0 	873 	0 		1 	10 	1 	20264 	1 	3 	2509 		0 	7183 	0 	4818 	4 	2 	0 	3 	177 	0 	2 	C 		25 		C 	930 	2475 	390 	0 		15008 	85830 	6 		C 	176542 
South Sudan	0 		0 	0 			0 		0 		0 	0 				0 		0 			0 		0 					0 				0 		0 	0 	0 	0 			0 		0 	0 	0 					0 					0 	0 				0 		0 	0 		0 						0 			0 		0 	0 			0 	0 
Spain	120 	3 	2943 	9406 		69 	12 	27718 	1138 	1 	104 	25 	5540 	17 	222 	1003 	26 	17 	5 	65 	220 	333 	5372 	1 	90 	5474 	185996 	151978 	38 	338 	432 	5 	11 	0 	3 	39599 	10 	124 	45242 	24545 	967 	54 	1013 	0 	0 	10 	63 	22 	66265 	16 	373 	1 	1184 	0 	53423 	0 	23811 		35 	0 	5 	19505 	9 	1 	4330 	3668 	233 	17 		5425 	3381 	22 	18 		60151 	98893 	225 	2 	18018 	869381 
Sri Lanka	0 		7 	12 		12 	0 		48 		0 	0 	31 		0 	277 		0 		0 	0 		96 	2 		0 	65 	190 			40 	0 		1 	1 	82 	0 		51 	90 	6 	0 	0 	0 		0 			2673 	0 		1 		0 	179 				0 	0 	0 	0 		0 	281 		0 			4 	25 	0 	0 		460 	2638 	0 		C 	7275 
St. Kitts and Nevis	0 		0 	0 			4 		0 		0 	0 			0 	0 		0 			0 		0 			0 		0 			0 	0 		0 	0 	0 	0 		0 	0 		0 	0 	0 					0 					0 	0 				0 		0 	0 		79 			0 			0 	0 		0 		0 	0 	0 		0 	84 
St. Lucia	0 		0 	0 			11 		0 		1 	0 		1 	0 	0 		0 			0 		0 			0 		0 			0 	0 		0 	0 	0 	0 			0 		0 	0 	0 					0 					0 	0 				0 		0 	0 		0 			0 			0 	0 		0 		0 	18 	0 		0 	31 
St. Vincent and the Grenadines	0 		0 	1 			4 	0 	0 		0 	0 			0 	0 		0 			0 		0 			0 	1 	0 			0 	13 		0 	0 	0 	0 			0 		0 	0 	0 					7 					0 	0 				0 		0 	0 		0 			0 			0 	236 		0 		0 	1 	0 		0 	264 
Sudan	0 		0 	0 		7 	0 		0 		0 	0 			0 	0 		0 			0 		0 	23 		0 		0 			5 	0 		0 	0 	0 	0 			0 	28 	0 	0 	0 	49 		3 		0 					0 	0 		1 		0 		0 	0 		0 	C 					0 	0 		0 		6 	0 	0 		0 	122 
Suriname	0 		0 	0 			0 		0 		0 	0 			0 	0 		0 		2 	0 		0 			0 		0 			0 	0 		0 	0 	0 	0 			0 	8 	0 	0 	0 					0 					0 	0 				0 		0 	0 		0 			0 			0 	0 		0 		0 	0 	0 		0 	10 
Swaziland	0 		C 	0 		0 	0 		0 		0 	0 			0 	0 		0 	0 		0 		0 			0 		0 			0 	0 		0 	0 	0 	0 		0 	0 	41 	5 	42 	0 			1 		2 			0 		0 	3 		3 		2 		0 	0 		0 			0 	14 		0 	0 		0 		9 		0 		C 	124 
Sweden	0 	2 	5297 	5855 	6 	4 	443 	5073 	9794 	65 	8 	58 	6945 	26 	890 	2699 	159 	26 	27 	32 	283 	166 	16108 		190 	39655 	51637 	53043 	383 	98 	5351 	67 	65 	0 	0 	27949 	1752 	47 	5017 	48564 	4945 	111 	900 	0 	0 	179 	5 	80 	85818 	9 	156 	6 	0 	0 	22240 	0 	37808 		8 	0 	363 	918 	8 	0 	C 	1017 	238 	50 	2414 		22383 	173 	0 		42123 	121567 	90 		23684 	655082 
Switzerland	2 	4 	9687 	4713 	117 	24 	131 	3485 	2054 		742 	16 	17356 	16 	57 	1973 	19 	0 	0 	22 	6 	80 	4620 	88 	13 	2201 	24547 	35831 	155 	185 	4762 	57 	79 	22 	5 	18072 	134 	322 	6991 	24199 	4373 	286 	4508 	0 	87 	15 	182 	1 	45582 	26 	85 	44 	3 	0 	28983 	0 	33139 		48 	32 	47 	363 	1 	158 	C 	7 	109 	446 	2657 	18736 		32 	1 		71248 	333492 	19 	690 	C 	708186 
Syrian Arab Republic	0 		0 	0 			0 		0 		0 	0 			0 	0 		0 			0 		0 	1 		0 		0 			0 	0 		0 	0 	15 	0 			0 	2 	0 	0 	0 	86 		3 		0 					0 	0 				0 		0 	0 		0 			0 			0 	0 		0 		0 	0 	0 		0 	106 
Taiwan Province of China	0 	1 	2960 	162 			0 	285 	191 		0 	0 	5707 		41 	3804 	1 	0 		1 	0 	6 	866 			367 	2550 	1943 			387 	0 	1 	13 	2 	7503 	2 		400 	2768 	197 	0 	830 	0 		0 	0 	0 	18436 	363 		101 	15 	0 	5365 	0 	6479 		0 	0 	C 	12 		0 	17818 	2 	16 	12 	C 	1420 	2294 	2 	0 		24451 	87640 	0 		C 	195420 
Tajikistan	0 		0 	0 			0 		0 		0 	0 			0 	0 		0 			0 		0 			0 		0 			0 	0 		0 	0 	0 	0 			0 		0 	0 	0 					80 					0 	1 				0 		0 	0 		0 			0 			0 	2 		0 		0 	0 	0 		C 	83 
Tanzania	0 		0 	0 			0 		6 		0 	0 			0 	0 		0 			1 		0 			0 		0 			0 	0 		0 	0 	0 	0 			0 		0 	0 	0 					33 			196 		0 	1 		22 		0 		0 	0 		0 	C 		0 	0 		0 	0 		0 		116 	0 	0 		0 	376 
Thailand	0 	1 	C 	249 		17 	0 	110 	124 		0 	0 	2333 		5 	3176 	29 	0 		6 	14 	0 	1073 			403 	878 	1437 	8 	1 	280 	0 	1 	72 	4 	4355 	10 	1 	214 	3082 	185 	0 	702 	0 	2 	0 	0 		20369 	786 		328 		0 	4119 	62 	2390 		1 	88 	0 	0 		0 	11828 		11 	5 	C 	411 	1011 		0 		7529 	36732 	0 		C 	104440 
Timor-Leste, Dem. Rep. of	0 		C 	0 			0 		0 		0 	0 			0 	0 		0 			0 		0 			0 		0 			0 	0 		0 	0 	0 	0 			0 		0 	0 	0 					0 					0 	0 				0 		0 	0 		0 	C 					0 	0 		0 		0 	0 	0 		0 	0 
Togo	0 		0 	0 			0 		0 		0 	0 			0 	5 		0 			1 		0 			0 		0 			0 	0 		0 	0 	1 	0 			0 		0 	0 	0 					30 					0 	0 				0 		0 	0 		0 			0 			0 	0 		0 		0 	0 	0 		0 	37 
Tokelau Islands	0 		0 	0 			0 	0 	0 		0 	0 			0 	0 		0 			0 		0 			0 		0 			0 	0 		0 	0 	356 	0 			0 		0 	0 	0 					0 					0 	0 				0 		0 	0 		0 			0 			0 	0 		0 		0 	0 	0 		0 	356 
Tonga	0 		0 	0 			0 		0 		0 	0 			0 	0 		0 			0 		0 			0 		0 			0 	0 		0 	0 	0 	0 			0 		0 	0 	0 					0 					0 	0 				0 		0 	0 		0 			0 			0 	0 		0 		0 	0 	0 		0 	0 
Trinidad and Tobago	0 	12 	C 	24 			24 		36 		0 	0 	26 	29 	2 	C 		0 		11 	0 		76 			0 	0 	124 			0 	0 		0 	0 	47 	0 		6 	154 		0 	0 	0 					156 					0 	25 		7 		6 		0 	0 		0 			0 	1 		0 	5 		0 		15 	1160 	0 		C 	1946 
Tunisia	0 		C 	91 		26 	0 	9 	1630 		0 	0 	2 		0 	2 		0 			10 		12 	3 		0 	328 	409 		0 	6 	0 		0 	0 	214 	0 		148 	917 	106 	0 	0 	0 	183 		0 		42 	0 		6 		0 	70 	C 			0 		0 	0 		4 			0 		C 	0 	0 		0 		267 	462 	0 		C 	4948 
Turkey	0 	2 	834 	1314 		8519 	0 	173 	95 		0 	46 	1696 	23 	3 	170 	1 	0 	4 	11 	6 	56 	2171 	105 	40 	339 	2944 	5209 	5 	660 	1899 	49 	0 	4 	10 	5634 	2 	22 	1022 	6132 	2582 	0 	423 	0 	1109 	16 	21 	5 	21144 	8 	13063 	79 		0 	6641 	0 	3974 	2 	2 	0 	609 	0 	0 	115 	C 	21 	28 	1 	C 	1268 	991 	1 			31384 	50124 	1 		C 	172810 
Turkmenistan	0 		0 	0 			0 		0 		0 	0 			0 	0 		0 			0 		0 			0 		0 			0 	0 		0 	0 	0 	0 			0 		0 	0 	0 					0 					0 	0 				0 		0 	0 		0 			0 			1 	0 		0 		3 	0 	0 		C 	4 
Turks and Caicos Islands	0 		0 	0 			0 	0 	0 		174 	0 			0 	0 		0 			0 		0 			0 	6 	0 			0 	0 		0 	0 	0 	0 		2 	3 		0 	0 	0 					9 					0 	0 				0 		0 	0 		0 			0 			0 	0 		0 		4 	121 	0 		0 	318 
Tuvalu	0 		0 	0 			0 		0 		0 	0 			0 	0 		0 			0 		0 			0 		0 			0 	0 		0 	0 	0 	0 			0 		0 	0 	0 					0 					0 	0 				0 		0 	0 		0 			0 			0 	0 		0 		0 	0 	0 		0 	0 
Uganda	0 		0 	0 			0 		35 		0 	0 			0 	8 		0 			0 		0 			0 		0 			4 	0 		0 	0 	11 	0 			0 		0 	0 	0 					12 			64 		0 	1 		5 		0 		0 	0 		0 	C 		0 	4 		0 	0 	0 	0 		47 	54 	0 		0 	246 
Ukraine	0 	1 	C 	172 		1 	0 	2 	178 		2 	10 	230 	52 	0 	31 		0 			403 	0 	373 		12 	0 	154 	437 	2 	267 	331 	0 	1 	0 	0 	32 	0 		195 	165 	19 	0 	20 	0 		27 	1 	21 	4037 			1 		0 	694 		0 		0 	0 	67 	0 		68 	C 	6 	0 		C 	180 	85 		16 		1259 	5740 	0 		C 	15291 
United Arab Emirates	0 	0 	54 	202 		2693 	0 	171 	5699 		1 	3 	323 	4 	1 	732 	26 	0 		7 	15 	0 	216 	124 	3 	69 	1152 	1756 	6 	13 	743 	0 	0 	1 	2 	2086 	0 		203 	813 	1438 	0 	93 	0 	3298 		383 	2 	3834 	787 		155 		0 	982 	0 	199 	48 	9 	17 	C 	37 		27 	C 		10 		C 	7 	32 	1688 	0 		4397 	0 	0 		C 	34557 
United Kingdom	22 	24 	57031 	19914 	190 	1516 	313 	34479 	62796 	18 	165 	1293 	69956 	401 	2847 	69285 	1036 	118 	131 	212 	8497 	654 	26207 	134 	135 	20758 	230967 	222051 	4172 	32936 	36878 	140 	1113 	8 	351 	364428 	17741 	4178 	67333 	215929 	43548 	3792 	8455 	0 	1856 	200 	700 	51 	224784 	1689 	2254 	426 	110 	5 	127379 	1994 	103987 	25 	141 	342 	C 	12096 	284 	6379 	43641 	1819 	640 	79375 	26958 	46522 	73017 	466 	130 	46 		1128508 	197 		191915 	3710091 
United States	18718 	368 	226286 	25581 	5381 	6458 	9635 	40352 	202338 	239 	9436 	456 	528306 	18408 	51340 	78344 	1141 	11249 	401 	3457 	674 	1929 	80739 	1537 	191 	25233 	201672 	219577 	563 	1928 	38096 	1260 	1918 	326 	422 	583394 	2236 	47522 	71851 	1183093 	52835 	34742 	46413 	42 	2290 	636 	2518 	128 	606112 	13581 	915 	1891 	47151 	10 	351281 	8772 	220487 	8 	4496 	2439 	457 	9200 	251 	2079 	198278 	1075 	1183 	25469 	23684 	106279 	177216 	3786 	196 		848455 		1563 	3545 	2520799 	9022316 
Uruguay	3 	0 	C 	50 	23 	1 	0 	0 	45 		52 	0 	88 		3 	13 		0 	8 	278 	0 	2 	222 			0 	24 	449 		0 	155 	0 		0 	0 	71 	0 		57 	998 	11 	0 	0 	0 			0 		3907 					0 	398 				0 		0 	0 		0 	C 		0 		C 	0 	36 		0 		110 	3336 		55 	C 	10397 
US Pacific Islands	0 		0 	0 			0 		48 		2 	0 			0 	0 		0 			0 		0 			0 		0 			0 	0 		0 	0 		0 			0 		0 	0 	0 					10 					0 	0 		1 		0 		0 	0 		0 			0 			0 	0 		0 		0 	0 	0 		0 	62 
US Virgin Islands	0 		0 	0 			0 	0 	0 		25 	0 			0 	17 		0 		0 	0 		0 			0 	1 	0 			14 	0 		0 	0 	141 	0 	1 	0 	694 		0 	0 	0 					1 	1 		0 		0 	3 				1 		0 	0 		0 	C 		0 	3 		13 	0 		0 		9 	0 	0 		C 	925 
Uzbekistan	0 		0 	0 			0 		0 		0 	0 			0 	0 		0 			0 		0 			0 		0 			0 	0 		0 	0 	4 	0 			0 	71 	0 	4 	0 					0 					0 	0 				0 		0 	0 		0 			0 			0 	0 		0 		0 	0 	0 		C 	79 
Vanuatu	0 		0 	0 			0 		0 		0 	0 			0 	0 		0 			0 		0 			0 		0 			0 	0 		0 	0 	0 	0 			0 		0 	0 	0 					0 					0 	0 				0 		0 	0 		0 			0 			0 	0 		0 		0 	0 	0 		0 	0 
Vatican	0 		0 	0 			0 		0 		0 	0 			0 	0 		0 			0 		0 			0 		0 			0 	0 		0 	0 	0 	0 			0 		0 	0 	0 					0 					0 	0 				0 		0 	0 		0 			0 			0 	0 		0 		0 	0 	0 		0 	0 
Venezuela, Republica Bolivariana de	0 	2 	C 	220 	6 	6 	29 	53 	59 	1 	0 	0 	234 	6 	5 	35 		0 	6 	119 	0 	0 	1103 		1 	0 	730 	1736 		11 	189 	1 		0 	0 	1454 	0 	2 	1394 	608 	1422 	0 	24 	0 		4 	56 	1 	5589 					0 	1742 		0 	2 	180 		C 	51 	C 	55 	C 	6 	0 		C 	0 	1 		14 		1783 	13607 	73 		C 	32620 
Vietnam	0 		C 	12 		0 	0 	14 	619 		0 	0 	20 		0 	498 		0 			0 	0 	77 			0 	103 	123 			49 	0 		0 	2 	47 	0 		27 	195 	2 	0 	241 	0 		2 	0 		819 	9 		56 		0 	45 		4 		0 		0 	0 		0 	363 		0 		C 	1 	0 	7 	0 		832 	1805 	0 		C 	5973 
Virgin Islands, British	0 	1 	1624 	319 		44 	17 	414 	272 		821 	0 	1926 	256 	2033 	9159 	522 	10 	0 	3718 	0 	23 	193 		7 	414 	1614 	1240 	205 	22 	1606 	5 	11 	1 	91 	1848 	1249 	32 	323 	3329 	1477 	0 	165 	0 	12 	1 	104 	3 	10144 	922 		320 		0 	1603 	0 	167 	12 	8 	0 	C 	119 	0 	482 	1828 		2 	1039 	C 	118 	0 	52 	0 		3205 	60416 	3 		C 	115551 
Wallis and Futuna	0 		0 	0 			0 		0 		0 	0 			0 	0 		0 			0 		0 			0 		0 			0 	0 		0 	0 	0 	0 			0 		0 	0 	0 					0 					0 	0 				0 		0 	0 		0 			0 			0 	0 		0 		0 	0 	0 		0 	0 
West Bank and Gaza	0 		0 	0 			0 		0 		0 	0 			0 	0 		0 			0 		0 			0 		0 			0 	0 		0 	0 	11 	0 			0 		0 	0 	0 					7 					0 	0 				0 		0 	0 		0 						0 	0 		0 		0 	1 	0 		0 	18 
Western Sahara	0 		0 	0 			0 		0 		0 	0 			0 	0 		0 			0 		0 			0 		0 			0 	0 		0 	0 	0 	0 			0 		0 	0 	0 					0 			1 		0 	0 				0 		0 	0 		0 						0 	0 		0 		0 	0 	0 		0 	1 
Yemen, Republic of	0 		0 	0 			0 		0 		0 	0 			0 	0 		0 			0 		2 			0 		0 			0 	0 		0 	0 	0 	0 			0 		0 	0 	0 	10 		0 		0 					0 	0 				0 		0 	0 		0 			0 			0 	1 		0 		0 	0 	0 		0 	13 
Zambia	0 		C 	0 			0 	4 	0 		0 	0 			0 	C 		0 			0 		18 			0 	27 	58 			78 	0 		0 	0 	21 	0 		11 	12 		0 	0 	0 					98 			13 		0 	24 		24 		0 		0 	0 		0 	C 		0 	46 		0 	2 		0 		202 	223 	0 		0 	862 
Zimbabwe	0 		C 	0 			0 	0 	774 		0 	0 			0 	0 		0 			1 		6 			0 	0 	3 		0 	17 	0 		0 	0 	53 	0 			0 		0 	0 	0 					57 			31 		0 	0 				0 		0 	0 		0 			0 	104 		4 	0 		0 		3 	124 	0 		0 	1178 
Not Specified (including Confidential)	25 		C 	1 		80 	28 	3309 	5207 	120 	0 	0 	128 		0 	298 	8 	0 			888 	0 	2060 		41 	3184 	170 	5 	502 	20779 	96 	0 	32 	11 	7578 	127222 	566 	7574 	4539 	1 		0 	9 	44 	916 		5 		161 	259 	1222 	507 	5099 	0 	27614 	25054 	13877 		276 	617 	2776 	362 	45 	12 	179834 		0 	419 	15927 	0 	197547 	2405 	0 		132214 	19910 	0 	5548 	691061 	1508168 
International Organizations	1 	4 	C 	7226 		353 	362 	11859 	3590 		0 	105 	2787 	40 	0 	6146 	368 	1141 	78 	79 	290 	970 	1236 	86 	96 	2576 	70844 	89942 	2 	1453 	1659 	2 	6 	0 	0 	8894 	33 		44416 	141746 	2032 	1220 	768 	0 		211 		92 	31329 		552 	27 	28 	0 	2071 	116 	6846 		0 	0 	184 	1466 	153 	2346 		385 	101 	127 	57880 	4628 	19025 		0 		85637 	57041 	159 	50 	C 	672867 
World	20067 	562 	565923 	333844 	12113 	36518 	18816 	675498 	439533 	869 	22124 	5958 	903464 	52273 	125001 	987223 	32855 	16594 	990 	19376 	34959 	25767 	368618 	3334 	6147 	316574 	2570100 	2760141 	8352 	148008 	204052 	7996 	8383 	1283 	13486 	2093698 	39875 	75813 	1045650 	3525267 	210994 	62884 	137695 	1302 	34619 	4925 	6787 	3694 	3056548 	50585 	26441 	101325 	55400 	469 	1666638 	56493 	895590 	379 	8630 	6787 	13232 	142820 	2710 	48299 	792092 	27262 	15393 	159762 	418471 	505403 	1183494 	29280 	1321 	121 	3551807 	7917764 	4754 	10054 	4890597 	43629923 