COUNTRY	Argentina	Aruba	Australia	Austria	Bahamas, The	Bahrain, Kingdom of	Barbados	Belgium	Bermuda	Brazil	Bulgaria	Canada	Cayman Islands	Chile	China, P.R.: Hong Kong	China, P.R.: Macao	Colombia	Costa Rica	Cyprus	Czech Republic	Denmark	Egypt	Estonia	Finland	France	Germany	Gibraltar	Greece	Guernsey	Hungary	Iceland	India	Indonesia	Ireland	Isle of Man	Israel	Italy	Japan	Jersey	Kazakhstan	Korea, Republic of	Kuwait	Latvia	Lebanon	Luxembourg	Malaysia	Malta	Mauritius	Mexico	Netherlands	Netherlands Antilles	New Zealand	Norway	Pakistan	Panama	Philippines	Poland	Portugal	Romania	Russian Federation	Singapore	Slovak Republic	South Africa	Spain	Sweden	Switzerland	Thailand	Turkey	Ukraine	United Kingdom	United States	Uruguay	Venezuela, República Bolivariana de	SEFER + SSIO (**)	Value of Total Investment
Afghanistan, Islamic Republic of	0 		0 	0 		0 			0 		0 	0 		0 	0 				0 		0 					0 			0 					0 	0 		0 	0 		0 	0 	0 			0 			13 		0 			5 				0 	0 	0 	0 				0 	0 	0 				0 	0 	0 	0 	0 	18 
Albania	0 		C 	0 		0 		14 	0 		0 	0 		5 	0 				0 		0 				3 	1 		60 	0 					13 	0 		21 	0 		0 	0 			0 	0 					0 							0 	0 	0 	0 				0 	0 	0 				28 	13 	0 	0 	C 	158 
Algeria	0 		0 	0 		0 		0 	0 	0 	0 	0 		0 	0 				0 		0 				36 	0 			0 					0 	0 		0 	0 	40 	0 	0 				0 			19 		0 							0 	0 	0 	0 				0 	52 	0 				-1 	0 	0 	0 	0 	146 
American Samoa	0 		0 	0 		0 		0 	0 		0 	0 		0 	0 				0 		0 					0 			0 					0 	0 		0 	0 		0 	0 		0 		0 	2 				0 							0 	0 	0 	0 				0 	0 					0 	0 	0 	0 	0 	3 
Andorra	0 		0 	0 		0 		0 	0 	0 	0 	0 		0 	0 				0 		0 			0 	0 	0 			4 					0 	0 	1 	0 	0 		0 	0 				0 					0 	10 		22 				0 	0 	0 	3 				0 	0 	0 	4 			-36 	14 	0 	0 	0 	23 
Angola	0 		0 	0 		0 		0 	0 	0 	0 	0 	4 	0 	0 				0 		0 					0 			0 					0 	0 		0 	0 		0 	0 				0 			7 		0 							0 	290 	0 	0 				0 	0 	0 				169 	0 	0 	0 	0 	470 
Anguilla	0 		0 	0 		0 		0 	0 	0 	0 	0 		0 	C 				0 		0 				99 	0 			0 					0 	0 	2 	0 	0 		0 	0 				0 					0 							0 	0 	0 	0 				0 	0 					663 	15 	0 	0 	0 	779 
Antigua and Barbuda	0 		0 	1 		0 	0 	1 	0 	0 	0 	0 		0 	0 				0 		0 				0 	1 			0 					1 	0 		0 	0 		0 	0 			0 	0 					1 							0 	0 	0 	0 				1 	0 					1 	127 	0 	0 	0 	136 
Argentina		0 	45 	294 	101 	0 	1 	105 	59 	213 	0 	152 	391 	201 	36 		2 	16 	0 	0 	960 			0 	1130 	1287 		3 	515 	0 	1 			1575 	0 		4937 	1468 	94 	0 	10 		4 	1 	4200 			0 	131 	2139 	17 		74 		37 	19 	0 	31 	0 	62 	117 			401 	26 	262 		0 		5233 	9826 	145 	350 	C 	36672 
Armenia, Republic of	0 		0 	0 		0 		0 	0 		0 	0 		0 	0 				0 		0 				16 	0 			0 					0 	0 		0 	0 		0 	0 				0 					0 							0 	0 	0 	6 				0 	0 	0 				0 	0 	0 	0 	C 	22 
Aruba	0 		0 	6 	3 	0 		0 	0 	0 	0 	7 	16 	0 	14 	1 			24 		0 				18 	12 			0 					40 	0 		7 	1066 		0 	1 			0 	0 					222 	136 		31 				0 	0 	0 	0 				0 	0 	4 				156 	1102 	0 	0 	C 	2867 
Australia	71 	1 		3012 	19 	340 	1376 	3567 	7779 	5 	9 	16958 	744 	12 	42439 	634 		31 	918 	100 	1490 	3 	26 	1402 	24660 	19860 	12 	252 	1449 	34 	68 	2 	18 	34656 	132 	383 	3713 	65931 	4472 	692 	3074 	1 	1 	7 	41768 	363 	129 	102 	0 	20434 	49 	7903 	6756 		33 	360 	7 	785 	0 	989 	31922 	2 	77 	4201 	6441 	13469 	4174 	0 		86456 	222570 	1 	0 	30663 	720008 
Austria	23 	0 	1014 		25 	65 	91 	11579 	507 	2819 	48 	2528 	549 	0 	996 	39 	2 	0 	380 	2487 	1465 	6 	379 	4411 	56114 	89923 	10 	2236 	2222 	1148 	504 			12934 	43 	252 	16194 	13793 	2985 	46 	123 	1 	1 	6 	37774 	8 	286 	1 		20274 	2 	C 	5709 		0 	3 	2097 	1853 	671 	59 	1363 	663 	5 	5539 	2408 	35572 	40 	24 		17773 	28997 	10 	0 	17886 	406965 
Azerbaijan, Republic of	0 		0 	0 		0 		0 	0 		0 	2 		0 	0 				0 		21 		1 			0 			2 					0 	0 		1 	0 	16 	0 	0 		4 		0 					4 			1 				0 	0 	0 	0 				0 	0 	0 		0 		138 	0 	0 	0 	C 	190 
Bahamas, The	1 		0 	49 		39 	10 	169 	1591 	503 	0 	260 	185 	126 	504 	8 	0 	0 	24 	2 	210 		2 	C 	2680 	24 	4 		1230 					1225 	3 		275 	2453 	1032 	151 	20 	196 		0 	7425 	18 		18 		68 	1039 		50 		31 	2 	0 	50 	0 	41 			1 	82 	32 	2936 		1 		394 	2262 	0 	0 	C 	27425 
Bahrain, Kingdom of	0 		C 	29 				3 	0 	1 	0 	11 		0 	73 	7 			35 		9 	77 			139 	77 		3 	19 					286 	2 		29 	4 	66 	0 	15 	7919 		55 	209 	77 		19 		28 			1 	0 		3 	0 	8 	0 	0 	171 			0 	1 	51 				885 	0 	0 	0 	0 	10312 
Bangladesh	0 		0 	0 		0 		0 	255 		0 	0 		0 	195 				0 		27 			C 		0 			0 					0 	0 		0 	0 	2 	0 	4 				0 					0 							0 	0 	0 	0 				0 	0 	0 				71 	167 	0 	0 	0 	720 
Barbados	0 		C 	15 	7 	0 		46 	0 		0 	17 	4 	6 	0 				48 	0 	0 			C 	0 	68 			0 	0 				184 	0 		6 	44 	2 	0 	0 				418 					0 							0 	0 	0 	0 				0 	2 	3 				109 	423 	0 	0 	C 	1402 
Belarus	0 		0 	0 		0 		0 	0 		0 	0 	2 	0 	0 				0 		0 		0 	0 		0 			0 		0 			0 	0 		0 	0 	2 	0 	0 		1 		0 					0 							0 	0 	0 	70 				0 	0 	0 				22 	0 	0 	0 	C 	98 
Belgium	0 	0 	1191 	5292 		108 	423 		866 	175 	105 	3005 	30 	3 	963 	22 		3 	141 	4858 	2223 	1 	165 	4270 	79029 	35460 	2 	155 	744 	172 	105 	1 	0 	15687 	14 	116 	13194 	20978 	2216 	123 	247 	5 	7 	8 	68130 	2 	111 	67 		30037 	40 	C 	5450 	0 	0 	15 	C 	2516 	6 	5 	1192 	20 	10 	12205 	2077 	9409 	23 	0 		20098 	37874 	1 	0 	36103 	417493 
Belize	0 	0 	C 	4 		0 		0 	2 	3 	0 	8 	1 	0 	C 			0 	0 	8 	4 				0 	4 			0 					0 	0 		7 	2 		0 	0 				32 					10 					1 		0 	0 	0 	13 				0 	0 	5 		0 		0 	88 	0 	0 	0 	195 
Benin	0 		0 	0 		0 		0 	0 		0 	0 		0 	0 				0 		0 					0 			0 					0 	0 		0 	0 		0 	0 				0 					0 							0 	0 	0 	0 				0 	0 	0 				0 	0 	0 	0 	0 	0 
Bermuda	0 	1 	C 	980 	5 	183 	21 	2072 		3177 	0 	10101 	171 	3 	103286 	429 	0 	2 	67 	78 	1792 		11 	684 	13906 	3386 	26 	53 	4570 	2 	26 		4 	5949 	1006 	8 	5302 	12633 	1076 	17 	364 	167 	1 	8 	23845 	217 		725 		5213 	1243 		3633 	0 	0 	71 	104 	158 	0 	51 	7373 	1 	6126 	687 	2411 	5152 	0 			14292 	272968 	19 	0 	C 	515857 
Bhutan	0 		0 	0 		0 		0 	0 		0 	0 		0 	0 				0 		0 					0 			0 					0 	0 		0 	0 		0 	0 				0 					0 							0 	0 	0 	0 				0 	0 	0 				0 	0 	0 	0 	0 	0 
Bolivia	0 		0 	0 		0 		0 	0 	0 	0 	0 	2 	1 	0 				0 		0 					0 			1 					0 	0 		0 	0 		0 	0 				0 					0 							0 	0 	0 	0 				0 	0 	0 		0 		9 	10 	0 	0 	0 	24 
Bonaire, Sint Eustatius and Saba																																																																											
Bosnia and Herzegovina	0 		0 	63 		0 		2 	0 		0 	0 		0 	0 				0 		46 			C 	6 	1 			5 		0 			0 	0 		2 	3 		0 	0 	27 			159 					32 			1 				0 	0 	0 	2 		1 		0 	12 	0 				72 	90 	0 	0 	C 	523 
Botswana	0 		0 	0 		0 		0 	14 		0 	0 		0 	0 				0 		1 				0 	0 			1 					0 	0 		0 	0 		0 	0 				0 			71 		3 							0 	0 	0 	0 			57 	0 	2 	0 				0 	6 	0 	0 	0 	155 
Brazil	2930 	2 	1409 	782 	6110 	0 	2 	641 	219 		0 	10106 	13803 	3196 	98 	6 	17 	47 	19 	9 	3629 	45 		723 	5810 	7952 	10 	125 	1747 	5 	0 		0 	6499 	7 	5 	3991 	8422 	379 	0 	4535 		6 	15 	45340 	16 		0 		8092 	79 	C 	3457 		319 	74 	0 	4443 	0 	2 		3 	751 	5849 	1585 	2160 		13 		27958 	188807 	892 	10 	C 	373153 
British Indian Ocean Territory	0 		0 	0 		0 		0 	0 		0 	0 		0 	0 				0 		0 					0 			0 					0 	0 		0 	0 		0 	0 				0 					0 			2 				0 	0 	0 	0 				0 	10 					0 	0 	0 	0 	0 	12 
Brunei Darussalam	0 		C 	0 		4 		0 	0 		0 	0 		0 	C 				0 		0 				8 	0 			0 					0 	0 		0 	0 		0 	0 				0 					0 							0 	0 	0 	0 				0 	0 	0 				-8 	0 	1 	0 	0 	5 
Bulgaria	0 		C 	545 		0 		9 	2 			0 		0 	C 				128 	1 	39 		139 	0 	67 	579 		942 	3 	16 	36 			118 	0 		76 	27 	112 	0 	0 		5 	0 	275 	1 				54 	1 		16 			1 	C 	0 	6 	4 		0 		5 	51 	48 		1 		200 	561 	0 	0 	C 	4067 
Burkina Faso	0 		0 	0 		0 		0 	0 		0 	0 		0 	0 				0 		0 					0 			0 					0 	0 		0 	0 		0 	0 				0 					0 							0 	0 	0 	0 				0 	0 	1 				0 	0 	0 	0 	0 	1 
Burundi	0 		0 	0 		0 		0 	0 		0 	0 		0 	0 				0 	0 	0 					0 			0 					0 	0 		0 	0 		0 	0 				0 					0 							0 	0 	0 	0 				0 	0 	0 				0 	4 	0 	0 	0 	4 
Cambodia	0 		0 	0 		0 		0 	0 		0 	0 		0 	C 				0 		0 					0 			0 					0 	0 		0 	0 		0 	0 				0 					3 							0 	0 	0 	0 				0 	1 	0 				0 	0 	0 	0 	0 	4 
Cameroon	0 		0 	0 		0 		0 	0 		0 	0 		0 	0 				0 		0 				69 	0 			0 					0 	0 		0 	0 		0 	0 				0 			16 		0 							0 	0 	0 	0 				0 	0 	1 				6 	0 	0 	0 	0 	92 
Canada	28 	5 	8769 	2754 	51 	136 	718 	4494 	7357 	73 	1 		819 	154 	6035 	142 	29 	3 	787 	84 	2611 	5 	13 	447 	15108 	16072 	14 	115 	1321 	11 	417 	0 	17 	24812 	48 	170 	2533 	51235 	1386 	57 	902 	3 	3 	21 	43365 	41 	29 	86 	18 	10196 	170 	582 	8536 		1 	3 	65 	222 	0 	47 	5060 	7 	78 	2045 	4755 	16595 	73 	1 		24266 	586454 	7 	1 	15438 	867903 
Cabo Verde	0 		0 	0 		0 		0 	0 		0 	0 		0 	0 				0 		0 					0 			0 					7 	0 		0 	0 		0 	0 				0 				0 	0 							0 	71 	0 	0 				0 	0 	0 				0 	0 	0 	0 	0 	79 
Cayman Islands	2 	0 	2120 	12592 	61 	7273 	310 	8517 	16479 	764 	2 	14700 		401 	130093 	812 		27 	631 	345 	4490 	74 	19 	8984 	111799 	44185 	78 	3214 	38845 	34 	79 		151 	53793 	2290 	286 	26166 	357292 	33323 	23 	5366 	1825 	2 	22 	86022 	370 	113 	1044 	413 	22851 	16262 	C 	4826 		176 	297 	101 	15354 	0 	38 	7871 	1 	43 	20134 	6951 	58469 	296 	57 		160989 	543887 	8 	14 	C 	1834059 
Central African Republic	0 		0 	0 		0 		0 	0 		0 	0 		0 	0 				0 		0 				0 	0 			0 					0 	0 		0 	0 		0 	0 				0 					0 							0 	0 	0 	0 				0 	0 	0 				0 	0 	0 	0 	0 	0 
Chad	0 		0 	0 		0 		0 	0 		0 	0 		0 	0 				0 		0 					0 			0 					0 	0 		0 	0 		0 	0 				0 					0 							0 	0 	0 	0 				0 	0 	0 				0 	0 	0 	0 	0 	0 
Chile	93 		C 	54 	-21 	0 	82 	35 	2385 	6 	0 	66 	224 		89 	0 	4 	3 	13 		216 	0 		7 	319 	146 			27 		0 	2 		445 	0 	1 	81 	456 	6 	0 	94 				1527 	0 				515 	13 		51 		51 	0 	0 	0 	0 	0 		1 		421 	91 	45 	6 			1796 	12774 	37 	6 	C 	22164 
China, P.R.: Hong Kong	0 	3 	6169 	693 	7 	148 	2 	546 	5794 	1 	0 	7739 	3 	57 		2198 	13 	2 	3 	98 	2348 	1 	0 	995 	5302 	4268 	4 	10 	1061 	1 	53 	37 	423 	15753 	74 	214 	1006 	18351 	589 	4 	17070 	6 	1 	1 	35108 	1902 		4817 		8167 	12 	171 	2773 	0 	2 	155 	C 	46 	0 	1 	22125 	0 	15 	647 	2631 	2384 	155 	0 		43755 	121276 	0 	0 	C 	337194 
China, P.R.: Macao	0 		C 	0 		0 		0 	0 		0 	0 		0 	38 				0 		0 					0 			0 					1 	0 		0 	1 		0 	0 				0 					0 							C 	102 	0 	0 				0 	0 	0 				2 	0 	0 	0 	0 	145 
China, P.R.: Mainland	105 	0 	C 	640 		7 	7 	404 	946 	15 	0 	3441 	35 	72 	165721 	1881 		6 	30 	62 	1255 	1 	0 	543 	10010 	3243 		185 	576 	6 	21 	35 	0 	7252 	57 	7 	979 	15501 	240 	0 	23268 	285 	2 	6 	36170 	106 		4159 		3729 	13 	C 	1238 		5 	53 	1 	21 	0 	7 	18075 	2 	1 	1254 	1296 	1146 	39 	0 		38830 	97240 	1 	0 	C 	440232 
Christmas Island	0 		0 	0 		0 		0 	0 		0 	0 		0 	0 				0 		0 					0 			0 					0 	0 		0 	0 		0 	0 				0 					0 							0 	0 	0 	0 				0 	0 					0 	0 	0 	0 	0 	0 
Cocos (Keeling) Islands	0 		0 	0 		0 		0 	0 		0 	0 		0 	0 				0 		0 					0 			0 					0 	0 		0 	0 		0 	0 				0 					0 							0 	0 	0 	0 				0 	0 					0 	0 	0 	0 	0 	0 
Colombia	1 		C 	147 	57 	0 	14 	25 	4 	3 	0 	212 	63 	153 	3 			10 	0 		784 			0 	200 	558 		3 	266 					1203 	0 		352 	833 	18 	0 	5 		1 	0 	1849 					732 	2 		14 		528 	2 	0 	0 	0 	0 		1 		144 	25 	47 	1 			819 	6795 	5 	8 	C 	15888 
Comoros	0 		0 	0 		0 		0 	0 		0 	0 		0 	0 				0 		0 					0 			0 					0 	0 		0 	0 		0 	0 				0 			5 		0 							0 	0 	0 	0 			1 	0 	0 	0 				0 	0 	0 	0 	0 	6 
Congo, Democratic Republic of	0 		0 	0 		0 		50 	0 		0 	0 		0 	0 				0 		0 				111 	0 			0 					1 	0 		0 	0 		0 	0 				0 					0 							0 	0 	0 	0 				0 	0 	0 				0 	0 	0 	0 	0 	163 
Congo, Republic of	0 		0 	0 		0 		0 	0 		0 	0 	1 	0 	0 				0 		0 				0 	0 			0 					0 	0 		0 	0 		0 	0 				0 			35 		0 							0 	0 	0 	0 				0 	0 	0 				16 	0 	0 	0 	0 	52 
Cook Islands	0 		0 	0 		0 		0 	0 		0 	0 		0 	0 				0 		0 					0 			0 					29 	23 		0 	0 		0 	0 				0 			0 		0 							0 	0 	0 	0 				0 	0 					0 	0 	0 	0 	0 	52 
Costa Rica	0 		0 	12 	31 	0 		1 	9 	5 	0 	0 	23 	0 	3 				0 		14 				10 	66 		0 	0 					6 	0 		4 	54 	4 	0 	0 				68 					1 	0 		15 		105 	1 	0 	0 	0 	0 				0 	0 	8 				171 	376 	0 	0 	0 	985 
Cote d'Ivoire	0 		0 	1 		0 		9 	12 		0 	0 		0 	0 				0 		52 			C 	103 	118 		0 	18 					221 	0 		5 	4 	6 	0 	0 				171 			198 		19 			1 				0 	0 	0 	0 				0 	2 	380 				153 	159 	0 	0 	0 	1631 
Croatia	0 		0 	1967 		0 		77 	23 		26 	6 	11 	0 	37 				75 	18 	10 		22 	C 	397 	1381 		24 	25 	48 	0 			371 	0 		287 	120 	18 	0 	2 		7 		1079 		33 			571 	0 		178 				4 	36 	0 	1 		12 		1 	191 	45 				726 	468 	0 	0 	C 	8296 
Cuba	0 		0 	0 		0 	2 	0 	0 		0 	0 		0 	0 				0 		0 					0 			1 		0 			0 	0 		0 	0 		0 	0 				0 					0 							0 	0 	0 	16 				0 	7 	0 				107 	0 	0 	0 	0 	134 
Curacao																																																																											
Curacao & St. Maarten																																																																											
Cyprus	0 		0 	4954 		70 		310 	14 	0 	0 	288 		0 	621 	1 				388 	137 		56 	28 	3435 	2370 		2591 	608 	13 	45 			315 	0 		330 	60 	727 	3 	1 		1 	0 	2625 	5 	45 	510 		998 			563 				66 	151 	37 	1366 		51 		78 	77 	346 				1482 	2968 	0 	0 	C 	28736 
Czech Republic	0 		77 	2154 		0 	0 	1023 	4 	1 	0 	113 		0 	C 				110 		351 		20 	224 	1247 	3358 		12 	113 	263 	0 			1990 	0 		229 	729 	34 	0 	152 		1 		4091 					1471 	0 		64 				638 	79 	0 	46 		130 		121 	260 	220 				2134 	5351 	0 	0 	C 	26808 
Denmark	0 	1 	1096 	4338 	4 	17 	304 	8926 	632 	203 	2 	2416 	235 	0 	1425 	43 			258 	59 		4 	176 	7362 	9162 	26065 	74 	190 	4769 	3 	1453 			13408 	532 	48 	1521 	12400 	2530 	4 	74 	0 	5 	4 	19969 	78 	117 			6408 	2 	C 	14210 		25 		71 	743 	0 	5 	1406 	1 	6 	1635 	22006 	6953 	2 	0 		21756 	47157 	6 	0 	C 	242297 
Djibouti	0 		0 	0 		0 		0 	0 		0 	0 		0 	0 				0 		0 					0 			0 					0 	0 		0 	0 	4 	0 	0 				0 					0 							0 	0 	0 	0 				0 	0 	0 				0 	0 	0 	0 	0 	4 
Dominica	0 		0 	0 		0 			0 		0 	0 		0 	0 				0 		0 					0 			0 			0 		0 	0 		0 	0 		0 	0 				0 					0 							0 	0 	0 	3 				0 	0 	0 				0 	0 	0 	0 	C 	4 
Dominican Republic	0 		0 	21 	7 	0 	0 	1 	0 		0 	47 	5 	1 	C 			0 	0 		109 			C 	18 	115 			6 					75 	0 		22 	43 	4 	0 	0 			0 	299 					383 	0 				25 		0 	15 	0 	0 				0 	0 	11 				899 	849 	0 	0 	C 	2954 
Ecuador	0 		0 	31 		0 		1 	2 	0 	0 	3 	6 	0 	9 		0 	20 	0 		58 			C 	17 	41 		0 	0 					56 	0 		98 	70 		0 	0 		1 	3 	450 	0 				314 			0 		28 	4 	0 	6 	0 	0 				0 	0 	7 		1 		140 	709 	25 	12 	C 	2112 
Egypt	0 		C 	53 		25 	0 	32 	1 	0 	0 	378 	2 	0 	28 				8 	0 	176 			0 	848 	328 	2 	274 	387 					442 	0 		72 	71 	130 	0 	47 	609 		20 	3719 	3 		25 		581 	17 	C 	43 			1 	C 	5 	0 	0 			124 	3 	68 	45 				4131 	11868 	0 	0 	C 	24566 
El Salvador	0 		C 	15 	39 	0 	2 	1 	0 		0 	7 	11 	1 	C 			6 	0 		132 			C 	26 	131 			0 					56 	0 		34 	71 	6 	0 	0 				363 			6 		131 			8 		254 	1 	0 	0 	0 	0 				0 	0 	6 	1 			23 	835 	0 	0 	0 	2164 
Equatorial Guinea	0 		0 	0 		0 		0 	0 		0 	0 		0 	0 				0 		0 					0 			0 		0 			0 	0 		0 	0 		0 	0 				0 					1 							0 	0 	0 	0 				0 	0 	0 				0 	0 	0 	0 	0 	1 
Eritrea	0 		0 	0 		0 		0 	0 		0 	0 		0 	0 				0 		0 					0 			0 					0 	0 		0 	0 		0 	0 				0 	2 				0 							0 	0 	0 	0 				0 	0 	0 				0 	0 	0 	0 	0 	2 
Estonia	0 		0 	184 		0 		106 	0 		0 	0 		0 	0 				386 	15 	70 			534 	19 	448 		0 	13 	0 	0 			65 	0 		0 	0 		0 	3 		64 		502 					41 			42 				112 	0 	0 	9 				8 	1849 	4 		0 		36 	174 	0 	0 	C 	4686 
Ethiopia	0 		0 	0 		0 		0 	0 		0 	0 		0 	0 				0 		0 	1 				0 			0 					0 	0 		0 	0 		0 	0 				0 			2 		0 							0 	0 	0 	0 				0 	0 	0 				2 	0 	0 	0 	0 	5 
Falkland Islands	0 		0 	0 		0 		3 	3 		0 	0 		0 	0 				0 		0 					10 			0 					0 	0 		0 	0 		0 	0 				0 					1 							0 	0 	0 	0 				0 	0 	2 				1 	4 	0 	0 	0 	25 
Faroe Islands	0 		0 	0 		0 		0 	0 		0 	0 		0 	0 				0 		368 					44 			0 		0 			29 	0 		0 	0 		0 	0 				0 					0 							0 	0 	0 	0 				0 	0 	1 				1 	14 	0 	0 	0 	458 
Fiji	0 		0 	1 		0 		0 	0 		0 	0 	7 	0 	0 				0 		0 					10 			0 					0 	0 		1 	0 		0 	3 				0 					4 						4 	0 	0 	0 	0 				0 	0 	1 				15 	29 	0 	0 	0 	76 
Finland	45 	1 	1330 	3568 	20 	44 	1 	6964 	760 	1 	0 	3910 	96 	2 	993 	13 	4 	2 	192 	47 	7304 		580 		29975 	31145 	2 	155 	1471 	4 	325 		0 	11089 	266 	35 	4363 	9400 	777 	72 	175 	2 	33 	5 	21847 	6 	106 	0 		9676 	7 	C 	8215 				25 	279 	0 	8 	1198 	227 	10 	3963 	22230 	6949 		1 		28731 	94173 	5 	0 	22600 	335430 
France	89 	9 	17935 	26726 	49 	1809 	2134 	110277 	15280 	79 	40 	32315 	1541 	133 	9811 	276 	176 	13 	1047 	2020 	14996 	95 	629 	26289 		248785 	82 	4985 	20990 	204 	710 		18 	117927 	186 	1789 	135019 	145953 	13473 	1123 	4453 	390 	60 	426 	251098 	59 	330 	80 	0 	132660 	300 	423 	37578 		53 	91 	662 	19546 	34 	70 	19242 	289 	782 	103801 	22644 	76041 	756 	60 		176004 	443513 	46 	10 	171058 	2417571 
French Southern Territories	0 		0 	0 		0 		0 	0 		0 	0 		0 	0 				0 		0 					0 			0 					0 	0 		0 	0 		0 	0 				0 				0 	0 							0 	0 	0 	0 				0 	0 					0 	0 	0 	0 	0 	0 
French Territories: French Polynesia	0 		0 	3 		0 		0 	0 		0 	0 		0 	0 				0 		0 				52 	0 			0 					0 	0 		0 	0 		0 	0 				0 				0 	0 							0 	0 	0 	0 				0 	0 	0 				0 	0 	0 	0 	0 	55 
French Territories: New Caledonia	0 		0 	0 		0 		0 	0 		0 	0 		0 	0 				0 		0 				9 	0 			0 					0 	0 		0 	0 		0 	0 				0 					0 							0 	0 	0 	0 				0 	0 	0 				0 	0 	0 	0 	0 	9 
Gabon	0 		0 	12 		0 		7 	0 		0 	353 		0 	0 				0 		56 			C 	344 	50 			5 					7 	0 		19 	20 		0 	0 				127 	17 			0 	46 							0 	0 	0 	0 				0 	0 	41 				19 	0 	0 	0 	0 	1123 
Gambia, The	0 		0 	0 		0 		0 	0 		0 	0 		0 	0 				0 		0 					0 			0 					0 	0 		0 	10 		0 	0 				0 				0 	0 							0 	0 	0 	0 				0 	0 	0 				8 	0 	0 	0 	0 	18 
Georgia	0 		0 	7 		0 		2 	0 		0 	0 		2 	0 		1 		0 		14 		2 	0 	0 	0 		3 	0 					1 	0 		1 	0 		0 	0 		4 	0 	0 	5 		8 	0 	0 			10 				0 	0 	0 	1 		3 		0 	1 	3 				37 	150 	0 	0 	C 	254 
Germany	71 	6 	16823 	92854 	76 	831 	1385 	65086 	20702 	63 	216 	32872 	2208 	1374 	10158 	454 	290 	156 	538 	2935 	35903 	80 	808 	26697 	424166 		138 	10929 	9317 	856 	1629 		19 	137362 	259 	848 	137567 	180613 	29426 	2600 	1792 	366 	63 	271 	369047 	172 	1322 	210 	12 	183388 	214 	464 	66984 			144 	2122 	19135 	475 	1471 	21338 	610 	1195 	78780 	34221 	118154 	1007 	131 		199564 	421683 	20 	12 	455516 	3228198 
Ghana	0 		0 	10 		0 		1 	0 		0 	0 	79 	0 	0 				0 		25 			C 	3 	50 			11 			0 		21 	0 		9 	34 		0 	0 		1 		149 			381 		59 			11 				0 	0 	0 	0 			1 	0 	1 	2 				379 	193 	0 	0 	0 	1420 
Gibraltar	0 		0 	127 		0 	0 	3 	0 		0 	2 	25 	0 	0 				0 	62 	2 			C 	8 	26 			0 	1 				19 	0 		1566 	0 	2 	0 	32 			0 	331 					53 			6 				C 	150 	0 	34 			0 	88 	9 	189 				1553 	96 	0 	0 	C 	4386 
Greece	0 	1 	629 	11878 		29 		20298 	64 		79 	1613 	10 	0 	201 	2 			1054 	1145 	1193 	3 	6 	3377 	62431 	40238 			512 	5 	0 			12411 	33 	29 	22363 	10004 	599 	208 	38 	0 	2 	0 	23641 	119 	204 	0 		24740 	7 	C 	4924 		0 	14 	157 	4384 	48 	0 	1208 	14 	7 	3695 	2370 	3510 		0 		19648 	25484 	31 	0 	C 	304663 
Greenland	0 		0 	0 		0 		0 	0 		0 	0 		0 	0 				0 		82 					0 			0 					0 	0 		0 	0 		0 	0 				0 					0 							0 	0 	0 	0 				0 	4 	0 				0 	0 	0 	0 	0 	86 
Grenada	0 		0 	0 		0 		0 	0 		0 	0 	2 	0 	0 			0 	0 		0 				38 	1 			6 					0 	1 		0 	4 		0 	0 				0 					0 							0 	0 	0 	0 				0 	0 	2 				2 	14 	0 	0 	C 	71 
Guadeloupe	0 		0 	0 		0 		0 	0 		0 	0 		0 	0 				0 		2 					0 			0 					0 	0 		0 	0 		0 	0 				0 					0 							0 	0 	0 	0 				0 	0 					-4 	0 	0 	0 	0 	-2 
Guam	0 		0 	15 		7 		0 	0 		0 	0 		0 	0 				0 		0 				15 	0 			0 					0 	3 		0 	0 		0 	10 				0 					0 			1 				0 	0 	0 	0 				0 	0 					-4 	0 	0 	0 	0 	47 
Guatemala	0 		0 	3 	87 	0 	23 	0 	0 	0 	0 	0 		0 	6 			3 	0 		8 			C 	8 	34 			0 					34 	0 		2 	28 		0 	0 				30 					1 					72 		0 	0 	0 	0 				0 	0 	1 				23 	224 	0 	0 	0 	586 
Guernsey	0 		C 	1076 		38 	45 	1378 	89 	10 	0 	792 	107 	0 	571 	10 	5 	1 	21 	13 	1351 		2 	812 	8461 	5663 		224 		44 	5 			1101 	1612 	22 	1304 	5127 	240 	0 	25 	3 		2 	4329 			109 		3247 	623 		444 				C 	318 	0 	111 			1822 	1245 	297 	15048 	20 			6350 	15830 	0 	0 	C 	79947 
Guiana, French	0 		0 	0 		0 		0 	3 		0 	0 		0 	0 				0 		0 					0 			0 					0 	0 		0 	0 		0 	0 				0 				0 	0 							0 	0 	0 	0 				0 	0 					0 	0 	0 	0 	0 	4 
Guinea	0 		0 	0 		0 		0 	0 		0 	0 		0 	0 				0 		0 					0 			0 					0 	0 		0 	0 	4 	0 	0 				0 					0 							0 	0 	0 	0 				0 	0 	0 				0 	3 	0 	0 	0 	7 
Guinea-Bissau	0 		0 	0 		0 		0 	0 		0 	0 		0 	0 				0 		0 					0 			0 					0 	0 		0 	0 		0 	0 				0 					0 							0 	8 	0 	0 				0 	0 	0 				0 	0 	0 	0 	0 	8 
Guyana	0 		0 	0 		0 	0 	0 	10 		0 	0 	5 	0 	0 				0 		0 					0 			1 					0 	0 		0 	0 		0 	0 				0 					0 							0 	0 	0 	20 				0 	0 	0 				73 	0 	0 	0 	0 	108 
Haiti	0 		C 	0 		0 		0 	0 		0 	0 		0 	0 				0 		0 					0 			0 					0 	0 		0 	0 		0 	0 				133 					0 							0 	0 	0 	0 				0 	0 	0 				0 	0 	0 	0 	0 	133 
Honduras	0 		0 	0 		0 		0 	0 		0 	0 		0 	32 				0 		0 					3 			0 					0 	0 		0 	19 		0 	0 				0 					7 					76 		0 	0 	0 	0 				0 	0 	0 				4 	27 	0 	0 	0 	168 
Hungary	0 		C 	7072 		0 	0 	1739 	38 	0 	16 	462 		0 	48 				222 	603 	489 		98 	389 	5135 	13617 		306 	175 		0 			2704 	1 	5 	745 	1376 	106 	0 	320 		8 		11735 	0 	15 	1 		2079 	0 		621 				1109 	243 	0 	349 		195 		651 	212 	614 				4174 	9225 	0 	0 	C 	66895 
Iceland	0 	1 	376 	1923 	45 	42 		876 	82 	0 	25 	1642 	131 	0 	516 				122 	343 	162 		14 	77 	2621 	7690 		41 	141 	1 				1391 	2 	17 	1707 	1053 	2 	0 	11 			6 	4125 	1 	23 			736 	7 		941 				47 	334 	0 	0 	323 	69 		1392 	923 	1530 				6328 	7268 	0 	0 	C 	45108 
India	22 	1 	3367 	863 	21 	371 	1 	620 	288 	0 	0 	3215 	80 	25 	6731 	31 		0 	116 	0 	1978 	2 		1174 	4991 	2018 	36 	24 	162 		0 		504 	3136 	30 		299 	6584 	631 	0 	5801 	165 	0 	0 	38341 	105 		110686 		3439 	9 	C 	406 			49 	C 	21 	0 	0 	22138 	3 	1 	12009 	1197 	586 	21 			41968 	85149 	0 	0 	C 	359418 
Indonesia	0 	0 	353 	134 		0 	0 	99 	32 		0 	978 	41 	51 	761 	0 			0 		714 			74 	715 	842 			455 	1 	0 	7 		1237 	14 		272 	1433 	70 	0 	752 	54 	2 	0 	7460 	323 		3429 		1914 	480 	C 	65 		5 	49 	C 	0 	0 	0 	11482 	1 		34 	276 	260 	21 			6840 	18349 	0 	0 	C 	60077 
Iran, Islamic Republic of	0 		0 	0 		91 		45 	0 		0 	16 		92 	C 	12 			4 		26 				54 	34 		0 	0 					0 	0 		3 	0 	190 	0 	0 				1 					0 	100 		1 	0 			0 	0 	0 	1 				0 	0 	7 				1170 	0 	0 	0 	0 	1847 
Iraq	0 		C 	12 		0 		0 	0 		0 	5 		0 	0 				0 	37 	54 			C 	117 	10 			2 					15 	0 		16 	68 		0 	341 	39 			0 			1 		60 							0 	0 	0 	0 				0 	0 	14 				18 	0 	0 	0 	0 	810 
Ireland	9 	3 	1151 	19373 	92 	1212 	369 	39350 	6220 	18 	62 	9872 	1518 	3509 	17527 	357 	340 	6 	997 	1339 	11394 	18 	92 	13776 	153563 	142493 	18 	2426 	9902 	563 	1813 	92 	8 		4636 	436 	69830 	50127 	14240 	8 	1533 	6 	27 	100 	80641 	373 	422 	118 	180 	54820 	403 	C 	12526 		11 	13 	326 	21600 	0 	2110 	3690 	422 	6567 	31409 	17244 	30167 	554 	3 		208283 	131854 	1 	0 	26510 	1210673 
Isle of Man	0 		0 	74 		0 	0 	0 	10 	1 	0 	28 	3 	0 	3 				0 		33 		6 	0 	47 	0 		0 	233 	0 	0 			159 			52 	744 	92 	0 	0 	3 		2 	565 	90 		12 	0 	165 	4 		3 				8 	0 	0 	0 			232 	26 	3 	144 				2735 	1306 	0 	0 	0 	6783 
Israel	0 	1 	C 	177 	22 	0 	2 	221 	14 	2 	0 	1398 	132 	2 	24 	0 		0 	76 	2 	271 	0 	2 	75 	1016 	886 	2 	7 	261 	0 	3 		0 	604 	1 		178 	932 	88 	2 	46 				3501 			10 	0 	1971 	2 	C 	268 		3 		3 	6 	0 	0 	376 		3 	33 	70 	291 	54 			4289 	54250 	1 	0 	C 	71577 
Italy	16 	1 	4243 	24162 	2 	141 	179 	62298 	3178 	40 	45 	9805 	132 	5 	1291 	24 	3 	0 	572 	1267 	6086 	95 	24 	9394 	293688 	213659 	6 	1596 	2194 	36 	442 		27 	143340 	14 	123 		71276 	3298 	1011 	470 	10 	1 	29 	189317 	31 	990 	54 	0 	104390 	2054 	C 	21321 		0 	1 	74 	11463 	24 	46 	8033 	206 	325 	65726 	9984 	11992 	16 	52 		113910 	119963 	17 	6 	37942 	1552154 
Jamaica	0 		C 	24 		0 	26 	14 	9 		0 	25 	4 	0 	C 			1 	0 		26 			C 	17 	188 		1 	0 					18 	0 		25 	46 	6 	0 	1 				153 				0 	16 	6 				2 		0 	11 	0 	0 				85 	181 	30 				253 	662 	0 	299 	C 	2129 
Japan	174 	12 	26619 	2703 	1 	196 	386 	6541 	14340 	5 	6 	43652 	4 	1342 	20827 	171 	26 	4 	64 	17 	11306 	172 	2 	3335 	111368 	31451 		197 	4838 	11 	278 		23 	60150 	172 	182 	11092 		2100 	1667 	5366 	53 	0 	6 	87645 	220 	52 	607 	0 	38264 	350 	2353 	27682 		0 	83 	4 	304 	0 	20 	33136 	30 	265 	1254 	14695 	19373 	60 	1 		204595 	582342 	0 	0 	119035 	1493231 
Jersey	0 		C 	5818 	40 	269 	0 	16240 	605 	73 	1 	689 	493 	0 	4878 	0 	18 	25 	188 	348 	982 		0 	882 	21551 	23010 	4 	1643 	1772 	39 	19 			17524 	354 	25 	8958 	21998 		0 	455 			56 	24816 		1178 	49 	0 	8428 	151 		1448 			124 	C 	5078 	0 	80 	345 	2 	4184 	11119 	631 	64170 	17 			52030 	28633 	1 	0 	C 	331443 
Jordan	0 		0 	1 		16 	0 	0 	0 		0 	0 		0 	2 				0 		0 	6 			2 	4 			2 			0 		13 	0 		0 	0 	84 	0 	0 	748 		173 	0 			3 	0 	7 							0 	0 	0 	0 				0 	0 	3 				22 	111 	0 	0 	0 	1199 
Kazakhstan	0 		4 	191 		107 		20 	0 	0 	1 	44 	40 	0 	108 				38 	60 	84 		47 	C 	468 	222 		69 	96 	0 	0 			79 	0 	1 	49 	71 	22 		156 		25 	0 	0 			5 	0 	113 			27 		2 	31 	52 	28 	0 	70 		0 		1 	76 	108 		7 		2712 	1341 	0 	0 	C 	6577 
Kenya	0 		0 	0 		0 		3 	0 		0 	0 		0 	26 				4 		1 	0 			0 	0 			20 			1 		13 	0 		0 	0 	4 	0 	0 	2 			72 			161 	0 	6 			3 				0 	0 	0 	0 			17 	0 	8 	2 				4 	32 	0 	0 	0 	377 
Kiribati	0 		0 	0 		0 		0 	0 		0 	0 		0 	0 				0 		0 					0 			0 					0 	0 		0 	0 		0 	0 				0 				0 	0 							0 	0 	0 	0 				0 	0 	0 				0 	0 	0 	0 	0 	0 
Korea, Democratic People's Rep. of	0 	1 	C 			0 					0 				0 				0 		0 					0 								0 	0 			0 		0 	0 				0 				0 	0 							0 	0 	0 	0 				0 	0 						0 	0 	0 	0 	1 
Korea, Republic of	3 	1 	4231 	985 	233 	84 	52 	925 	6541 	4026 	0 	10777 	20 	32 	20234 	237 			441 	15 	1839 	0 		678 	24263 	5587 		28 	708 	13 	72 	54 	9 	14353 	60 		1222 	13763 	701 	0 		15 	1 	20 	33871 	961 		49 	0 	8067 	0 	C 	5261 			170 	C 	40 	0 	0 	27773 		12 	297 	1692 	2779 	527 			42102 	139555 	0 	0 	C 	375379 
Kosovo, Republic of			0 																																																																						0 		0 
Kuwait	0 		C 	112 	40 	1015 		5 	0 		0 	0 		0 	214 	3 			44 		3 	23 		0 	2 	90 		0 	42 					46 	0 		1 	7 	2 	0 	10 			33 	130 	40 			0 	34 							0 	5 	0 	0 				1 	0 	1 				1376 	0 	0 	0 	0 	3278 
Kyrgyz Republic	0 		0 	0 		0 		0 	0 	0 	0 	0 		0 	0 				0 		0 					0 			0 					0 	0 	6 	0 	4 		0 	0 				0 				0 	0 							0 	0 	0 	6 				0 	0 	0 				0 	0 	0 	100 	C 	117 
Lao People's Democratic Republic	0 		0 	0 		0 		0 	0 		0 	0 		0 	0 				0 		0 					0 			0 					0 	0 		0 	0 		0 	0 				0 				0 	0 							0 	0 	0 	0 				0 	0 	0 				23 	0 	0 	0 	0 	23 
Latvia	0 		0 	158 		0 		14 	0 		3 	0 		0 	0 				13 	0 	4 		131 	23 	6 	676 		24 	0 	8 				13 	0 		6 	6 		2 	0 				165 				0 	41 	0 		45 				0 	0 	0 	0 				0 	132 	9 				12 	18 	0 	0 	C 	1508 
Lebanon	0 		C 	1 		10 		7 	0 	4 	0 	2 	4 	0 	12 				23 		124 	18 		0 	47 	37 			20 					13 	0 		71 	24 	24 	0 	2 	163 			233 			11 	0 	71 							0 	0 	0 	0 				55 	0 	16 				259 	432 	0 	0 	0 	1684 
Lesotho	0 		0 	0 		0 		0 	0 		0 	0 		0 	0 				0 		0 					0 			0 					0 	0 		0 	0 		0 	0 				0 				0 	0 							0 	0 	0 	0 			1 	0 	0 	0 				0 	0 	0 	0 	0 	1 
Liberia	0 		0 	22 		0 		4 	48 		0 	103 		0 	8 				0 		75 			6 	209 	113 		6 	0 					66 	0 		79 	69 		0 	2 				383 				0 	112 			249 				0 	0 	0 	0 				2 	1 	102 				124 	6763 	0 	0 	C 	8547 
Libya	0 		0 	0 		0 		0 	0 		0 	0 		0 	0 				0 		0 					0 			0 					0 	0 		0 	0 	18 	0 	0 				0 				0 	0 							0 	0 	0 	0 				0 	0 	0 				0 	0 	0 	0 	0 	18 
Liechtenstein	0 		0 	393 		0 		17 	0 	2 	0 	23 		0 	0 				0 		1 		5 	0 	34 	774 			15 					47 	1 		13 	2 	595 	0 	0 				264 				0 	3 			1 			6 	C 	0 	0 	1 		3 		25 	0 					227 	263 	0 	0 	0 	2715 
Lithuania	0 		C 	521 		0 		138 	12 		0 	2 		0 	0 				28 	1 	65 		85 	172 	254 	1917 		28 	17 		0 			339 	0 		77 	0 		0 	2 		17 		803 				0 	521 			19 				46 	54 	0 	71 				13 	541 	104 				77 	74 	0 	0 	C 	5998 
Luxembourg	1373 	23 	661 	29438 	29 	171 	556 	170165 	7005 	195 	196 	1930 	438 	28761 	27391 	653 	424 	8 	577 	3318 	10343 	26 	638 	20751 	173908 	478004 	92 	9413 	9082 	3777 	4336 	652 	47 	46658 	4835 	2164 	373606 	98599 	7909 	157 	12402 	16 	70 	117 		1410 	502 	557 	1183 	86660 	443 	C 	11295 		46 	38 	5454 	16407 	91 	3686 	4176 	571 	3847 	67864 	59858 	154627 	623 	174 		86854 	95121 	35 	0 	9584 	2142022 
Macedonia, FYR	0 		0 	62 		0 		2 	0 		0 	0 		0 	0 				7 		0 			C 	1 	74 		3 	0 					21 	0 		3 	0 		0 	0 				39 					0 							0 	0 	0 	0 				0 	0 	1 			4 	0 	0 	0 	0 	C 	216 
Madagascar	0 		0 	0 		0 		0 	0 		0 	0 		0 	0 				0 		0 				52 	0 			0 					0 	0 		0 	0 		0 	0 				0 			23 		1 			0 				0 	0 	0 	0 				0 	0 	0 				0 	0 	0 	0 	0 	77 
Malawi	0 		0 	0 		0 		0 	0 		0 	0 		0 	0 				-1 		0 					0 			0 					0 	0 		0 	0 		0 	0 				0 			5 		0 							0 	0 	0 	0 			5 	0 	0 	0 				16 	0 	0 	0 	0 	25 
Malaysia	0 		551 	131 		48 	0 	97 	121 		0 	1045 	21 	16 	5875 	115 			89 	0 	684 			240 	3470 	1116 	8 	0 	506 		0 	3 	4 	1705 	1 		252 	3229 	250 	4 	943 	247 	3 	1 	9607 			3223 		2632 	1955 	C 	208 			272 	0 	0 	0 	1 	20295 	1 	1 	2 	188 	301 	43 	1 		10581 	25209 	0 	0 	C 	95295 
Maldives	0 		C 	0 		0 		0 	0 		0 	0 		0 	0 				0 		9 					0 			0 					0 	0 		0 	0 	2 	0 	0 				0 			3 		0 							0 	0 	0 	0 				0 	0 	0 				2 	0 	0 	0 	0 	16 
Mali	0 		0 	0 		0 		0 	5 		0 	0 		0 	0 				0 		0 					0 		0 	0 					0 	0 		0 	0 		0 	0 			0 	0 			0 		0 							0 	0 	0 	0 				0 	0 	0 				7 	0 	0 	0 	0 	13 
Malta	0 		0 	97 		0 		21 	0 		0 	0 		0 	C 				36 		69 		7 	242 	132 	15 		0 	18 			0 		22 	2 		402 	0 	140 	0 	0 	56 			183 			53 		29 			3 				C 	0 	0 	0 			1 	66 	209 	67 				69 	126 	0 	0 	0 	2067 
Marshall Islands, Republic of	0 		0 	1 		0 		5 	33 		0 	126 		0 	6 				0 	1 	18 			0 	34 	19 			0 		0 			31 	0 	4 	6 	80 		0 	0 				136 					16 	0 		6 				C 	0 	0 	0 				0 	0 	20 				17 	13586 	0 	0 	C 	14146 
Martinique	0 		0 	0 		0 		0 	0 		0 	0 		0 	0 				0 		0 					0 			0 					0 	0 		0 	0 		0 	0 				0 					0 							0 	0 	0 	0 				0 	0 					0 	0 	0 	0 	0 	0 
Mauritania	0 		0 	0 		0 		0 	0 		0 	0 		0 	0 				0 		0 					0 			0 					0 	0 		0 	0 		0 	0 	5 			0 					0 							0 	0 	0 	0 				0 	0 	0 				4 	0 	0 	0 	0 	9 
Mauritius	0 		C 	9 		9 		3 	0 		0 	66 		0 	100 	4 			0 	7 	77 			0 	422 	46 			163 			0 	146 	237 	207 		53 	584 	34 	0 	7 	3 			590 	28 				228 	52 		1 	0 	0 		0 	0 	0 	0 	365 		133 	0 	11 	298 				934 	1657 	0 	0 	0 	6474 
Mayotte	0 		0 	0 		0 		0 	0 		0 	0 		0 	0 				0 		0 					0 			0 					0 	0 		0 	0 		0 	0 				0 			8 		0 							0 	0 	0 	0 				0 	0 					0 	0 	0 	0 	0 	8 
Mexico	185 	2 	481 	732 	1216 	61 	2 	414 	332 	4 	0 	5423 	2314 	873 	161 	4 	1 	16 	104 	1 	1959 			339 	1753 	3086 	14 	32 	512 	0 	3 	12 		4494 	2 	2 	3815 	3347 	156 	0 	496 		2 	2 	12380 		11 	0 		4927 	505 	C 	1983 		46 	43 	1 	166 	0 	3 	1182 	3 		2426 	505 	1087 	71 	0 		10759 	109731 	14 	11 	C 	178209 
Micronesia, Federated States of	0 		0 	0 		0 		0 	0 		0 	0 		0 	0 				0 		0 					0 			0 					0 	0 		0 	0 		0 	0 				0 					0 	0 						0 	0 	0 	0 				0 	0 	0 				0 	0 	0 	0 	0 	0 
Moldova	0 		0 	0 		0 		0 	0 		0 	0 		0 	0 				0 		0 		0 		0 	0 			0 					0 	0 		72 	0 		0 	0 		0 		0 					0 							0 	0 	1 	1 				0 	0 	0 				0 	0 	0 	0 	C 	75 
Monaco	0 		0 	0 		0 		0 	0 		0 	0 		0 	0 				0 		0 					7 			0 					0 	0 		13 	0 	28 	0 	0 			1 	100 					0 							0 	0 	0 	0 					0 					0 	16 	0 	0 	0 	165 
Mongolia	0 		0 	3 		0 		0 	0 		0 	0 		0 	0 				0 		0 					7 			0 					0 	0 		0 	0 		0 	4 				0 					3 							0 	0 	0 	0 				0 	0 	0 				20 	0 	0 	0 	C 	38 
Montenegro	0 		0 	3 		0 		0 	0 		0 	0 		0 	0 				0 		0 		0 		0 	0 								1 	0 		0 	0 		0 	0 				0 					0 							0 	0 	0 	0 				0 	0 	1 				0 	0 	0 	0 		6 
Montserrat	0 		0 	0 		0 		0 	0 		0 	0 		0 	0 				0 		0 				1 	0 			0 					0 			0 	0 		0 	0 				0 					0 					6 		0 	0 	0 	0 				0 	0 					0 	0 	0 	0 	0 	7 
Morocco	0 		C 	56 		50 	0 	6 	0 		0 	5 	2 	0 	6 				38 		7 	12 		C 	2654 	233 			22 					127 	0 		228 	19 	66 	0 	1 	73 		1 	390 			42 		93 	0 						0 	21 	0 	0 				1503 	12 	14 				188 	455 	0 	0 	0 	6323 
Mozambique	0 		0 	0 	22 	0 		0 	0 	0 	0 	0 		0 	0 				0 		0 					0 			0 					0 	0 		0 	0 		0 	0 				0 			11 		0 			1 				0 	77 	0 	0 				0 	0 	0 				0 	0 	0 	0 	0 	111 
Myanmar	0 		0 	0 		0 		0 	0 		0 	0 		0 	0 				0 		0 					12 			0 					0 	0 		0 	0 		0 	0 				0 					0 							0 	0 	0 	0 				0 	0 	0 	0 			0 	0 	0 	0 	0 	12 
Namibia	0 		0 	0 		0 		0 	0 		0 	0 		0 	0 				0 		0 					0 			0 					1 	1 		0 	0 	2 	0 	0 				0 			13 		0 							0 	0 	0 	0 			72 	0 	1 	0 				2 	3 	0 	0 	0 	95 
Nauru	0 		0 	0 		0 		0 	0 		0 	0 		0 	0 				0 		0 					0 			0 					0 	0 		0 	1 		0 	0 				0 					0 							0 	0 	0 	0 				0 	0 	0 				0 	0 	0 	0 	0 	1 
Nepal	0 		0 	0 		0 		0 	0 		0 	0 		0 	0 				0 		0 				3 	0 			0 			3 		0 	0 		0 	0 		0 	0 				0 			35 		0 			2 				0 	0 	0 	0 				0 	0 	0 				0 	0 	0 	0 	0 	43 
Netherlands	31 	21 	22953 	26605 	2 	1072 	1232 	86749 	8727 	145 	107 	16125 	1209 	255 	12795 	683 	161 	75 	1206 	3227 	9184 	28 	364 	14004 	272662 	192530 	118 	3620 	3620 	319 	1955 		333 	64705 	173 	692 	79995 	76134 	15198 	638 	2052 	320 	6 	84 	133447 	66 	578 	1101 	17 		388 	C 	17696 	215 	44 	108 	957 	11705 	22 	2698 	7160 	876 	65 	64239 	12006 	58589 	1482 	14 		156708 	235059 	61 	714 	60673 	1688807 
Netherlands Antilles	0 	34 	70 	1223 	21 	20 	0 	4451 	124 	3 	11 	1704 	36 	4 	957 	5 	0 	3 	28 	173 	218 		7 	33 	71277 	5922 	2 	149 	450 	20 	0 		1 	995 	10 	4 	2070 	8618 	14917 	5 	1 			3 	6327 					2675 			628 		161 		7 	410 	0 	1 	88 			2442 	165 	3469 				2682 	89289 	10 	3 	C 	221926 
New Zealand	2 		4262 	29 	10 	0 	6 	88 	87 	0 	0 	1107 	32 	0 	531 	3 	14 		49 		46 			0 	428 	938 		0 	88 	1 	0 	16 		2193 	9 	15 	77 	5390 	1170 	0 	13 	5 		0 	1437 	4 		82 		369 	12 		368 			11 	C 	14 	0 	0 	797 		5 	78 	223 	1462 	1 			5372 	9798 	0 	0 	C 	36639 
Nicaragua	0 		0 	0 		0 		0 	0 		0 	0 		0 	C 				0 		6 					0 			0 					1 	0 		330 	0 		0 	0 				0 					0 			1 		24 		0 	0 	0 	0 				0 	0 	0 				0 	29 	0 	0 	0 	392 
Niger	0 		0 	0 		0 		0 	0 		0 	0 		0 	0 				0 		0 					0 			0 					0 	0 		0 	0 		0 	0 				0 	3 				0 							0 	0 	0 	0 				0 	0 	0 				2 	0 	0 	0 	0 	5 
Nigeria	0 		0 	1 		2 		0 	0 		0 	16 		0 	49 				23 		44 	6 		C 	8 	10 			97 		0 			35 	0 		6 	0 		0 	2 		1 	1 	299 			310 		22 							0 	0 	0 	0 			91 	0 	30 	2 				2752 	0 	0 	0 	0 	3809 
Niue	0 		0 	0 		0 		0 	0 		0 	0 		0 	0 				0 		0 					0 			0 					0 	0 		0 	0 		0 	0 				0 					0 							0 	0 	0 	0 				0 	0 					0 	0 	0 	0 	0 	1 
Norfolk Island	0 		0 	0 		0 		0 	0 		0 	0 		0 	0 				0 		0 					0 			0 					0 	0 		0 	0 		0 	0 				0 					0 							0 	0 	0 	0 				0 	0 					0 	0 	0 	0 	0 	0 
Norway	0 	1 	1438 	2089 	10 	161 	289 	2184 	1016 	459 	14 	3878 	212 	7 	2891 	87 	17 	6 	485 	169 	6489 		26 	4747 	9938 	20793 	8 	171 	1489 	10 	1446 			8515 	76 	127 	1731 	27987 	11796 	23 	214 		10 	0 	21385 	37 	134 	3 		5966 	20 	86 			2 	23 	7 	635 	20 	1 	1674 	5 	11 	2181 	16071 	7534 	109 	13 		28388 	67909 	0 	0 	5566 	268792 
Oman	0 		0 	32 		104 		0 	0 		0 	7 		0 	2 				0 		12 	1 		C 	428 	37 			91 					99 	0 		1 	15 	44 	0 	7 	95 		80 	243 			2 		7 			4 				0 	0 	0 	0 				0 	1 	0 				92 	0 	0 	0 	0 	1405 
Pakistan	0 		C 	21 		200 	0 	0 	0 		0 	21 	29 	0 	118 				0 		94 	4 		0 	37 	52 			21 					84 	0 		20 	50 	12 	0 	5 	113 	0 		853 	0 		201 		97 	1 					1 	0 	0 	0 	0 				0 	13 	14 	0 	2 		636 	1757 	0 	0 	0 	4456 
Palau	0 		0 	0 		0 		0 	0 		0 	0 		0 	0 				0 		0 					0 			0 					0 	0 		0 	0 		0 	0 				0 					0 					2 		0 	0 	0 	0 				0 	0 	2 				0 	0 	0 	0 	0 	4 
Panama	0 		22 	97 	20 	0 		52 	20 	40 	0 	916 	30 	6 	130 		36 	19 	15 	0 	442 			14 	400 	450 			47 		0 	0 		375 	1 		188 	585 	48 	3 	15 			0 	2455 			1 		755 	135 		133 				C 	0 	0 	4 		1 		19 	14 	1411 				1687 	29435 	1 	82 	C 	40105 
Papua New Guinea	0 	0 	C 	6 		0 		4 	49 		0 	211 		0 	33 				0 		3 				42 	15 			6 		0 			66 	0 		34 	21 		0 	3 				781 	0 				35 			204 				0 	0 	0 	0 				0 	5 	93 				156 	2429 	0 	0 	C 	4198 
Paraguay	0 		0 	0 		0 		0 	0 	16 	0 	0 		0 	0 				0 		0 					0 			0 					3 	0 		0 	0 		0 	0 				0 					0 							0 	0 	0 	0 				0 	0 	0 				0 	0 	0 	0 	0 	19 
Peru	17 		C 	121 	40 	0 	0 	30 	0 	0 	0 	154 	20 	111 	9 		0 	2 	0 	0 	436 			19 	152 	558 		1 	143 					383 	0 		245 	605 	22 	0 	12 		1 	0 	1806 					471 	15 	C 	44 		364 	0 	0 	26 	0 	0 		1 		37 	38 	76 				858 	4604 	0 	0 	C 	11424 
Philippines	0 	0 	C 	230 	328 	0 	0 	35 	43 	1 	0 	441 	4 	18 	1104 	0 		0 	0 		1051 			0 	1893 	1375 		6 	594 		0 	4 	2 	1893 	7 	17 	444 	1952 	62 	0 	119 	0 	2 	0 	5991 	81 		106 		1200 	4 	C 	178 				C 	27 	0 	0 	2429 	2 		15 	58 	561 	3 			3299 	14461 	0 	0 	C 	40042 
Pitcairn Islands	0 		0 	0 		0 		0 	0 		0 	0 		0 	0 				0 		0 					0 			0 					0 	0 		0 	0 		0 	0 				0 					0 							0 	0 	0 	0 				0 	0 					0 	0 	0 	0 	0 	0 
Poland	0 	1 	295 	7334 		47 	0 	1720 	52 	1 	3 	397 		0 	156 	5 			186 	1101 	1173 	23 	292 	1082 	3469 	15610 	4 	1425 	455 	454 	27 	4 		5769 	0 	2 	569 	5471 	30 	5 	348 		10 		14492 	2 		3 		4368 	1 		506 					196 	0 	5 	429 	108 		441 	948 	1148 	4 			6271 	13860 	0 	0 	C 	90303 
Portugal	0 		C 	2183 	4 	42 		11788 	30 	106 	29 	889 	204 	0 	143 	22 	0 		42 	199 	250 	0 	17 	1184 	47822 	30231 		315 	236 	1 	93 			53771 	0 	1 	8424 	3020 	2578 	71 	25 	97 		0 	15046 	1 				11585 	1 	C 	4191 				7 		0 	0 	609 		3 	11978 	519 	1447 		1 		14300 	8711 	0 	0 	6698 	238917 
Puerto Rico	0 		0 	4 		0 		0 	10 	6 	0 	23 		0 	4 			0 	0 		1 			C 	6 	10 			1 	0 	0 			0 	0 		4 	11 		0 	0 			0 	0 	1 				6 	0 		2058 				0 	0 	0 	0 				0 	1 					4 	0 	0 	0 	C 	2152 
Qatar	0 		0 	66 		1202 		29 	5 		0 	10 		20 	93 				221 		173 	29 		0 	32 	277 			59 					455 	0 		5 	146 	10 	0 	16 	2342 		5 	317 			0 		112 			64 	1 		0 	C 	0 	0 	0 	80 			0 	0 	27 	60 			1380 	0 	0 	0 	0 	7234 
Reunion	0 		0 	0 		0 		0 	0 		0 	0 		0 	0 				0 		0 					0 			0 					0 	0 		0 	0 		0 	0 				0 			24 		0 							0 	0 	0 	0 				0 	0 					0 	0 	0 	0 	0 	24 
Romania	0 		0 	1023 		0 		40 	119 		34 	3 		0 	0 				171 	23 	39 		129 	C 	286 	910 		1581 	69 	13 				330 	0 		220 	20 		0 	5 		5 	0 	1009 			1 		250 	1 		8 			4 	31 	5 		4 		1 		70 	858 	45 		2 		565 	622 	0 	0 	C 	8495 
Russian Federation	10 	1 	919 	4053 	155 	114 	2 	1021 	381 	2 	75 	2884 	346 	20 	100 	4 		0 	4365 	158 	3281 	9 	391 	3734 	3923 	7007 	2 	321 	5532 	130 	0 		0 	3963 	22 	2 	1536 	4903 	5319 	308 	1187 	2 	89 	3 	32568 		5 	5 		6730 	15 	C 	1390 		8 	102 	378 	65 	0 		2227 	30 	0 	277 	6373 	5065 	32 	9 	1 	32061 	80919 	0 	0 	C 	224535 
Rwanda	0 		0 	0 		0 		0 	0 		0 	0 		0 	0 				0 		0 					0 			0 					0 	0 		0 	0 		0 	0 				0 			11 		0 							0 	0 	0 	0 				0 	0 	0 				0 	0 	0 	0 	0 	11 
Saint Helena	0 		0 	0 		0 		0 	0 		0 	0 		0 	0 				0 		0 					0 			0 					0 	0 		0 	0 		0 	0 				0 	0 				0 							0 	0 	0 	0 				0 	0 	0 				0 	0 	0 	0 	0 	0 
Saint Pierre and Miquelon	0 		0 	0 		0 		0 	2 		0 	0 		0 	0 				0 		0 					0 			0 					0 	0 		0 	0 		0 	0 				0 					0 							0 	0 	0 	0 				0 	0 					0 	0 	0 	0 	0 	2 
Samoa	0 		0 	0 		0 		0 	0 		0 	0 		0 	0 				0 		0 					0 			0 					0 	0 		0 	0 		0 	0 				0 					0 							0 	0 	0 	0 				0 	0 	0 				0 	0 	0 	0 	0 	0 
San Marino	0 		0 	0 		0 		0 	0 		0 	0 		0 	0 				0 		0 					0 			0 					0 	0 		163 	0 		0 	0 				0 					0 							0 	0 	0 	0 				0 	0 	0 				10 	0 	0 	0 	0 	173 
Sao Tome and Principe	0 		0 	0 		0 		0 	0 		0 	0 		0 	0 				0 		0 					0 			0 					0 	0 		0 	0 		0 	0 			0 	0 					0 							0 	0 	0 	0 				0 	0 	0 				6 	0 	0 	0 	0 	7 
Saudi Arabia	0 		C 	127 		3439 		90 	1 		0 	3 		0 	290 	18 			188 		13 	705 			39 	165 		0 	467 		0 			66 	11 		11 	30 	40 	0 	10 	3221 		77 	162 	45 		23 		29 			1 	230 		16 	0 	0 	0 	0 	108 			10 	0 	16 				1112 	0 	0 	0 	C 	10764 
Senegal	0 		0 	0 		0 		0 	0 		0 	0 		0 	0 				0 		7 				10 	0 			0 					0 	0 		0 	0 		0 	0 				44 	2 		42 		0 							0 	0 	0 	0 				0 	0 	1 				12 	2 	0 	0 	0 	121 
Serbia, Republic of	0 		C 	150 		0 		268 	0 		6 	8 		0 	0 				0 		0 		75 	0 	24 	1509 		502 	78 					1 	0 		92 	74 	6 	0 	0 	57 	1 		34 					52 							0 	0 	0 	6 		2 		0 	217 	38 				17 	0 	0 	0 	C 	3218 
Seychelles	0 		0 	6 		0 		0 	0 	3 	0 	0 	8 	0 	0 				0 		5 			C 	6 	18 		1 	0 		0 		3 	0 	0 		16 	0 		0 	0 			1 	0 			27 		0 							0 	0 	0 	18 				62 	0 	28 		0 		30 	58 	0 	0 	0 	291 
Sierra Leone	0 		0 	0 		0 		0 	0 		0 	0 		0 	0 				0 		0 					0 			1 					0 	0 		0 	0 	2 	0 	0 				0 	1 				82 							0 	0 	0 	0 				0 	0 	0 				0 	0 	0 	0 	0 	86 
Singapore	0 	1 	2866 	342 	60 	201 	13 	300 	1701 	0 	0 	3507 	122 	43 	8774 	140 			29 	3 	771 	21 		477 	3319 	3016 	4 	12 	571 	0 	11 	11 	204 	6168 	13 	19 	642 	11314 	877 	5 	1610 	9 	1 	5 	13996 	2251 		9639 		5610 	5 	68 	1787 		2 	501 	254 	50 	0 	1 		0 	14 	101 	1031 	1849 	572 	1 		20977 	64710 	1 	0 	C 	170604 
Sint Maarten																																																																											
Slovak Republic	0 		0 	1353 		0 		204 	0 		0 	0 		0 	C 				18 	735 	52 		4 	56 	462 	2497 		0 	9 		0 			264 	0 		62 	11 		0 	0 				583 					452 			55 				55 	8 	0 	0 				98 	9 	41 				1104 	70 	0 	0 	C 	8199 
Slovenia	0 		0 	661 		0 		718 	0 	1 	3 	0 		0 	C 				32 	47 	18 		8 	44 	586 	1147 		0 	8 		0 			112 	0 		154 	0 		0 	0 				660 					158 			90 				C 	13 	0 	0 		6 		22 	112 	52 	45 			463 	352 	0 	0 	C 	5513 
Solomon Islands	0 		0 	0 		0 		0 	0 		0 	0 		0 	0 				0 		0 					0 			0 					0 	0 		0 	0 		0 	0 				0 					0 		C 					0 	0 	0 	0 				0 	0 	0 				0 	0 	0 	0 	0 	0 
Somalia	0 		0 	0 		0 		0 	0 		0 	0 		0 	0 				0 		0 					0 			0 					0 	0 		0 	0 		0 	0 				0 					0 							0 	0 	0 	0 				0 	0 	0 				0 	0 	0 	0 	0 	0 
South Africa	0 	1 	578 	671 		55 	2 	340 	1047 	1 	0 	2477 	30 	27 	104 	0 			71 	2 	1037 	18 	2 	0 	1732 	4300 	4 	9 	727 	3 	0 	19 		2504 	133 	8 	709 	2264 	134 	0 	341 		3 	3 	11393 	1 		3736 		4026 	4 	C 	1366 		2 	48 	C 	174 	0 	30 	1283 	1 		49 	336 	1149 	104 			10211 	53141 	0 	0 	C 	106411 
South Sudan																																																																											
Spain	917 	1 	4974 	14162 	13 	113 	212 	45593 	1007 	2158 	2 	9737 	249 	10 	1244 	32 	54 	7 	53 	621 	10128 	12 	62 	11263 	252198 	268468 	10 	1799 	1003 	18 	834 		0 	79521 	18 	55 	36046 	33455 	2697 	255 	320 		5 	2 	118054 	26 	264 	1 	12 	82583 	116 	C 	32074 		20 	1 	44 	19657 	3 	8 	3549 	25 	35 		14564 	9499 	1 	1 		100205 	146413 	7 	7 	53802 	1360296 
Sri Lanka	0 		C 	10 		0 		7 	94 		0 	4 		0 	71 				0 		23 				4 	1 			0 			10 		38 	0 		9 	5 		0 	0 		0 	0 	157 	1 		44 		7 			45 	20 			0 	0 	0 	0 	471 			0 	4 	5 				255 	285 	0 	0 	0 	1574 
St. Kitts and Nevis	0 		0 	0 		0 	2 	0 	0 		0 	0 		0 	0 				0 		0 					13 			0 					0 	0 		19 	0 		0 	0 				0 					0 							0 	0 	0 	265 				0 	0 					0 	0 	0 	0 	0 	299 
St. Lucia	0 		0 	15 	16 	0 	4 	0 	0 		0 	0 	7 	0 	0 				5 		0 				21 	0 			0 					4 	0 		0 	0 		0 	0 				0 					0 							0 	0 	0 	15 				0 	0 	0 				0 	62 	0 	0 	C 	150 
St. Vincent and the Grenadines	0 		0 	0 		0 	1 	0 	0 		0 	0 		0 	0 				0 		0 				0 	0 			0 					0 	0 		0 	0 		0 	0 				0 					0 							0 	0 	0 	0 				0 	0 	194 				0 	0 	0 	0 	0 	196 
Sudan	0 		0 	0 		1 		0 	0 		0 	0 		0 	0 				1 		0 	16 				0 			0 					0 	1 		0 	0 	18 	0 	0 	296 		97 	0 					0 							0 	0 	0 	0 				0 	0 	0 				8 	0 	0 	0 	0 	438 
Suriname	0 		0 	0 		0 		0 	0 		0 	0 		0 	0 				0 		0 					0 			0 					0 	0 		0 	0 		0 	0 				0 					0 							0 	0 	0 	0 				0 	0 	0 				0 	0 	0 	0 	0 	0 
Swaziland	0 		0 	0 		0 		0 	57 		0 	0 		0 	0 			2 	0 		0 					0 			0 					0 	0 		0 	0 		0 	0 				0 	9 				0 	0 						0 	0 	0 	0 				0 	10 	0 				0 	0 	0 	0 	0 	77 
Sweden	4 	1 	2784 	2800 	2 	135 	769 	5655 	2740 	3 	2 	5172 	135 	4 	2331 	56 	103 	25 	1139 	101 	25305 	15 	104 	33837 	24018 	31998 	18 	336 	3468 	4 	1497 	5 	0 	27837 	3446 	140 	4678 	26634 	4430 	14 	377 	14 	5 	4 	54518 	38 	25 	34 		13826 	17 	69 	21004 		3 		1149 	1228 	0 	98 	2621 	1 	10 	3861 		10377 	99 	0 		37117 	112057 	37 	3 	C 	470336 
Switzerland	21 	7 	5730 	4198 	130 	209 	516 	7308 	1671 	458 	0 	17100 	231 	138 	2407 	53 	23 		15 	43 	7642 	58 	19 	3399 	35822 	39625 	16 	425 	1713 	60 	286 		39 	20256 	113 	351 	7096 	17504 	2264 	49 	1281 	97 	0 	142 	53650 	17 	118 	257 		20533 	27 	427 	10934 		97 	11 	780 	905 	0 	92 	3350 	32 	304 	4887 	17681 		4 	5 		82930 	287675 	9 	546 	C 	663784 
Syrian Arab Republic	0 		0 	0 		0 		0 	0 		0 	0 		0 	0 				0 		0 	5 				0 			0 					0 	0 		0 	0 	20 	0 	0 	24 		9 	0 					0 							0 	0 	0 	0 				0 	0 	0 				0 	0 	0 	0 	0 	58 
Taiwan Province of China	19 	1 	C 	209 		0 	6 	295 	372 	0 	0 	3988 		21 	5032 	8 			0 	1 	893 			542 	2417 	2020 	4 		533 	0 	0 	32 	0 	4413 	1 		734 	3416 	377 	0 	488 		1 	0 	16165 	322 		420 		4665 	2 	C 	677 			0 	C 	24 	0 	0 	6431 	2 	2 	29 	1125 	933 	4 			23480 	81192 	0 	0 	C 	161297 
Tajikistan	0 		0 	0 		0 		0 	0 		0 	0 		0 	0 				0 		0 					0 			0 					0 	0 		0 	0 		0 	0 				0 					0 							0 	0 	0 	0 				0 	0 	0 				0 	0 	0 	0 	C 	0 
Tanzania	0 		0 	0 		0 		0 	0 		0 	0 		0 	0 				0 		0 					0 			0 					0 	0 		0 	0 	2 	0 	0 				0 			36 		0 							0 	0 	0 	0 				0 	0 	0 				10 	0 	0 	0 	0 	48 
Thailand	0 		C 	106 		0 	4 	60 	90 	0 	0 	1615 	8 	21 	1593 	15 			7 	0 	316 			251 	762 	798 		0 	212 		1 	8 	23 	947 	14 	10 	303 	1771 	100 	4 	441 	0 		0 	8193 	129 		505 		2017 	294 	C 	226 		2 	35 	0 	4 	0 	0 	5579 		4 	18 	134 	254 				6594 	16842 	1 	0 	C 	50310 
Timor-Leste, Dem. Rep. of	0 		0 	0 		0 		0 	0 		0 	0 		0 	0 				0 		0 					0 			0 					0 	0 		0 	0 		0 	0 				0 					0 							0 	0 	0 	0 				0 	0 	0 				0 	0 	0 	0 	0 	0 
Togo	0 		0 	0 		0 		0 	0 		0 	0 		0 	0 				0 		0 					0 			1 					0 	0 		0 	0 		0 	0 				0 			82 		0 							0 	0 	0 	0 				0 	0 	0 				0 	0 	0 	0 	0 	83 
Tokelau Islands	0 		0 	0 		0 		0 	5 		0 	0 		0 	0 				0 		0 					0 			0 					0 	0 		0 	0 		0 	0 				0 					0 							0 	0 	0 	0 				0 	0 					0 	0 	0 	0 	0 	5 
Tonga	0 		0 	0 		0 		0 	0 		0 	0 		0 	0 				0 		0 					0 			0 					0 	0 		0 	0 		0 	0 				0 					0 							0 	0 	0 	0 				0 	0 	0 				-20 	0 	0 	0 	0 	-20 
Trinidad and Tobago	0 	2 	0 	6 		0 	40 	0 	13 		0 	26 	180 	14 	C 				26 		12 					88 			0 					13 	0 		1 	161 		0 	0 				76 					7 	6 		7 				0 	0 	0 	0 				0 	0 	1 	0 			112 	1472 	0 	0 	C 	2264 
Tunisia	0 		C 	190 		152 		24 	0 		0 	0 		0 	C 				127 		25 	2 		C 	222 	689 		0 	7 	1 				311 	0 		127 	1102 	6 	0 	0 	62 		0 	223 	0 		7 		168 			10 				0 	4 	0 	0 				1 	0 	8 	7 			216 	501 	0 	0 	C 	4193 
Turkey	0 	0 	C 	1955 	5 	4164 	0 	687 	28 	0 	49 	996 	84 	10 	244 		0 	3 	21 	92 	1768 	72 	31 	38 	2743 	4156 		1017 	817 	44 	0 	6 		1634 	0 	22 	1159 	1911 	399 	0 	438 	286 	4 	2 	14576 		5022 	17 		3751 	4 	C 	810 		19 	12 	1336 	107 	0 	132 	0 	6 	52 	172 	1951 	1143 				15911 	25086 	2 	0 	C 	94993 
Turkmenistan	0 		0 	0 		0 		0 	0 		0 	0 		0 	0 				0 		0 					0 			0 					0 	0 		0 	0 	8 	0 	0 				0 					0 							0 	0 	0 	0 				0 	0 	0 				0 	0 	0 	0 	C 	8 
Turks and Caicos Islands	0 		0 	0 		0 		0 	0 	1 	0 	0 		0 	0 				0 		0 					0 			1 					0 	0 		0 	0 		0 	0 				0 					0 					6 		0 	0 	0 	0 				0 	0 	1 				0 	0 	0 	0 	0 	9 
Tuvalu	0 		0 	0 		0 		0 	0 		0 	0 		0 	0 				0 		0 					0 			0 					0 	0 		0 	0 		0 	0 				0 					0 							0 	0 	0 	0 				0 	0 	0 				0 	0 	0 	0 	0 	0 
Uganda	0 		0 	0 		0 		5 	0 		0 	0 		0 	0 				0 		0 					0 			1 					0 	0 		0 	0 		0 	0 				0 			33 		0 			4 				0 	0 	0 	0 			3 	0 	0 	0 				64 	1 	0 	0 	0 	110 
Ukraine	0 		0 	664 		0 		11 	6 	1 	7 	201 	91 	0 	16 				74 	4 	377 	5 	73 	280 	30 	618 		655 	142 	2 	0 			767 	0 		199 	328 	46 	0 	0 		16 	1 	678 			1 		1345 	0 		58 		1 	15 	8 	0 	0 	26 		0 		8 	123 	28 				3389 	2138 	1 	0 	C 	12432 
United Arab Emirates	0 		-20 	467 		2774 		274 	111 		0 	83 		0 	986 	135 			275 		22 	103 	0 	32 	463 	1217 		24 	292 		2 	2 	3 	490 	778 		117 	371 	256 	0 	93 	2125 		108 	2167 	253 	158 	2001 		216 	0 		274 	73 		12 	C 	0 	0 	0 	1309 	25 	3 	8 	1 	1355 	105 	1 		6560 	0 	0 	0 	C 	26104 
United Kingdom	168 	15 	39809 	21943 		4184 	2928 	40289 	59044 	60 	32 	72838 	2143 	1637 	73857 	985 	320 	151 	3988 	1788 	32477 	163 	291 	21635 	264325 	199503 	735 	39750 	42045 	436 	4705 	1 	224 	385547 	23286 	2119 	53535 	162825 	98149 	2412 	8437 	2075 	21 	667 	211774 	536 	1261 	1141 	19 	177138 	807 	2570 	54124 	5 	188 	870 	722 	12852 	116 	2025 	68300 	335 	35662 	55163 	55687 	64737 	2077 	1252 	89 		1142380 	86 	269 	131459 	3695185 
United States	15895 	323 	173759 	32399 	726 	13184 	11152 	60491 	365848 	2024 	56 	383824 	57737 	40356 	70391 	1331 	8548 	692 	2773 	2234 	56943 	601 	251 	17576 	255115 	256393 	72 	9856 	42378 	1010 	5625 	54 	290 	491138 	2136 	27653 	122126 	813311 	111091 	12415 	46964 	5184 	20 	1142 	459054 	1408 	1022 	2386 	9432 	374022 	4502 	11230 	110814 		2318 	2369 	1972 	11844 	74 	1148 	104288 	838 	12697 	51891 	104332 	135032 	1591 	168 		863632 		729 	9461 	1578568 	7379911 
Uruguay	9 		C 	143 	11 	0 		8 	2 	132 	0 	11 		16 	5 			4 	0 		457 		0 		65 	347 		1 	314 					199 	0 		105 	619 	10 	0 	305 		1 	0 	963 					355 	0 						0 	6 	0 	0 				12 	0 	25 		1 		215 	1957 		2 	0 	6302 
US Pacific Islands	0 		0 	0 		0 		0 	0 		0 	0 		0 	0 				0 		0 			C 		0 			0 					0 	0 		0 	0 		0 	0 				0 					0 			8 				0 	0 	0 	0 				0 	0 					0 	0 	0 	0 	0 	8 
US Virgin Islands	0 		0 	7 		0 		0 	0 	3 	0 	0 	12 	0 	21 	2 			0 		0 			4 	246 	0 			38 					54 	0 		1 	918 		0 	32 				130 					0 	29 		12 				0 	0 	0 	0 				0 	32 					267 	0 	0 	0 	0 	1809 
Uzbekistan	0 		0 	0 		0 		0 	0 		0 	0 		0 	0 				0 		0 					0 			0 					0 	0 		0 	0 		0 	0 				0 					0 							0 	0 	0 	1 				0 	0 	0 				0 	0 	0 	0 	C 	1 
Vanuatu	0 		C 	0 		0 		0 	0 		0 	0 		0 	0 				0 		0 					0 			0 					0 	0 		0 	0 		0 	0 				0 					0 							0 	0 	0 	0 				0 	0 	0 				0 	0 	0 	0 	0 	0 
Vatican	0 		0 	0 		0 		0 	0 		0 	0 		0 	0 				0 		0 					0 			0 					0 	0 		0 	0 		0 	0 				0 					0 							0 	0 	0 	0 				0 	0 	0 				0 	0 	0 	0 	0 	0 
Venezuela, Republica Bolivariana de	0 		C 	256 		0 		33 	8 	1 	0 	70 	48 	1 	14 		2 	2 	88 		994 			0 	271 	933 		41 	1144 					620 	0 		738 	866 	32 	0 	3 		3 	3 	2203 					1353 	188 		9 		119 	8 	0 	0 	0 	30 		2 		288 	0 	163 	29 	2 		909 	5416 	16 		C 	16908 
Vietnam	0 		C 	16 		0 		1 	2 		0 	17 	2 	0 	915 				33 	0 	38 			0 	70 	124 	2 		9 					69 	0 		5 	69 	26 	0 	1207 				87 	1 		98 		50 			1 			0 	0 	0 	0 	0 	1420 			1 	0 	63 	4 			1672 	248 	0 	0 	0 	6249 
Virgin Islands, British	0 	19 	C 	551 		217 	10 	1514 	3553 	250 	0 	1718 	2 	0 	8107 	188 	0 	0 	2 	39 	189 		11 	545 	9813 	498 	16 	9 	4883 	0 	7 		65 	3209 	1371 	15 	2214 	1073 	2809 	11 	220 	173 		1 	9391 	17 		342 		668 	5485 		154 		2 	21 	3 	2244 	0 	1694 	748 		270 	1145 	331 		1 			6546 	14843 	0 	0 	C 	87205 
Wallis and Futuna	0 		0 	0 		0 		0 	0 		0 	0 		0 	0 				0 		0 					0 			0 					0 	0 		0 	0 		0 	0 				0 					0 							0 	0 	0 	0 				0 	0 	0 				0 	0 	0 	0 	0 	0 
West Bank and Gaza	0 		0 	0 		0 		0 	0 		0 	0 		0 	0 				0 		0 					0 			0 					12 	0 		0 	0 		0 	0 			1 	0 					0 							0 	0 	0 	0 				0 	0 	0 				0 	0 	0 	0 	0 	13 
Western Sahara	0 		0 	0 		0 		0 	0 		0 	0 		0 	0 				0 		0 					0 			0 					0 	0 		0 	0 		0 	0 				0 					0 							0 	0 	0 	0 				0 	0 					0 	0 	0 	0 	0 	0 
Yemen, Republic of	0 		0 	0 		0 		0 	0 		0 	0 		0 	0 				0 		3 			3 		0 			0 					0 	0 		0 	0 		0 	0 	27 		3 	0 					0 							0 	0 	0 	0 				0 	0 	0 				10 	0 	0 	0 	0 	46 
Zambia	0 		0 	0 		0 		16 	0 		0 	0 		0 	1 				0 		3 				50 	0 			6 					3 	0 		0 	0 	2 	0 	0 				0 			3 		0 							0 	0 	0 	0 			17 	0 	3 	0 				35 	79 	0 	0 	0 	217 
Zimbabwe	0 		0 	4 		0 		0 	0 		0 	0 		0 	C 				0 		0 				1 	0 		0 	3 					0 	0 		0 	0 		0 	0 				220 			20 		0 							0 	0 	0 	0 			162 	0 	0 	7 				1 	200 	0 	0 	0 	620 
Not Specified (including Confidential)	11 		34722 	0 		214 	910 	0 	2794 		0 	393 		0 	672 	2 			0 		3889 		1 	C 	176 	0 		20447 	281 	0 	2106 		1 	17316 	694 	6539 	9 	257 		0 	539 	2043 	2168 	61 	10601 	512 	981 	1 	1468 	18780 	6 	9255 	10035 		0 		290 	643 	46 	0 	20839 	15 	1 	95722 	26 	104175 	301 			173113 	11506 	21 	5169 	330269 	890020 
International Organizations	0 		C 	2681 		12 	136 	9634 	2066 		227 	5043 		99 	1162 	228 	846 	85 	191 	1265 	19 	115 	49 	334 	27153 	12416 	16 	2791 	1804 	15 	87 	35 		5289 	46 		58370 	97575 	2913 	640 	448 				9072 		159 	1 	31 	798 	43 	C 	12078 			157 	461 	1082 	33 	585 		153 		4354 	366 	5832 		6 		66714 	24016 	8 	458 	C 	360199 
World	22343 	508 	395806 	404423 	9853 	47084 	26762 	828691 	573708 	18366 	1539 	773381 	90008 	83449 	778580 	12595 	11480 	1488 	26685 	34220 	301287 	2779 	6414 	256140 	2964995 	2624809 	1671 	127849 	240170 	9862 	31125 	1104 	2608 	1970468 	49287 	44972 	1242179 	2523566 	404823 	24836 	158606 	32130 	2807 	3933 	2882607 	12935 	15742 	154645 	12916 	1564798 	38912 	35602 	544458 	545 	5327 	6520 	21815 	190592 	1707 	19893 	508768 	6015 	76187 	742704 	481146 	1082402 	15239 	2006 	93 	3393411 	7191779 	2322 	17553 	3109369 	39307396 