COUNTRY	Argentina	Aruba	Australia	Austria	Bahamas, The	Bahrain, Kingdom of	Barbados	Belgium	Bermuda	Brazil	Bulgaria	Canada	Cayman Islands	Chile	China, P.R.: Hong Kong	China, P.R.: Macao	Colombia	Costa Rica	Cyprus	Czech Republic	Denmark	Egypt	Estonia	Finland	France	Germany	Gibraltar	Greece	Guernsey	Hungary	Iceland	India	Indonesia	Ireland	Isle of Man	Israel	Italy	Japan	Jersey	Kazakhstan	Korea, Republic of	Kuwait	Latvia	Lebanon	Luxembourg	Malaysia	Malta	Mauritius	Mexico	Netherlands	Netherlands Antilles	New Zealand	Norway	Pakistan	Panama	Philippines	Poland	Portugal	Romania	Russian Federation	Singapore	Slovak Republic	South Africa	Spain	Sweden	Switzerland	Thailand	Turkey	Ukraine	United Kingdom	United States	Uruguay	Vanuatu	Venezuela, República Bolivariana de	SEFER + SSIO (**)	Value of Total Investment
Afghanistan, Islamic Republic of	0 		0 	0 					0 		0 	0 		0 	0 			0 	0 		0 					0 		0 	0 					0 	0 			0 		0 	0 	0 	0 		0 			1 		0 			5 				0 	0 	0 	0 				0 		0 	0 			0 		0 			0 	6 
Albania	0 		C 	0 				14 	0 		0 	0 		1 	0 			0 	0 		0 					1 		26 	0 					12 	0 		27 	0 		0 	0 		0 	0 	4 					0 			0 				0 	0 	0 	0 				0 		0 	0 			0 	12 	0 			C 	97 
Algeria	0 		0 	0 					0 		0 	0 		0 	C 			0 	0 		0 				27 	0 		0 	0 					0 	0 			2 	2 	0 	0 		0 		0 					0 			0 				0 	0 	0 	0 				0 		0 	0 			45 		0 			0 	77 
American Samoa	0 		0 	0 					0 		0 	0 		0 	0 			0 	0 		0 					0 		0 	0 					0 	0 			0 		0 	0 		0 		0 					0 			0 				0 	0 	0 	0 				0 			0 			0 		0 			0 	0 
Andorra	0 		0 	0 				1 	0 	0 	0 	0 		0 	0 			0 	0 		0 				0 	-1 		0 	5 					0 	0 			3 		0 	0 		0 		2 	0 				0 	10 		0 				0 	0 	0 	0 				0 		0 	0 			181 	9 	0 			0 	210 
Angola	0 		0 	0 				0 	0 	0 	0 	0 		0 	0 			0 	0 		0 					0 		0 	0 					0 	0 			0 		0 	0 		0 		0 			8 		0 			0 				0 	95 	0 	0 			5 	0 		55 	0 			56 		0 			0 	218 
Anguilla	0 		0 	0 					0 	0 	0 	0 		0 	C 			0 	0 		0 				36 	0 		0 	0 					0 	0 	2 	0 	0 		0 	0 		0 		0 					0 			0 				0 	0 	0 	0 				0 			0 			622 	4 	0 			0 	663 
Antigua and Barbuda	0 		0 	0 			0 	1 	0 	0 	0 	0 		0 	0 			0 	0 	0 	0 				0 	0 	10 	0 	0 					0 	0 		0 	0 		0 	0 		0 		0 					7 			0 				0 	0 	0 	0 				1 			0 			0 	33 	0 			0 	53 
Argentina			36 	312 	71 		0 	89 	0 	77 	0 	142 	142 	179 	24 		4 	2 	0 	0 	746 			0 	828 	1372 		5 	515 	1 	2 			718 	0 		4875 	1358 	26 	0 	12 		0 	1 	3344 				9 	1488 	14 		62 		54 	20 	C 	7 	0 	0 			19 	266 	32 	269 	0 	1 		6733 	11018 	43 		10 	C 	34926 
Armenia, Republic of	0 		0 	0 				0 	0 		0 	0 		0 	0 			0 	0 		0 					0 		0 	0 					0 	0 			0 		1 	0 		0 		1 	5 				0 			0 				0 	0 	0 	11 				0 		0 	0 			0 		0 			C 	19 
Aruba	0 		0 	7 	3 		2 	0 	12 	0 	0 	7 		0 	17 	1 		0 	30 		0 				17 	13 		0 	0 					34 	0 		15 	0 		0 	2 		0 	0 	34 					371 	141 		32 				0 	0 	0 	0 				0 		7 	0 			240 	1272 	0 			C 	2258 
Australia	54 	2 		2281 	86 	149 	1099 	2521 	3793 	15 	10 	12876 	383 	3 	42757 	622 		31 	806 	88 	1309 	5 	22 	1052 	20567 	14750 	6 	62 	1564 	18 	19 	1 	77 	25278 	94 	189 	3713 	52630 	4953 	477 	1724 		0 	6 	35943 	267 	132 	134 	1 	15002 	41 	5844 	7211 		14 	321 	8 	577 	0 	0 	21650 	1 	68 	3928 	4980 	10358 	1060 			84905 	173153 	1 	45 		22560 	584297 
Austria	37 		710 		37 	67 	256 	9743 	951 	3516 	33 	1893 	664 	0 	1122 	51 	2 	0 	387 	1958 	1501 	3 	130 	4402 	38893 	77970 		1529 	2155 	588 	33 			11615 	23 	230 	14309 	14083 	2395 	87 	24 	1 	2 	5 	32891 	45 	389 			17836 	9 	C 	4496 				919 	1489 	696 	63 	1098 	626 	2 	4748 	1575 	28754 	53 	23 		20551 	26569 	7 			13997 	348241 
Azerbaijan, Republic of	0 		0 	0 				4 	0 		0 	0 		0 	0 			0 	0 		0 					0 		0 	0 					0 	0 		1 	0 		0 	0 		1 		4 					0 			0 				0 	0 	0 	0 				0 		0 	0 			0 		0 			C 	9 
Bahamas, The	1 		0 	51 			1 	110 	1262 	394 	0 	129 	133 	88 	276 	8 		0 	125 	0 	174 	21 	1 	0 	1673 	271 	2 	0 	1046 					1242 	1 		264 	2598 	194 	44 	0 	179 	0 	0 	3314 	13 			151 	30 	916 		23 		149 	5 	0 	80 	0 	32 			2 	65 	5 	1611 	0 			279 	1674 	0 			C 	18638 
Bahrain, Kingdom of	0 		C 	22 				1 	0 		0 	8 	12 	0 	33 	2 		0 	39 		1 	62 			20 	75 		3 	3 					75 	0 		19 	4 	51 	0 	6 	5115 	0 	16 	115 	23 		0 		16 			8 	0 			0 	3 	0 	0 				0 	1 	7 	0 	1 		386 	0 	0 			0 	6128 
Bangladesh	0 		0 	0 				0 	0 		0 	0 		0 	167 			0 	0 		21 			0 		0 		0 	2 					3 	0 			0 		0 	2 	2 	0 		4 			11 		0 			0 				0 	0 	0 	0 				0 	1 	0 	0 			29 	4 	0 			0 	246 
Barbados	0 		C 	1 	12 			0 	2 		0 	5 	3 	1 	C 			1 	80 	0 	0 			0 	0 	65 		0 	1 					112 	0 		5 	43 	94 	0 	0 		0 		27 					0 			0 				0 	0 	0 	0 				0 		3 	0 			67 	323 	0 			C 	845 
Belarus	0 		0 	0 					0 		0 	0 		0 	0 			0 	0 		0 		0 	0 		0 		0 	0 					0 	0 			0 		0 	0 		1 		0 					0 			0 				0 	0 	0 	4 				0 		0 	0 			0 		0 			C 	5 
Belgium	0 		928 	4599 		26 	324 		930 	144 	101 	2053 	6 	2 	661 	7 	1 	9 	151 	2668 	2072 	8 	228 	3122 	79487 	29725 	20 	128 	599 	161 	46 	0 	0 	14338 	43 	41 	10966 	20060 	952 	113 	136 	22 	1 	40 	58602 	21 	94 	1 	0 	27527 	39 	C 	1442 	0 	0 	75 	C 	1588 	5 	23 	1122 	10 	5 	10902 	1893 	7054 	3 	10 		23376 	35968 	1 		0 	26987 	371666 
Belize	0 		0 	1 			1 	0 	0 	3 	0 	0 	1 	0 	C 			0 	0 	7 	0 				0 	4 		0 	0 					0 	0 		2 	0 	4 	0 	0 		0 		3 					0 			0 		1 		0 	0 	0 	7 				1 		15 	0 			12 	52 	0 		250 	0 	365 
Benin	0 		0 	0 					0 		0 	0 		0 	0 			0 	0 		0 					0 		0 	0 					0 	0 		0 	0 		0 	0 		0 		0 					0 			0 				0 	0 	0 	0 				0 		0 	0 			0 		0 			0 	0 
Bermuda	0 		C 	840 	37 	41 	25 	1253 		871 	0 	7823 	217 	1 	64410 	212 	1 	0 	57 	48 	1188 		6 	448 	9710 	3333 	2 	63 	3362 	11 	15 			4340 	582 	15 	5517 	14233 	881 	17 	112 	77 	1 	2 	15151 	125 		13 		5060 	1064 		2315 	1 	1 	0 	97 	179 	0 	60 	4946 	2 	4433 	301 	2108 	4823 	0 			9447 	208050 	21 			C 	377949 
Bhutan	0 		0 	0 				2 	0 		0 	0 		0 	0 			0 	0 		0 					0 		0 	0 					0 	0 			0 		0 	0 		0 		0 					0 			0 				0 	0 	0 	0 				0 		0 	0 			0 		0 			0 	2 
Bolivia	0 		C 	0 				0 	0 	0 	0 	0 	2 	0 	0 			0 	0 		0 					1 		0 	0 					1 	0 			0 		0 	0 		0 		6 					0 			0 				0 	0 	0 	0 				0 		0 	0 	0 		0 		0 			0 	11 
Bonaire, Sint Eustatius and Saba																																																																												
Bosnia and Herzegovina	0 		0 	38 					0 		0 	0 		0 	0 			0 	0 		49 			0 	1 	7 		0 	5 					4 	0 		16 	3 		0 	0 	20 	0 		50 					26 	0 		0 				0 	0 	0 	0 				0 	19 	0 	0 			44 	72 	0 			C 	354 
Botswana	0 		0 	0 				0 	0 		0 	0 		0 	0 			0 	0 		0 				0 	0 		0 	4 					0 	0 		0 	0 		0 	0 		0 		14 	0 		42 		3 			0 				0 	0 	0 	0 			42 	0 	1 	0 	0 			0 	5 	0 			0 	111 
Brazil	1522 		630 	897 	5027 		3 	367 	70 		0 	5059 	9465 	1791 	117 	7 	20 	49 	87 	5 	2550 	53 		320 	5196 	13602 	2 	57 	1438 	5 		12 		3838 	1 	2 	4108 	4079 	122 	0 	300 		0 	14 	23689 	1 		1 	16 	7457 	73 	C 	1743 		267 	71 	C 	2884 	0 	8 	1014 	6 	3 	5468 	705 	1647 	0 	22 		20364 	110294 	854 		17 	C 	237419 
British Indian Ocean Territory	0 		0 	0 				0 	0 		0 	0 		0 	0 			0 	0 		0 					0 		0 	0 					0 	0 			0 		0 	0 		0 		0 	0 				0 			0 				0 	0 	0 	0 				0 			0 			0 		0 			0 	0 
Brunei Darussalam	0 		0 	0 				20 	0 		0 	0 		0 	3 			0 	0 		0 					0 		0 	55 					411 	0 			0 		0 	0 		0 		0 					0 			0 				0 	0 	0 	0 				0 		0 	0 			0 		0 			0 	489 
Bulgaria	0 		C 	557 				1 	0 	0 		0 		0 	1 			0 	66 		70 	2 	90 	38 	46 	445 		469 	26 	0 				134 	0 		98 	24 	75 	0 	0 		3 		382 					173 	1 		19 			1 	C 	0 	0 	0 		0 		14 	47 	9 	0 	3 		516 	312 	0 			C 	3622 
Burkina Faso	0 		0 	0 				5 	0 		0 	0 		0 	0 			0 	0 		0 					0 		0 	0 					0 	0 			0 		0 	0 		0 		0 					0 			0 				0 	0 	0 	0 				0 		3 	0 			0 		0 			0 	8 
Burundi	0 		0 	0 				0 	0 		0 	0 		0 	0 			0 	0 		0 					0 		0 	0 					0 	0 			0 		0 	0 		0 		0 					0 			0 				0 	0 	0 	0 				0 		0 	0 			0 		0 			0 	0 
Cambodia	0 		0 	0 					0 		0 	0 		0 	C 			0 	0 		0 					0 		0 	0 					0 	0 			0 		0 	0 		0 		2 					3 			0 				0 	0 	0 	0 				0 		0 	21 			0 		0 			0 	26 
Cameroon	0 		0 	0 				0 	0 		0 	0 		0 	0 			0 	0 		0 				32 	0 		0 	0 					0 	0 		0 	0 		0 	0 		0 		1 			6 		0 			0 				0 	0 	0 	0 				0 		3 	0 			10 		0 			0 	52 
Canada	15 	5 	4969 	2222 	110 	99 	162 	3644 	4729 	42 	0 		679 	389 	7026 	119 	17 	6 	682 	101 	2469 	10 	4 	351 	14371 	8405 	43 	16 	1601 	25 	148 	0 		19307 	53 	160 	2982 	45454 	1099 	23 	250 	13 	0 	13 	35914 	23 	38 	40 	1 	9481 	122 	548 	8104 		4 	13 	84 	172 	0 	43 	3789 	5 	33 	1646 	3963 	12789 	5 	1 		24683 	477889 	3 	1 	1 	11677 	712884 
Cabo Verde	0 		0 	0 				0 	0 		0 	0 		0 	0 			0 	0 		0 					0 		0 	0 					8 	0 			0 		0 	0 		0 		0 					0 			0 				0 	60 	0 	0 				0 		0 	0 			0 		0 			0 	68 
Cayman Islands	0 		2205 	10848 	342 	6629 	49 	6941 	13090 	1200 	2 	12706 		408 	76870 	434 	23 	5 	407 	405 	3061 	81 	2 	5349 	75187 	36015 	26 	2728 	23178 	102 	120 		127 	56773 	1604 	192 	26290 	324365 	25490 	14 	6189 	1207 	0 	8 	68911 	133 	134 	94 	245 	19053 	11376 		4252 		260 	246 	117 	15369 	0 	0 	7365 	26 	442 	19895 	3111 	46815 	78 	44 		128153 	375542 	13 		290 	C 	1422632 
Central African Republic	0 		0 	0 					0 		0 	0 		0 	0 			0 	0 		0 					0 		0 	0 					0 	0 			0 		0 	0 		0 		0 					0 			0 				0 	0 	0 	0 				0 		0 	0 			0 		0 			0 	0 
Chad	0 		0 	0 					0 		0 	0 		0 	0 			0 	0 		0 					0 		0 	0 					0 	0 			0 		0 	0 		0 		0 					0 			0 				0 	0 	0 	0 				0 		0 	0 			0 		0 			0 	0 
Chile	72 		C 	51 	121 		0 	34 	1747 	7 	0 	130 	146 		139 	0 	1 	1 	13 	0 	149 	0 		5 	176 	141 		0 	65 			2 		309 	0 	1 	173 	413 	8 	0 	37 		0 		1132 			73 		536 	1 		57 		36 	0 	0 	0 	0 	0 		1 		218 	155 	38 	6 			1667 	12539 	37 		1 	C 	20440 
China, P.R.: Hong Kong	0 	2 	4779 	502 	10 	147 	2 	428 	6372 	1 	0 	5394 	16 	14 		1948 	1 	0 	2 	20 	1392 	1 	0 	572 	4136 	2951 	6 	16 	548 	22 	12 	9 	26 	10104 	46 	133 	1238 	11723 	355 	4 	6095 	9 	0 	1 	19915 	471 		983 		5202 	10 	C 	1369 	0 		237 	C 	26 	0 	0 	23445 	1 	31 	53 	2055 	1447 	114 			36702 	87518 	0 			C 	238616 
China, P.R.: Macao	0 		0 	0 				28 	0 		0 	0 		0 	78 			0 	0 		0 					0 		0 	1 					0 	0 			3 		0 	0 		0 		2 					0 			0 				0 	119 	0 	0 				0 		0 	0 			2 		0 			0 	234 
China, P.R.: Mainland	32 		621 	628 			3 	404 	1205 	1 	0 	2042 	36 	17 	98653 	1015 		1 	30 	40 	1371 	1 	0 	289 	4692 	3237 		62 	432 	43 	9 		3 	6385 	41 	6 	1163 	10267 	200 	1 	3086 	132 	0 	0 	30676 	13 		6148 		2922 	0 	C 	940 		0 	36 	C 	15 	0 	0 	10347 	1 	1 	39 	709 	736 	12 	0 		17534 	75314 	0 		0 	C 	281594 
Christmas Island	0 		0 	0 					0 		0 	0 		0 	0 			0 	0 		0 					0 		0 	0 					0 	0 			0 		0 	0 		0 		0 					0 			0 				0 	0 	0 	0 				0 			0 			0 		0 			0 	0 
Cocos (Keeling) Islands	0 		0 	0 				0 	0 		0 	0 		0 	0 			0 	0 		0 					0 		0 	0 					0 	0 			0 		0 	0 		0 		0 					0 			0 				0 	0 	0 	0 				0 			0 			0 		0 			0 	0 
Colombia	2 		C 	117 	10 		0 	48 	3 	4 	0 	78 	227 	120 	4 			12 	0 		620 			0 	86 	423 		3 	49 					760 	0 		344 	627 	16 	0 	8 		0 	0 	1311 					549 	3 		5 		535 		0 	37 	0 	0 		1 		209 	136 	46 	0 	1 		1133 	5828 	1 		2 	C 	13361 
Comoros	0 		0 	0 					0 		0 	0 		0 	0 			0 	0 		0 					0 		0 	0 					0 	0 			0 		0 	0 		0 		0 			5 		0 			0 				0 	0 	0 	0 				0 		0 	0 			0 		0 			0 	5 
Congo, Democratic Republic of	0 		0 	0 				55 	0 		0 	0 		0 	0 			0 	0 		0 				6 	0 		0 	0 					0 	0 		0 	1 		0 	0 		0 		2 					0 			0 				0 	0 	0 	0 				0 		0 	0 			0 		0 			0 	63 
Congo, Republic of	0 		0 	0 				52 	0 		0 	0 		0 	0 			0 	0 		0 				0 	0 		0 	0 					1 	0 		0 	0 		0 	0 		0 		0 					0 			0 				0 	0 	0 	0 				0 		0 	0 			0 		0 			0 	54 
Cook Islands	0 		0 	0 					0 		0 	0 		0 	1 			0 	0 		0 					0 		0 	0 					0 	20 			0 		0 	0 		0 		0 					0 			0 				0 	0 	0 	0 				0 			0 			0 		0 			0 	21 
Costa Rica	1 		0 	9 	12 		0 	1 	8 	6 	0 	0 	12 	0 	2 				0 		9 				6 	57 		0 	1 					14 	0 		3 	22 	2 	0 	0 		0 		78 					1 			0 		708 	1 	0 	0 	0 	0 				0 		5 	0 			234 	340 	0 		0 	0 	1533 
Cote d'Ivoire	0 		0 	1 				8 	0 		0 	0 		0 	C 			0 	0 	0 	94 				39 	41 		0 	12 					53 	0 		4 	3 	2 	0 	0 		0 		51 			34 		5 			6 				0 	0 	0 	0 				0 	51 	299 	0 			109 	95 	0 			0 	906 
Croatia	0 		C 	1567 				30 	16 		19 	3 		0 	1 			0 	61 	34 	18 		56 	0 	219 	1404 		12 	25 	49 				277 	0 		221 	204 	20 	0 	0 		2 		871 		30 			499 			155 				7 	15 	0 	0 		42 		25 	130 	51 	0 			475 	400 	0 			C 	6938 
Cuba	0 		0 	0 					0 		0 	0 		0 	0 			0 	0 		0 					0 		0 	19 					0 	0 			0 	6 	0 	0 		0 		0 					4 	5 		0 				0 	0 	0 	0 				0 		0 	0 			105 		0 		250 	0 	389 
Curacao																																																																												
Curacao & St. Maarten																																																																												
Cyprus	0 		C 	3948 		13 		433 	1 		0 	24 		0 	605 	1 		0 		189 	27 		25 	0 	1305 	1604 		1467 	135 		40 			313 	0 		151 	9 	673 	113 	0 		0 		1345 		65 	5 		142 			182 				4 	93 	0 	368 		26 	0 	38 	22 	234 	0 			1290 	1123 	0 		7 	C 	16023 
Czech Republic	0 		C 	1775 			0 	654 	205 	0 	0 	60 		0 	12 			0 	125 		217 		50 	213 	841 	2421 		16 	111 	92 				946 	0 		208 	556 	16 	1 	6 		1 		3638 					753 	0 		176 				362 	74 	0 	0 	1 	98 		150 	330 	148 	0 			2504 	3071 	0 			C 	19831 
Denmark	0 	1 	557 	3602 	4 	20 	218 	6529 	1218 	54 	0 	2016 	132 	0 	1732 	28 		3 	171 	56 		1 	79 	4941 	10036 	20844 	73 	136 	1918 	2 	533 			9465 	302 	56 	1530 	11521 	1794 	5 	20 		2 	1 	18530 	8 	64 			6145 	11 	C 	13076 		4 		72 	563 	0 	4 	883 	0 	3 	1294 	16152 	5228 	1 	0 		24921 	33978 	1 		0 	C 	200542 
Djibouti	0 		0 	0 					0 		0 	0 		0 	0 			0 	0 		0 					0 		0 	0 					0 	0 			0 		0 	0 		0 		0 					0 			0 				0 	0 	0 	0 				0 		0 	0 			0 		0 			0 	0 
Dominica	0 		0 	0 			0 		0 		0 	0 		0 	0 			0 	0 		0 					0 		0 	0 					0 	0 		0 	0 		0 	0 		0 		1 					0 			0 				0 	0 	0 	0 				0 		0 	0 			0 		0 			C 	2 
Dominican Republic	0 		0 	16 			0 	48 	0 	0 	0 	33 	14 	3 	C 			0 	0 		74 			C 	19 	105 		0 	3 					38 	0 		23 	22 	6 	0 	0 		0 		300 					885 			0 		4 		0 	0 	0 	0 				0 		4 	0 	0 		441 	817 	0 			C 	2855 
Ecuador	0 		0 	24 				9 	0 	0 	0 	6 	1 	0 	4 		0 	29 	0 	11 	69 			C 	15 	25 		0 	38 					37 	0 		111 	41 	2 	0 	0 		0 	2 	153 				29 	167 			0 		36 	3 	0 	0 	0 	0 				73 		9 	0 	1 		396 	552 	3 		17 	C 	1863 
Egypt	0 		24 	14 			0 	39 	0 	0 	0 	97 	0 	0 	22 			0 	3 	0 	93 				146 	94 		120 	246 					278 	8 		95 	88 	24 	0 	10 	411 	0 	16 	1698 	5 		1 		274 	3 		38 				0 	3 	0 	0 			31 	0 	19 	34 	0 			7861 	6686 	0 			C 	18482 
El Salvador	0 		C 	21 	26 		1 	1 	3 		0 	22 	14 	1 	2 			5 	0 		113 			C 	19 	129 		0 	0 					90 	0 		32 	67 	6 	0 	0 		0 		302 				1 	124 			0 		25 	1 	0 	0 	0 	0 				0 		5 	1 			133 	935 	0 			C 	2076 
Equatorial Guinea	0 		0 	0 					0 		0 	0 		0 	0 			0 	0 	6 	0 					0 		0 	0 					0 	0 			0 		0 	0 		0 		0 					1 			0 				0 	0 	0 	0 				0 		0 	0 			0 		0 			0 	7 
Eritrea	0 		0 	0 					0 		0 	0 		0 	0 			0 	0 		0 					0 		0 	0 					0 	0 			0 		0 	0 		0 		0 	1 				0 			0 				0 	0 	0 	0 				0 		0 	0 			0 		0 			0 	1 
Estonia	0 		C 	184 				82 	0 		0 	2 		0 	C 			0 	48 	12 	118 			584 	26 	416 		0 	25 	0 				115 	0 		0 	0 		0 	0 		55 		601 					55 			86 				18 	0 	0 	5 				9 	1095 	8 	0 			48 	98 	0 			C 	3692 
Ethiopia	0 		0 	0 				0 	0 		0 	0 		0 	0 			0 	0 		0 					1 		0 	0 					0 	0 		0 	0 		0 	0 		0 		0 			1 		0 			0 				0 	0 	0 	0 				0 		0 	0 			0 		0 			0 	2 
Falkland Islands	0 		0 	0 				0 	0 		0 	0 		0 	0 			0 	0 		1 					9 		0 	0 					0 	0 		0 	0 		0 	0 		0 		0 					1 			0 				0 	0 	0 	0 				0 		2 	0 			0 	2 	0 			0 	16 
Faroe Islands	0 		0 	0 				0 	0 		0 	0 		0 	0 			0 	0 		241 					42 		0 	0 					0 	0 		0 	0 		0 	0 		0 		13 					-4 			0 				0 	0 	0 	0 				0 	0 	0 	0 			0 		0 			0 	293 
Fiji	0 		0 	1 					0 		0 	0 	7 	0 	0 			0 	0 		0 					9 		0 	5 					3 	0 		1 	0 	2 	0 	1 		0 		7 					5 			0 			5 	0 	0 	0 	0 				0 		1 	0 			12 	7 	0 			C 	66 
Finland	27 	2 	634 	3312 	10 	19 	7 	5007 	564 	2 	2 	2376 	58 	1 	930 	30 	4 	38 	132 	26 	4743 	2 	294 		22846 	28460 		100 	1488 	3 	421 			5647 	246 	46 	5096 	7859 	1076 	38 	71 	0 	15 	5 	17423 	7 	179 	2 	1 	9041 	2 	C 	5237 			15 	25 	244 	0 	25 	807 	156 	5 	3018 	20185 	5487 	0 	262 		24390 	59934 	24 			10522 	248625 
France	48 	10 	12628 	24371 	60 	457 	1757 	102096 	9494 	414 	67 	24709 	544 	83 	9046 	322 	66 	12 	961 	1551 	13257 	88 	400 	23776 		226760 	43 	3560 	15793 	204 	546 	0 		89031 	162 	994 	122769 	142364 	14931 	1015 	3718 	340 	15 	436 	220461 	266 	309 	18 	117 	112895 	243 	341 	26726 	6 	39 	138 	360 	19654 	28 	42 	13577 	111 	553 	88407 	17890 	63578 	49 	517 	0 	202184 	397295 	9 		6 	162273 	2176989 
French Southern Territories	0 		0 	0 					0 		0 	0 		0 	0 			0 	0 		0 					0 		0 	0 					0 	0 			0 		0 	0 		0 		0 					0 			0 				0 	0 	0 	0 				0 			0 			0 		0 			0 	0 
French Territories: French Polynesia	0 		0 	3 					0 	0 	0 	0 		0 	C 			0 	0 		0 				24 	0 		0 	0 					0 	0 			0 		0 	0 		0 		18 					0 			0 				0 	0 	0 	0 				0 		0 	0 			0 		0 			0 	44 
French Territories: New Caledonia	0 		0 	0 					0 		0 	0 		0 	0 			0 	0 		0 					0 		0 	0 					0 	0 			0 		0 	0 		0 		0 					0 			0 				0 	0 	0 	0 				0 		0 	0 			0 		0 			0 	0 
Gabon	0 		0 	0 				6 	0 		0 	162 		0 	0 			0 	0 		0 				352 	3 		0 	0 					0 	0 		1 	0 		0 	0 		0 		3 					0 			0 				0 	0 	0 	0 				1 		45 	0 			2 	0 	0 			0 	575 
Gambia, The	0 		0 	0 				0 	0 		0 	0 		0 	C 			0 	0 		0 					0 		0 	0 					0 	0 			0 		0 	0 		0 		0 					0 			0 				0 	0 	0 	0 				0 		0 	0 			0 		0 			0 	1 
Georgia	0 		0 	4 				0 	0 		0 	0 		0 	0 			0 	0 		7 		2 		2 	-1 		0 	0 					16 	0 		1 	0 		0 	0 		0 		162 					0 			14 				0 	0 	0 	1 				0 	7 	1 	0 			22 	30 	0 			C 	268 
Germany	78 	5 	10619 	80606 	164 	1517 	1610 	59371 	16827 	111 	115 	23097 	1416 	217 	10519 	536 	99 	44 	770 	2261 	38719 	125 	613 	26411 	287359 		234 	8825 	9746 	706 	989 		43 	113107 	252 	616 	140883 	173502 	26561 	1839 	1353 	460 	12 	255 	304036 	116 	1094 	135 	17 	193453 	216 	443 	64837 		54 	218 	1505 	18441 	399 	1083 	16915 	497 	128 	69757 	28598 	102633 	162 	552 		157381 	288324 	76 	20 	6 	329852 	2623537 
Ghana	0 		0 	0 					0 		0 	0 		0 	0 			0 	0 		3 	2 				0 		0 	0 			0 		14 	0 			0 	2 	0 	0 		0 	0 	11 			64 		0 			0 				0 	0 	0 	0 			452 	0 		0 	0 			57 	3 	0 			0 	608 
Gibraltar	0 		0 	103 				31 	0 	0 	0 	2 	50 	0 	4 			0 	0 	56 	2 			2 	15 	74 		0 	49 	1 				65 	2 		64 	2 	2 	0 	14 		0 	0 	145 					42 			4 				C 	111 	0 	1 				84 	0 	164 	0 			462 	135 	0 			C 	1685 
Greece	0 		402 	9194 				17330 	185 	1 	72 	811 	10 	0 	232 	1 	1 	0 	1173 	754 	1784 	4 	9 	2976 	47590 	38571 			296 	4 				12411 	31 	17 	17108 	7164 	139 	138 	14 	0 	2 	1 	21870 	0 	161 	1 		19592 	5 	C 	4388 			7 	1 	2700 	0 	0 	858 	8 	1 	4086 	1724 	2790 	0 	0 		15205 	16013 	31 			C 	247866 
Greenland	0 		0 	0 					0 		0 	0 		0 	0 			0 	0 		67 					1 		0 	0 					0 	0 			0 		0 	0 		0 		0 					0 			0 				0 	0 	0 	0 				0 		0 	0 			0 		0 			0 	68 
Grenada	0 		0 	0 			4 	1 	0 		0 	0 	3 	0 	0 			0 	0 		0 				12 	17 		0 	3 					1 	1 		0 	0 		0 	0 		0 		0 					0 			0 				0 	0 	0 	0 				0 		3 	0 			2 	16 	0 			0 	65 
Guadeloupe	0 		0 	0 					0 		0 	0 		0 	0 			0 	0 		0 					0 		0 	0 					0 	0 			0 		0 	0 		0 		2 					0 			0 				0 	0 	0 	0 				0 			0 			0 		0 			0 	2 
Guam	0 		0 	0 					0 		0 	0 		0 	C 			0 	0 		0 					0 		0 	0 					0 	3 			0 		0 	0 		0 		0 					0 			0 				0 	0 	0 	0 				0 			0 			0 		0 			0 	3 
Guatemala	0 		0 	3 	154 		6 	0 	0 	0 	0 	0 	3 	0 	1 			0 	0 		11 				1 	24 		0 	0 					21 	0 		2 	10 		0 	0 		0 		43 					4 			0 		80 		0 	0 	0 	0 				0 		2 	0 			137 	206 	0 			0 	707 
Guernsey	0 		0 	936 		25 	2 	596 	544 	11 	0 	672 	66 	0 	485 	18 	20 	0 	2 	36 	915 		1 	483 	6461 	6215 		215 		5 				323 	739 	20 	1276 	4245 	157 	0 	0 	60 	0 	1 	4219 	10 		2 		2796 	420 		304 				C 	329 	0 	0 		6 	1307 	240 	232 	11913 	31 			8113 	12493 	0 			C 	66946 
Guiana, French	0 		0 	0 					3 		0 	0 		0 	0 			0 	0 		0 					0 		0 	0 					0 	0 		0 	0 		0 	0 		0 		0 					0 			0 				0 	0 	0 	0 				0 			0 			0 	8 	0 			0 	11 
Guinea	0 		0 	0 				0 	0 		0 	0 		0 	0 			0 	0 		0 					0 		0 	0 					0 	0 			0 		0 	0 		0 		0 					0 			0 				0 	0 	0 	0 				0 		0 	0 			0 		0 			0 	0 
Guinea-Bissau	0 		0 	0 					0 		0 	0 		0 	0 			0 	0 		0 					0 		0 	0 					0 	0 			0 		0 	0 		0 		0 					0 			0 				0 	8 	0 	0 				0 		0 	0 			0 		0 			0 	8 
Guyana	0 		0 	0 					8 		0 	0 		0 	0 			0 	0 		0 					0 		0 	0 					0 	0 			0 		0 	0 		0 		0 					0 			0 				0 	0 	0 	0 				0 		0 	0 			38 		0 			C 	46 
Haiti	0 		0 	0 					0 		0 	0 		0 	0 			0 	0 		0 					0 		0 	0 					0 	0 			0 		0 	0 		0 		19 					0 			0 				0 	0 	0 	0 				0 		0 	0 			0 		0 			0 	19 
Honduras	0 		0 	0 				0 	0 		0 	0 		0 	68 			0 	0 		0 					3 		0 	0 					0 	0 			18 		0 	0 		0 		11 				7 	0 			0 		136 		0 	0 	0 	0 				0 		0 	0 			8 	29 	0 			0 	280 
Hungary	0 		37 	7070 			0 	1423 	85 	4 	6 	249 	20 	0 	24 			0 	861 	500 	551 		119 	126 	3897 	11176 		331 	145 					3836 	0 		672 	1035 	14 	0 	21 		4 		11982 	0 				1777 	0 		495 				890 	228 	6 	0 		118 	0 	494 	426 	362 	0 			5109 	8410 	0 			C 	62502 
Iceland	0 		C 	1575 	45 			857 	92 	0 	0 	324 	121 	0 	525 	20 		0 	193 	358 	40 		6 	245 	3454 	7121 		50 	248 	0 				1862 	2 	21 	1743 	1122 	4 	0 	16 		0 	1 	3862 		19 			786 	7 		903 				C 	274 	0 	0 		38 		1481 	429 	1266 	0 			5385 	7828 	0 			C 	42321 
India	1 	1 	C 	669 	21 	120 	1 	595 	133 	0 	0 	1520 	107 	6 	2986 	3 		0 	106 	0 	1175 	2 		398 	2069 	1247 	8 	0 	41 	0 			331 	2954 	26 		330 	4124 	171 	0 	1202 	44 	0 	0 	21166 	133 		61779 		1475 	5 		215 		4 	22 	C 	59 	0 	0 	7297 	1 	1 	5694 	403 	260 	10 			14968 	49231 	0 			C 	183115 
Indonesia	0 		235 	117 			0 	51 	149 	0 	0 	630 	30 	12 	C 	0 		0 	-5 	0 	501 	0 		33 	511 	651 		0 	671 	43 		2 		1159 	1 		250 	925 	80 	0 	105 	19 	0 	0 	4959 	147 		2232 		1382 	2 	C 	65 		0 	6 	0 	0 	0 	1 	7111 	1 	1 	8 	162 	231 	2 			4496 	14072 	0 			C 	41047 
Iran, Islamic Republic of	0 		0 	8 		20 		0 	0 		0 	0 		21 	18 			0 	7 		0 				46 	49 		0 	0 					0 	0 		7 	0 		0 	0 		0 	0 	75 					0 			0 	0 			0 	0 	0 	2 				0 		21 	0 			1397 	0 	0 			0 	1674 
Iraq	0 		0 	8 				2 	0 		0 	6 		0 	0 			0 	0 	50 	58 				241 	8 		0 	0 					34 	0 		15 	31 	8 	0 	486 	15 	0 		276 					38 	0 		0 				0 	0 	0 	0 				0 		13 	0 			3 	0 	0 			0 	1291 
Ireland	0 	3 	846 	16149 	212 	368 	197 	23938 	4704 	31 	12 	7787 	1166 	2795 	9057 	309 	369 	0 	714 	1034 	6785 	14 	98 	12538 	152252 	115675 	18 	1974 	6781 	221 	848 	93 			11877 	179 	63511 	39843 	12732 	422 	1505 	24 	4 	72 	61895 	379 	390 	49 	133 	36694 	273 	C 	8505 		6 		373 	12250 	0 	1641 	3137 	218 	5747 	27987 	11998 	23405 	401 	2 		171227 	120513 	1 			25240 	1009619 
Isle of Man	0 		0 	50 				0 	8 	0 	0 	5 	1 	0 	1 			0 	57 		16 		2 	0 	7 	3 		0 	153 					33 			44 	757 	59 	0 	0 		0 	1 	359 	37 		6 		116 			7 				0 	0 	0 	0 			217 	14 	3 	98 	0 			2213 	569 	0 			C 	4836 
Israel	0 		C 	229 			0 	173 	7 	516 	0 	718 	163 	1 	15 	0 		0 	129 	1 	199 		3 	14 	792 	710 		38 	58 	7 	2 			411 	0 		204 	831 	84 	0 	2 		0 		2577 					990 	0 	C 	145 		2 		C 	7 	0 	0 	231 	0 	2 	17 	80 	1100 	54 			5001 	41517 	1 			C 	57033 
Italy	10 	3 	2603 	20416 	2 	64 	31 	67964 	2820 	46 	52 	8092 	105 	1 	1268 	34 	2 	0 	800 	876 	5347 	65 	86 	8254 	281061 	194603 	10 	1601 	4282 	26 	245 		26 	129275 	36 	78 		66711 	2413 	454 	416 	3 	2 	36 	163392 	14 	828 	2 	1 	101974 	38 	C 	21057 		2 	313 	106 	10525 	15 	67 	6190 	165 	31 	73549 	7534 	10403 	20 	130 		125833 	105893 	16 	10 	3 	40616 	1468947 
Jamaica	0 	1 	0 	22 			16 	11 	25 		0 	3 	2 	0 	1 			1 	0 		99 			C 	11 	178 		3 	1 					18 	0 		27 	31 		0 	2 		0 		192 					11 	12 		0 		1 		0 	10 	0 	0 				102 	18 	34 	0 			204 	592 	0 		134 	C 	1763 
Japan	274 	16 	18668 	3021 	1 	157 	95 	4271 	7927 	4 	5 	39857 	5 	48 	18844 	139 	21 	3 	94 	31 	11157 	161 	9 	3822 	87851 	32971 	6 	45 	5436 	16 	248 			56984 	171 	242 	13921 		1712 	1074 	2861 	63 	0 	4 	103631 	255 	47 	1047 		37109 	312 	2047 	22376 		0 	8 	6 	268 	0 	1 	23479 	19 	371 	2585 	15870 	18721 	9 			226380 	585567 	7 		0 	99775 	1452124 
Jersey	0 		0 	6132 	20 	248 		5253 	412 	6 	1 	294 	537 	0 	1335 	32 	2 	0 	4 	307 	774 			589 	16657 	18354 		1615 	1168 	1 	5 			15500 	264 	12 	7562 	19158 		0 	0 	28 	0 	4 	9775 		1074 	69 		7299 	152 		793 		0 	31 	C 	4218 	0 	0 	162 		1483 	401 	522 	46504 	0 			53178 	21450 	0 			C 	243382 
Jordan	0 		0 	1 			0 		0 		0 	0 		0 	1 			0 	11 		0 	37 				3 		0 	0 	1 		0 		25 	0 			0 		0 	0 	610 	0 	37 	23 					8 			0 				0 	0 	0 	0 				0 	0 	0 	0 			32 	61 	0 			0 	851 
Kazakhstan	0 		C 	120 		10 		8 	0 		13 	11 	37 	0 	18 			0 	14 	25 	70 		14 	0 	1126 	96 		17 	100 					176 	0 		48 	49 	14 		63 		7 	0 	804 					208 	0 		11 		0 	21 	5 	28 	0 	2 		0 		186 	122 	154 	0 	7 		4490 	1288 	0 			C 	9362 
Kenya	0 		0 	0 				0 	0 		0 	0 		0 	5 			0 	0 		1 					0 		0 	14 			1 		3 	0 			0 	37 	0 	0 	3 	0 		50 			63 		3 			0 				0 	0 	0 	0 			1 	0 	2 	2 	0 			73 	15 	0 			0 	272 
Kiribati	0 		0 	0 					0 		0 	0 		0 	0 			0 	0 		0 					0 		0 	0 					0 	0 			0 		0 	0 		0 		0 					0 			0 				0 	0 	0 	0 				0 		0 	0 			0 		0 			0 	0 
Korea, Democratic People's Rep. of	0 	1 	0 								0 				0 				0 		0 					0 					0 			0 	0 			0 		0 	0 		0 	0 	0 					0 							0 	0 	0 	0 				0 			0 					0 			0 	1 
Korea, Republic of	4 	1 	3261 	940 	411 	320 	4 	390 	4518 		1 	7552 	131 	34 	13615 	208 		0 	437 	5 	1521 	2 		703 	5075 	5031 		22 	632 	11 	7 	22 	11 	9781 	20 	2 	1364 	9113 	459 	0 			0 	10 	23318 	245 		106 		6722 	5 	C 	3200 		4 	66 	C 	27 	0 	0 	17494 	4 	10 	112 	1818 	2116 	128 			36439 	123875 	0 		0 	C 	281309 
Kosovo, Republic of																																																																			0 									0 
Kuwait	0 		C 	42 	40 	868 		29 	0 		0 	0 		0 	223 	3 		0 	63 		3 	21 			18 	87 		4 	1 					153 	0 		1 	14 	2 	0 	13 		0 	14 	369 	9 				28 			0 				0 	4 	0 	0 				0 		6 	0 			1126 	0 	0 			0 	3141 
Kyrgyz Republic	0 		0 	0 					1 		0 	0 		0 	0 			0 	0 		0 					0 		0 	0 					0 	0 			4 		0 	0 		0 		2 					0 			0 				0 	0 	0 	61 				0 		0 	0 			2 		0 		100 	C 	171 
Lao People's Democratic Republic	0 		0 	0 				1 	0 		0 	0 		0 	0 			0 	0 		0 					0 		0 	0 					0 	0 			0 		0 	0 		0 		0 					0 			0 				0 	0 	0 	0 				0 		0 	2 			21 		0 			0 	24 
Latvia	0 		0 	136 				11 	0 		3 	0 		0 	0 			0 	16 		2 		119 	83 	92 	627 		29 	3 					16 	0 		6 	5 		2 	0 				158 					71 	0 		28 				C 	0 	0 	0 				1 	52 	7 	0 			73 	13 	0 			C 	1553 
Lebanon	0 		0 	1 				13 	0 	6 	0 	5 		0 	6 			0 	25 		123 	5 		C 	104 	34 		0 	2 					47 	0 		79 	26 	59 	0 	2 	137 	0 		222 					29 			0 				0 	0 	0 	0 				0 		12 	0 			534 	375 	0 			C 	1847 
Lesotho	0 		0 	0 					0 		0 	0 		0 	0 			0 	0 		0 					0 		0 	0 					0 	0 			0 		0 	0 		0 		0 					0 			0 				0 	0 	0 	0 			3 	0 		0 	0 			0 		0 			0 	3 
Liberia	0 		0 	3 				4 	25 		0 	78 		0 	1 			0 	0 	0 	26 				109 	14 		0 	0 					24 	0 		7 	92 		0 	0 		0 		93 					146 			213 				0 	0 	0 	0 			1 	2 	3 	18 	0 			143 	5786 	0 			C 	6787 
Libya	0 		0 	0 					0 		0 	0 		0 	0 			0 	0 		0 					1 		0 	0 					0 	0 		0 	0 		0 	0 		0 		2 					0 			0 				0 	0 	0 	0 				0 		0 	0 			0 	0 	0 			0 	3 
Liechtenstein	0 		0 	237 				30 	0 	2 	0 	2 		0 	0 			0 	0 	0 	1 		4 	0 	18 	375 		0 	19 	0 				28 	0 		14 	2 	96 	0 	8 		0 		179 			9 		9 			0 				C 	0 	0 	0 			0 	9 	2 		0 			206 	243 	0 			0 	1493 
Lithuania	0 		0 	479 				102 	2 		0 	0 		0 	C 			0 	33 		40 		90 	401 	197 	1645 		0 	17 					277 	0 		4 	0 		0 	0 		9 		607 					157 			7 				C 	46 	0 	12 				6 	262 	85 	0 			159 	41 	0 			C 	4677 
Luxembourg	1626 	52 	399 	24524 	24 	247 	225 	135549 	5268 	179 	63 	2000 	923 	20130 	21316 	360 	287 	3 	558 	2485 	6800 	1 	344 	16208 	132255 	359758 	20 	6561 	6882 	1779 	6120 		6 	38920 	2972 	1306 	324791 	89199 	7699 	583 	16563 	28 	27 	109 		281 	393 	177 	866 	66893 	376 	C 	8181 		19 	100 	1467 	13288 	19 	1626 	6601 	238 	3983 	64808 	47908 	130974 	397 	158 		87936 	60102 	14 			C 	1731955 
Macedonia, FYR	0 		0 	24 				3 	0 		0 	0 		0 	0 			0 	14 		20 				1 	137 		3 	0 					25 	0 		3 	0 		0 	0 		0 		44 					1 			0 				0 	0 	0 	0 				0 		1 	0 		5 	4 		0 			C 	283 
Madagascar	0 		0 	0 				0 	0 		0 	0 		0 	C 			0 	0 		0 				0 	0 		0 	0 					0 	0 			0 		0 	0 		0 		0 			31 		1 			0 				0 	0 	0 	0 				0 		0 	0 			0 		0 			0 	32 
Malawi	0 		0 	0 				0 	0 		0 	0 		0 	0 			0 	0 		0 					0 		0 	0 					1 	0 			0 		0 	0 		0 		0 			5 		0 			0 				0 	0 	0 	0 			3 	0 		0 	0 			6 		0 			0 	16 
Malaysia	0 		303 	94 		20 	2 	40 	246 	1 	0 	743 	39 	12 	4520 	97 		0 	144 		438 	0 		114 	2072 	618 	2 	0 	225 	1 		1 	8 	1367 	2 	1 	290 	1546 	165 	0 	315 	147 	0 		5630 			30 		2010 	5 	C 	179 			330 	0 	8 	0 	1 	12510 	1 	2 	1 	138 	228 	136 			10054 	15404 	0 			C 	60235 
Maldives	0 		0 	0 					1 		0 	0 		0 	0 			0 	0 		4 					0 		0 	0 					0 	0 			0 		0 	0 		0 		0 			7 		0 			0 				0 	0 	0 	0 				0 		0 	0 			0 		0 			0 	12 
Mali	0 		0 	0 					0 		0 	0 		0 	0 			0 	0 		0 					0 		0 	0 					8 	0 			0 		0 	0 		0 		0 					0 			0 				0 	0 	0 	0 				0 		0 	0 			0 		0 			0 	8 
Malta	0 		0 	84 				14 	0 	0 	0 	0 		0 	1 			0 	34 		1 		0 		129 	16 		0 	11 					13 	0 		326 	2 	67 	0 	0 	39 	0 		123 					8 			2 				0 	0 	0 	0 		1 	3 	35 	2 	46 	0 			265 	155 	0 			0 	1377 
Marshall Islands, Republic of	0 		0 	3 				6 	11 		0 	123 		0 	5 			0 	52 	0 	6 			0 	39 	20 		0 	1 					8 	0 	4 	17 	47 		0 	0 		0 		55 					5 			16 				0 	0 	0 	12 				2 	1 	16 	0 			4 	7461 	0 			0 	7914 
Martinique	0 		0 	0 					0 		0 	0 		0 	0 			0 	0 		0 					0 		0 	0 					0 	0 			0 		0 	0 		0 		0 					0 			0 				0 	0 	0 	0 				0 			0 			0 		0 			0 	0 
Mauritania	0 		0 	0 					0 		0 	0 		0 	0 			0 	0 		0 					0 		0 	0 					0 	0 			0 		0 	0 	4 	0 		34 					0 			0 				0 	0 	0 	0 				0 		0 	0 			0 		0 			0 	39 
Mauritius	0 		0 	1 		5 		3 	0 		0 	48 		0 	77 	1 		0 	230 	9 	8 			0 	101 	-21 		0 	116 			0 	102 	20 	19 	1 	46 	115 	77 	0 	2 	1 	0 		294 	0 				34 	52 		0 	0 	0 		0 	0 	0 	0 	1460 		46 	0 	10 	163 	0 			263 	639 	0 			0 	3924 
Mayotte	0 		0 	0 					0 		0 	0 		0 	0 			0 	0 		0 					0 		0 	0 					0 	0 			0 		0 	0 		0 		0 			0 		0 			0 				0 	0 	0 	0 				0 			0 			0 		0 			0 	0 
Mexico	201 	3 	347 	657 	1329 		2 	432 	287 	14 	3 	4850 	2847 	451 	193 	2 	2 	8 	135 	0 	1931 			225 	1418 	4354 	10 	17 	636 	2 	3 	15 		2722 	1 	15 	4180 	2416 	108 	4 	146 		0 	1 	10901 	0 	7 			4448 	9 	C 	1473 		78 	43 	C 	142 	0 	2 	835 	5 		538 	492 	917 	71 	0 		13970 	108450 	6 		4 	C 	172361 
Micronesia, Federated States of	0 		0 	0 				0 	0 		0 	0 		0 	0 			0 	0 		0 					0 		0 	0 						0 			0 		0 	0 		0 		0 					0 			0 				0 	0 	0 	0 				0 		0 	0 			0 		0 			0 	0 
Moldova	0 		0 	0 				0 	0 		0 	0 		0 	0 			0 	0 		25 				0 	0 		0 	0 					4 	0 			0 		0 	0 		0 		2 					0 			0 				0 	0 	2 	0 				0 		0 	0 			0 		0 			C 	32 
Monaco	0 		0 	0 				0 	0 		0 	0 		0 	0 			0 	0 		0 					0 		0 	0 	0 				0 	0 		9 	0 		0 	0 		0 	1 	1 					0 			0 				0 	0 	0 	0 				1 			0 			0 	10 	0 			0 	21 
Mongolia	0 		0 	0 					0 		0 	0 		0 	0 			0 	0 		0 					0 		0 	0 					0 	0 			0 		0 	0 		0 		0 					0 			0 				0 	0 	0 	0 				0 		0 	0 			0 		0 			C 	0 
Montenegro	0 		0 	0 				0 	0 		0 	0 		0 	0 			0 	0 		0 				12 	0 								0 	0 			0 	2 	0 	0 		0 		0 					0 			0 				0 	0 	0 	0 				0 		0 	0 			0 		0 				14 
Montserrat	0 		C 	0 				0 	0 		0 	0 		0 	0 			0 	0 		0 					0 		0 	0 					7 	0 			0 		0 	0 		0 		0 					0 			0 		14 		0 	0 	0 	0 				0 			0 			0 		0 			0 	21 
Morocco	0 		C 	40 			0 	18 	14 		0 	4 		0 	3 			0 	1 		12 	13 			630 	65 		0 	21 	0 				12 	0 		41 	17 	37 	0 	0 	58 	0 	1 	149 			3 		32 	0 		5 				0 	11 	0 	0 				880 	4 	47 	0 			137 	416 	0 			0 	2669 
Mozambique	0 		0 	0 					0 		0 	0 		0 	0 			0 	0 		0 					0 		0 	0 					0 	0 			0 		0 	0 		0 		0 			2 		0 			0 				0 	19 	0 	0 				0 		0 	0 			0 		0 			0 	21 
Myanmar	0 		0 	0 				1 	0 		0 	0 		0 	0 			0 	0 		0 					0 		0 	0 					0 	0 			0 		0 	0 		0 		0 					0 			0 				0 	0 	0 	0 	0 			0 		0 	0 			0 		0 			0 	1 
Namibia	0 		0 	0 				0 	0 		0 	0 		0 	0 			0 	0 		0 					-4 		0 	0 					1 	0 			0 		0 	0 		0 		9 			11 		0 			0 				0 	0 	0 	0 			43 	0 	11 	0 	0 			8 	2 	0 			0 	82 
Nauru	0 		0 	0 				0 	0 		0 	0 		0 	0 			0 	0 		0 					0 		0 	0 					0 	0 			1 		0 	0 		0 		0 					0 			0 				0 	0 	0 	0 				0 		0 	0 			2 		0 			0 	3 
Nepal	0 		0 	0 					0 		0 	0 		0 	0 			0 	0 		0 					0 		0 	0 			0 		1 	0 			0 		0 	0 		0 		0 					0 			0 				0 	0 	0 	0 				0 		0 	0 			0 		0 			0 	2 
Netherlands	40 	39 	17306 	25459 	13 	685 	170 	64118 	5486 	74 	70 	14826 	652 	192 	13052 	695 	280 	73 	913 	2407 	7915 	30 	486 	13273 	220724 	174937 	41 	2712 	4620 	294 	312 	0 	343 	55535 	215 	446 	78456 	76981 	10455 	1558 	1867 	273 	5 	28 	116582 	155 	554 	812 	637 		341 	280 	13042 	0 	11 	164 	1007 	9544 	8 	565 	6055 	612 	104 	58288 	10746 	54236 	59 	132 		167892 	234065 	61 			60749 	1534760 
Netherlands Antilles	0 	18 	C 	1096 		17 	442 	2383 	100 	3 	7 	1097 	37 	2 	965 	10 	1 	0 	18 	65 	183 		9 	20 	63336 	5599 		121 	555 	45 				495 	10 		2324 	8529 	135 	0 	41 		0 	3 	3996 	0 				1947 			299 		140 		C 	503 	0 	2 				2985 	22 	2595 	0 			2225 	58173 	1 		4 	C 	160558 
New Zealand	0 		3931 	148 				72 	350 	0 	0 	665 	33 	0 	594 	2 		0 	79 		27 	2 		36 	335 	431 		0 	84 	1 				1574 	3 	13 	114 	4928 	907 	9 	2 	15 	0 	0 	1494 	2 		0 		327 	21 		308 				C 	31 	0 	0 	856 		3 	303 	244 	1041 	55 			4206 	11372 	0 	13 		C 	34630 
Nicaragua	0 		0 	0 				1 	0 		0 	0 		0 	C 			0 	0 		7 					0 		0 	0 					1 	0 		318 	0 		0 	0 		0 		7 					0 			1 		52 		0 	0 	0 	0 				0 		0 	0 			0 	28 	0 		102 	0 	518 
Niger	0 		0 	0 				0 	0 		0 	0 		0 	0 			0 	0 		0 					0 		0 	0 					3 	0 			0 		0 	0 		0 		17 					0 			0 				0 	0 	0 	0 				0 		0 	0 			0 		0 			0 	20 
Nigeria	0 		0 	1 					0 		0 	0 		0 	43 			0 	0 		10 	6 		C 	4 	0 		0 	167 					21 	0 		7 	0 	112 	0 	0 		0 	1 	50 			130 		30 			0 				0 	0 	0 	0 			32 	0 	2 	0 	0 			2736 	0 	0 			0 	3352 
Niue	0 		0 	0 					0 		0 	0 		0 	0 			0 	0 		0 					0 		0 	0 					0 	0 		0 	0 		0 	0 		0 		0 					0 			0 				0 	0 	0 	0 				0 			0 			0 		0 			0 	1 
Norfolk Island	0 		0 	0 					0 		0 	0 		0 	0 			0 	0 		0 					0 		0 	0 					0 	0 			0 		0 	0 		0 		0 					0 			0 				0 	0 	0 	0 				0 			0 			0 		0 			0 	0 
Norway	0 	1 	1118 	1711 	34 	57 	210 	1893 	537 	3 	11 	3218 	198 	5 	3600 	125 	12 	20 	381 	140 	4419 	1 	38 	2871 	7728 	15562 		13 	1178 	46 	1107 			7344 	71 	134 	1766 	20588 	2222 	19 	453 		1 	1 	17127 	6 	118 	18 		4087 	23 	C 			2 	3 	5 	431 	0 	0 	1618 	5 	9 	1833 	12565 	5319 	1 	23 		24499 	50573 	0 			C 	197103 
Oman	0 		0 	5 		30 		1 	0 		0 	4 		0 	2 			0 	0 		3 	1 			2 	18 		0 	16 					58 	0 		1 	4 	79 	0 	0 	122 	0 	4 	131 			2 		57 			4 				0 	0 	0 	0 				0 		0 	0 			371 	0 	0 			0 	915 
Pakistan	0 		2 	8 			0 	0 	14 		0 	9 		0 	77 			0 	0 		87 	2 			7 	26 		0 	17 					49 	0 		12 	13 	6 	0 	7 	99 	0 	0 	289 	5 		58 		96 			0 				0 	15 	0 	0 	0 			0 	5 	7 	0 	0 		271 	1026 	0 			0 	2208 
Palau	0 		0 	0 				0 	0 		0 	0 		0 	0 			0 	0 		0 					0 		0 	0 					0 	0 			0 		0 	0 		0 		0 					0 			0 				0 	0 	0 	0 				0 		0 	0 			0 		0 			0 	0 
Panama	37 		13 	104 	66 		1 	27 	5 	59 	0 	777 	67 	6 	130 		25 	25 	16 	0 	470 			8 	344 	383 		0 	41 			0 		278 	1 		214 	376 	16 	9 	5 		0 	0 	2112 				1 	709 	4 		89 				C 	19 	0 	50 		1 		36 	9 	1202 	0 			896 	26069 	1 		3 	C 	34705 
Papua New Guinea	0 		C 	7 				1 	3 		0 	63 		0 	12 			0 	0 		0 				25 	14 		0 	2 					4 	0 		8 	29 		0 	0 		0 		317 	0 				16 			76 				0 	0 	0 	0 				0 		44 	0 			114 	1298 	0 			C 	2033 
Paraguay	0 		0 	0 				0 	0 	15 	0 	0 		0 	2 			0 	0 		0 					-1 		0 	0 					0 	0 			0 		0 	0 		0 		1 					0 			0 				0 	0 	0 	0 			2 	0 		0 	0 			0 		0 			0 	18 
Peru	15 		13 	109 	14 		0 	38 	3 	0 	0 	118 	9 	126 	8 		2 	2 	8 	0 	401 			0 	207 	410 		4 	142 					333 	0 		211 	345 	14 	0 	9 		0 	0 	2096 					469 	16 		14 		46 		0 	31 	0 	0 		1 		33 	17 	35 	0 			1242 	3763 	0 			C 	10304 
Philippines	0 		282 	198 			0 	59 	39 	0 	0 	280 	71 	4 	973 	0 		37 	0 		872 			25 	1438 	1283 		14 	548 	0 		0 	2 	1349 	0 		453 	1602 	67 	14 	29 	0 	0 	0 	3587 	26 		5 		1060 	5 	C 	26 				C 	34 	0 	0 	1819 	2 	0 	87 	29 	392 	1 	1 		4310 	10989 	0 		0 	C 	32015 
Pitcairn Islands	0 		C 	0 				0 	0 		0 	0 		0 	0 			0 	0 		0 					0 			0 					0 	0 			0 		0 	0 		0 		0 					0 			0 				0 	0 	0 	0 				0 			0 			0 		0 			0 	0 
Poland	0 		86 	7133 			0 	1227 	11 	1 	0 	331 		0 	20 	4 		0 	142 	644 	963 		241 	783 	2998 	11812 	2 	781 	152 	199 				5807 	0 	2 	686 	4086 	27 	7 	26 		10 		13277 					2821 	1 	C 	454 					233 	17 	21 	382 	130 		455 	750 	603 	2 			6896 	11816 	0 			C 	76041 
Portugal	0 		172 	1798 	4 			8704 	35 	152 	0 	422 	266 	0 	222 	23 		0 	114 	198 	353 	0 	2 	962 	37050 	24935 		216 	241 	4 	49 			39864 	0 	4 	7805 	2160 	1349 	0 	12 	24 	1 	0 	11676 	0 				8900 		C 	2929 				C 		0 	8 	544 	5 	0 	8043 	424 	1179 	1 	184 		10497 	6485 	0 			4067 	182082 
Puerto Rico	0 		0 	1 				0 	5 	9 	0 	46 		0 	4 			0 	0 		1 			C 	4 	0 			0 					12 	0 		4 	3 		0 	0 		0 		24 	2 				7 	0 		921 				0 	0 	0 	0 				0 	0 		0 			0 		0 		0 	C 	1044 
Qatar	0 		C 	67 		778 		0 	4 		0 	11 		15 	83 			0 	128 		93 	10 			11 	150 			6 					240 	0 		5 	149 	27 	0 	21 	1869 	0 	4 	152 					174 			65 	1 		0 	C 	0 	0 	0 				0 		8 	51 			758 	0 	0 			0 	4879 
Reunion	0 		0 	0 					0 		0 	0 		0 	0 			0 	0 		0 					0 			0 					4 	0 		0 	0 		0 	0 		0 		9 			1 		4 			0 				0 	0 	0 	0 				0 			0 			0 		0 			0 	18 
Romania	0 		C 	938 				42 	90 		19 	5 		0 	3 			0 	177 	12 	58 	0 	100 	0 	158 	739 		781 	36 	10 				149 	0 		225 	7 		0 	0 		1 	0 	926 					267 	1 		6 			4 	9 	0 		0 		7 	0 	18 	140 	33 	0 			863 	381 	0 			C 	6201 
Russian Federation	3 	1 	365 	3562 	72 		1 	565 	583 	3 	39 	1443 	63 	6 	117 	1 	1 	15 	4044 	374 	2709 	1 	227 	2316 	2697 	4890 		524 	4161 	46 				4611 	3 		1617 	2957 	2095 	34 	544 		34 	2 	24252 				2 	5350 	11 		828 		1 	123 	73 	52 	0 		915 	28 	0 	211 	6956 	3194 	32 	38 	1 	29130 	48441 	0 	500 		C 	160864 
Rwanda	0 		0 	0 					0 		0 	0 		0 	0 			0 	0 		0 					0 		0 	0 					0 	0 			0 		0 	0 		0 		0 					0 			0 				0 	0 	0 	0 				0 		0 	0 			0 		0 			0 	0 
Saint Helena	0 		0 	0 				16 	0 		0 	0 		0 	0 			0 	0 		0 					0 		0 	0 					0 	0 			0 		0 	0 		0 		0 	0 				0 			0 				0 	0 	0 	0 				0 		0 	0 			0 		0 			0 	16 
Saint Pierre and Miquelon	0 		0 	0 				0 	0 		0 	0 		0 	0 			0 	0 		0 					0 		0 	0 					0 	0 			0 		0 	0 		0 		0 					0 			0 				0 	0 	0 	0 				0 			0 			0 		0 			0 	0 
Samoa	0 		0 	0 				0 	0 	1 	0 	0 		0 	0 			0 	0 		0 					0 		0 	0 					0 	0 			0 		0 	0 		0 		0 					0 			0 				0 	0 	0 	0 				0 		0 	0 			0 		0 			0 	1 
San Marino	0 		0 	0 				0 	0 		0 	0 		0 	0 			0 	0 		0 					0 		0 	0 					0 	0 		160 	0 		0 	0 		0 		0 					0 			0 				0 	0 	0 	0 				0 		0 	0 			0 		0 			0 	161 
Sao Tome and Principe	0 		0 	0 				0 	0 		0 	0 		0 	0 			0 	0 		0 					0 		0 	0 					0 	0 			0 		0 	0 		0 		0 					0 			0 				0 	0 	0 	0 				0 		0 	0 			0 		0 			0 	0 
Saudi Arabia	0 		C 	79 		2654 		21 	0 		0 	0 		0 	264 	17 		0 	188 		5 	499 			50 	90 		0 	199 		0 	0 		119 	0 		9 	8 	20 	0 	32 	1448 	0 	3 	236 	55 		1 		12 			1 	229 		15 	0 	0 	0 	0 				10 		4 	0 			611 	0 	0 			0 	6877 
Senegal	0 		0 	0 					0 		0 	0 		0 	0 			0 	0 		4 				11 	0 		0 	0 					0 	0 			0 	77 	0 	0 		0 		25 					0 			0 				0 	0 	0 	0 				0 		3 	0 			17 	1 	0 			0 	137 
Serbia, Republic of	0 		C 	132 				0 	0 		2 	10 		0 	0 			0 	0 		0 		38 		5 	46 		229 	48 					22 	0 		58 	35 		0 	0 	47 	0 		137 					24 			0 				0 	50 	0 	0 				0 	153 	0 	0 			79 	205 	0 			C 	1320 
Seychelles	0 		0 	4 				0 	0 	3 	0 	0 	8 	0 	0 			0 	0 		44 				3 	29 		3 	0 					0 	0 		5 	0 		0 	0 		0 	0 	36 			33 		0 			0 				0 	0 	0 	0 			0 	0 		2 	0 			6 	2 	0 			0 	179 
Sierra Leone	0 		0 	0 				0 	0 		0 	0 		0 	0 			0 	0 		0 					0 		0 	0 					0 	0 			0 		0 	0 		0 		0 					66 			0 				0 	0 	0 	0 				0 		0 	0 			0 		0 			0 	66 
Singapore	0 	1 	1789 	273 	60 	71 	20 	234 	1726 	0 	0 	2821 	60 	10 	8683 	156 		0 	21 	1 	651 	4 		423 	1731 	2209 	2 	13 	398 	3 	14 	5 	226 	3757 	13 	15 	568 	7498 	371 	8 	881 	3 	0 	0 	9489 	1629 		3054 		4233 	3 	C 	1505 			622 	C 	15 	0 	1 		1 	4 	113 	1351 	1237 	529 			17404 	52731 	0 	15 		C 	128654 
Sint Maarten																																																																												
Slovak Republic	0 		0 	1226 				132 	0 		0 	20 		0 	2 			0 	22 	562 	28 		7 		119 	1912 		0 	10 					49 	0 		22 	14 		0 	4 		0 		1030 					194 			0 				29 	0 	5 	0 				86 	4 	30 	0 			427 	299 	0 			C 	6233 
Slovenia	0 		0 	500 				704 	0 		4 	0 		0 	C 			0 	35 	82 	3 		11 	0 	161 	4970 		0 	2 					96 	0 		44 	1 	2 	0 	0 		0 		752 					111 			43 				C 	5 	0 	0 		5 		19 	47 	47 	0 			1003 	144 	0 			C 	8792 
Solomon Islands	0 		0 	0 				0 	0 		0 	0 		0 	0 			0 	0 		0 					0 		0 	0 					0 	0 			0 		0 	0 		0 		0 					0 			0 				0 	0 	0 	0 				0 		0 	0 			0 		0 			0 	0 
Somalia	0 		0 	0 				1 	0 		0 	0 		0 	0 			0 	0 		0 					0 		0 	0 					0 	0 		0 	0 		0 	0 		0 		0 					0 			0 				0 	0 	0 	0 				0 		0 	0 			0 		0 			0 	1 
South Africa	0 	1 	283 	446 			1 	83 	917 	1 	0 	1715 	9 	6 	84 	0 		0 	79 	1 	841 	18 			1466 	2313 		20 	546 	15 		9 		1837 	112 	10 	700 	2030 	159 	0 	115 		0 	1 	9159 	7 		901 		3210 	2 	C 	870 		4 	32 	C 	175 	0 	0 	857 	1 		24 	256 	1020 	104 	0 		12524 	42687 	0 		0 	C 	85652 
South Sudan																																																																												
Spain	704 	1 	2888 	12201 	39 		44 	33145 	1009 	435 	0 	7094 	158 	2 	1278 	3 	39 	18 	70 	278 	7151 	3 	21 	12170 	208102 	220753 	29 	960 	1376 	16 	423 		0 	75850 	20 	27 	33308 	33429 	2644 	212 	117 	32 	0 	3 	97850 	7 	52 	1 	95 	64047 	104 	C 	19686 			35 	57 	16242 	0 	34 	2650 	12 	19 		8816 	8207 	50 	0 		103888 	110956 	1 		7 	32199 	1121070 
Sri Lanka	0 		0 	1 				9 	0 		0 	1 		0 	29 			0 	0 		19 			0 	2 	1 		0 	1 			10 		20 	0 		0 	0 		0 	0 		0 	0 	114 	0 		97 		8 			1 				0 	0 	0 	0 	32 			0 	1 	4 	0 			203 	182 	0 			0 	736 
St. Kitts and Nevis	0 		0 	0 			2 		0 		0 	0 		0 	0 			0 	0 		0 					0 		0 	0 					0 	0 		18 	0 		0 	0 		0 		0 					0 			0 				0 	0 	0 	11 				0 			0 			0 	3 	0 			0 	34 
St. Lucia	0 		0 	14 	16 		3 	0 	0 		0 	0 		0 	0 			0 	5 		0 					0 		0 	0 					0 	0 			0 		0 	0 		0 		0 					0 			0 				0 	0 	0 	0 				0 		1 	0 			4 	66 	0 			C 	110 
St. Vincent and the Grenadines	0 		0 	0 			3 		0 		0 	0 		0 	0 			0 	0 		0 					-28 		0 	0 					0 	0 			0 		0 	0 		0 		0 					0 			0 				0 	0 	0 	0 				0 		88 	0 			0 		0 			0 	63 
Sudan	0 		0 	0 					0 		0 	0 		0 	0 			0 	0 		0 	13 				0 		0 	0 					0 	0 			0 		0 	0 	94 	0 	9 	1 					0 			0 				0 	0 	0 	0 				0 		0 	0 			8 		0 			0 	125 
Suriname	0 		0 	0 					9 		0 	0 		0 	0 			0 	0 		0 					0 		0 	0 					0 	0 			0 		0 	0 		0 		0 					0 			0 				0 	0 	0 	0 				0 		0 	0 			0 		0 			0 	9 
Swaziland	0 		0 	0 					0 		0 	0 		0 	0 			0 	0 		2 					0 		0 	0 					0 	0 			0 		0 	0 		0 		0 					0 			0 				0 	0 	0 	0 			8 	0 		0 	0 			0 		0 			0 	10 
Sweden	7 	1 	1796 	2359 		4352 	480 	4581 	4013 	3 	2 	4891 	278 	1 	3249 	44 	48 	0 	759 	131 	20551 	13 	82 	24764 	22128 	24495 	22 	40 	2135 	53 	828 		0 	19316 	1540 	165 	4533 	25214 	5579 	29 	266 	101 	3 	6 	48143 	4 	35 	41 	1 	12986 	14 	C 	15266 		1 	40 	857 	914 	0 	50 	1694 	3 	6 	4025 		8545 	56 	0 		40367 	102067 	31 			C 	414002 
Switzerland	12 	6 	3820 	3256 	51 	126 	432 	6374 	1493 	261 	0 	14262 	129 	100 	1329 	65 	13 	0 	41 	60 	7105 	40 	23 	2824 	37303 	37999 	43 	551 	2272 	88 	188 		23 	19979 	81 	175 	7725 	17212 	3111 	61 	1077 	29 	0 	278 	47164 	56 	130 	17 	13 	16925 	33 	397 	7819 		28 	5 	801 	590 	0 	59 	3112 	27 	296 	4274 	11215 		0 	24 		71254 	264243 	30 		13 	4539 	603080 
Syrian Arab Republic	0 		0 	0 				0 	0 		0 	0 		0 	0 			0 	0 		0 	8 				-4 		0 	0 					0 	0 			0 		0 	0 	24 	0 		0 					0 			0 				0 	0 	0 	0 				0 		0 	0 			0 		0 			0 	28 
Taiwan Province of China	16 	1 	C 	261 			5 	148 	1063 	0 	0 	3316 		5 	4455 	17 		0 	1 	1 	935 	0 		428 	1796 	1561 	2 	0 	482 	0 		20 		3555 	1 	10 	854 	2656 	302 	0 	104 		0 	0 	14886 	89 		819 		4754 	1 	C 	552 				C 	13 	0 	0 	5571 		74 	1 	1042 	980 	4 			25828 	74448 	0 			C 	151056 
Tajikistan	0 		0 	0 					0 		0 	0 		0 	0 			0 	0 		0 					0 		0 	0 					0 	0 			0 		0 	0 		0 		0 					0 			0 				0 	0 	0 	0 				0 		0 	0 			0 		0 			C 	0 
Tanzania	0 		0 	0 					0 		0 	0 		0 	0 			0 	0 		0 					0 		0 	0 					3 	0 			0 		0 	0 		0 		0 			56 		0 			0 				0 	0 	0 	0 				0 	0 	0 	0 			14 		0 			0 	74 
Thailand	0 		392 	75 			0 	41 	132 	0 	0 	738 	7 	5 	1420 	14 		0 	7 	0 	236 	0 		191 	452 	684 		1 	281 	35 	1 	4 	12 	1050 	11 	4 	333 	1192 	63 	0 	141 	9 	0 	0 	5541 	53 		276 		905 	3 	C 	181 			26 	0 	0 	0 	0 	5202 		9 	3 	77 	229 				5734 	13046 	0 			C 	38817 
Timor-Leste, Dem. Rep. of	0 		0 	0 				0 	0 		0 	0 		0 	0 			0 	0 		0 					0 		0 	0 					0 	0 			0 		0 	0 		0 		0 					0 			0 				0 	0 	0 	0 				0 		0 	0 			0 		0 			0 	0 
Togo	0 		0 	0 				0 	0 		0 	0 		0 	0 			0 	0 		0 					0 		0 	0 					0 	0 			0 		0 	0 		0 		0 			42 		0 			0 				0 	0 	0 	0 				0 		0 	0 			0 		0 			0 	42 
Tokelau Islands	0 		0 	0 				0 	0 		0 	0 		0 	0 			0 	0 		0 					0 		0 	0 					0 	0 			0 		0 	0 		0 		0 					0 			0 				0 	0 	0 	0 				0 			0 			0 		0 			0 	0 
Tonga	0 		0 	0 					0 		0 	0 		0 	0 			0 	0 		0 					0 		0 	0 					0 	0 			0 		0 	0 		0 		0 					0 			0 				0 	0 	0 	0 				0 		0 	0 			0 		0 			0 	0 
Trinidad and Tobago	0 		0 	3 			199 	0 	10 		0 	3 	25 	11 	C 			0 	7 		2 					34 		0 	0 					14 	0 			123 		0 	0 		0 		12 					8 	11 		0 				0 	0 	0 	0 				0 		472 	0 			321 	711 	0 			C 	1967 
Tunisia	0 		C 	184 				10 	0 		0 	0 		0 	1 			0 	147 		25 	14 		C 	183 	618 		0 	7 					130 	0 		107 	792 	59 	0 	1 	40 	0 	0 	221 	0 		2 		166 			9 				0 	8 	0 	0 				7 		10 	5 			232 	608 	0 			C 	3589 
Turkey	0 		C 	1417 	5 	3884 	0 	608 	5 	0 	58 	420 		10 	36 		0 	0 	-12 	90 	1261 	80 	9 	35 	1513 	3274 		861 	656 	1 		14 		1238 	0 	14 	1331 	988 	86 	0 	8 	152 	0 	1 	9460 		5269 	1 		3931 	3 		381 		19 		307 	153 	0 	44 	204 	5 		201 	707 	2178 	0 			20485 	15284 	0 		0 	C 	76676 
Turkmenistan	0 		0 	0 				0 	0 		0 	0 		0 	0 			0 	0 		0 					0 		0 	0 					0 	0 			0 		0 	0 		0 		0 					0 			0 				0 	0 	0 	0 				0 		0 	0 			0 		0 			C 	0 
Turks and Caicos Islands	0 		0 	0 			1 		0 	1 	0 	0 		0 	0 			0 	0 	0 	0 					0 		0 	4 	0 				0 	0 			0 		0 	0 		0 		0 			3 		0 			0 		6 		0 	0 	0 	0 				0 		0 	0 			0 		0 			0 	15 
Tuvalu	0 		0 	0 					0 		0 	0 		0 	0 			0 	0 		0 					0 		0 	0 					0 	0 			0 		0 	0 		0 		0 					0 			0 				0 	0 	0 	0 				0 		0 	0 			0 		0 			0 	0 
Uganda	0 		0 	0 					0 		0 	0 		0 	1 			0 	0 		0 					0 		0 	0 					0 	0 			0 	31 	0 	0 		0 		3 			6 		0 			3 				0 	0 	0 	0 			6 	0 		0 	0 			0 		0 			0 	50 
Ukraine	0 		C 	236 				23 	0 	0 	3 	84 	10 	0 	6 			0 	92 	6 	244 	12 	50 	0 	36 	603 		245 	94 	18 				299 	0 		185 	188 	27 	2 	0 		4 	0 	702 					1047 	0 		4 		0 	18 	C 	17 	0 	3 		0 		328 	57 	44 	0 	0 		4003 	1507 	1 			C 	10197 
United Arab Emirates	0 		C 	428 		1639 		114 	28 		0 	35 	77 	0 	922 	75 		0 	2461 		17 	66 		0 	181 	763 		8 	129 					1069 	919 		79 	142 	51 	0 	34 	1529 	0 	22 	975 	89 		133 		173 			424 	3 		12 	0 	0 	0 	4 	763 		1 	44 		415 	0 			4443 	0 	0 			C 	18265 
United Kingdom	89 	19 	26681 	19849 		1905 	2427 	31010 	52440 	170 	42 	64749 	3135 	803 	71975 	910 	409 	61 	3388 	1469 	23246 	229 	212 	17683 	250527 	164896 	283 	26081 	25111 	57 	2211 	0 	30 	308536 	21805 	1795 	46040 	145272 	85069 	1582 	4927 	1964 	6 	341 	195898 	1023 	1336 	444 	73 	123650 	793 	2526 	42874 	5 	67 	588 	371 	11506 	244 	1047 	51486 	197 	35451 	65902 	47764 	52917 	430 	64 	58 		1075579 	20 		270 	108071 	3230085 
United States	14159 	282 	129639 	27100 	10892 	10162 	10494 	54878 	282094 	1284 	230 	324382 	59094 	28124 	64871 	1219 	6496 	792 	2366 	1718 	49459 	461 	327 	16456 	244902 	270331 	45 	7190 	38566 	918 	2758 	31 	109 	395711 	1956 	21353 	103636 	797608 	132546 	9237 	38176 	4606 	12 	510 	417048 	823 	1003 	671 	9622 	316113 	5094 	11259 	96223 	0 	2797 	3091 	2253 	9366 	8 	4684 	77360 	581 	14803 	52164 	93465 	119843 	424 	903 		834510 		999 	44 	6650 	1193438 	6442417 
Uruguay	4 		0 	126 	11 			14 	3 	51 	0 	48 		11 	2 			6 	0 	0 	415 		0 	C 	56 	292 		1 	205 					232 	0 		114 	256 	10 	0 	3 		0 	0 	792 					287 	0 		0 				0 	18 	0 	0 			1 	26 		31 	0 	1 		274 	1694 				C 	4986 
US Pacific Islands	0 		0 	0 				0 	0 		0 	0 		0 	0 			0 	0 		0 					0 		0 	0 					0 	0 		0 	0 		0 	0 		0 		0 					0 			0 				0 	0 	0 	0 				0 			0 			0 		0 			0 	0 
US Virgin Islands	0 		0 	4 					9 	2 	0 	0 		0 	0 	2 	2 	0 	0 		0 			1 	2 	3 		0 	32 					13 	430 		1 	667 		0 	0 		0 		47 					8 	4 		0 				0 	0 	0 	0 				0 	39 		0 			120 		0 			0 	1387 
Uzbekistan	0 		0 	0 					0 		0 	0 		0 	0 			0 	0 		0 					0 		0 	0 					0 	0 			0 		0 	0 		0 		0 					0 			0 				0 	0 	0 	0 				0 		0 	0 			6 		0 			C 	6 
Vanuatu	0 		0 	0 					0 		0 	0 		0 	0 			0 	0 		0 					0 		0 	0 					0 	0 		0 	0 		0 	0 		0 	2 	0 					0 			0 				0 	0 	0 	0 				0 		0 	0 			0 		0 			0 	2 
Vatican	0 		0 	0 				0 	0 		0 	0 		0 	0 			0 	0 		0 					3 		0 	0 					0 	0 			0 		0 	0 		0 		0 					0 			0 				0 	0 	0 	0 				0 		0 	0 			0 		0 			0 	3 
Venezuela, Republica Bolivariana de	0 		C 	228 				35 	3 	6 	0 	130 	2 	1 	6 		6 	3 	45 		887 			C 	1271 	968 		12 	662 	0 				794 	0 		611 	537 	12 	0 	8 		0 	3 	1951 	0 				1125 	46 		20 		88 	6 	0 	75 	0 	0 		3 	3 	125 	0 	104 	0 	6 		2849 	6096 	5 			C 	18730 
Vietnam	0 		C 	17 				1 	0 		0 	16 	2 	0 	278 			0 	55 		60 			0 	16 	119 	2 	0 	13 					30 	0 		3 	37 		0 	126 		0 	0 	90 			81 		24 			2 				0 	0 	0 	0 	275 			2 	3 	2 	14 			454 	238 	0 			C 	1960 
Virgin Islands, British	0 		C 	573 			2 	1025 	2788 	388 	0 	1347 	22 	0 	8101 	132 		0 	82 	38 	64 		7 	139 	6170 	286 	20 	5 	3495 	1 	66 		1 	2853 	100 	7 	2410 	1004 	624 	1 	185 	59 	0 	27 	6648 	16 		293 		470 	4118 		74 		6 		C 	1000 	0 	63 	685 		102 	466 	135 		5 			4167 	10996 	0 			C 	61266 
Wallis and Futuna	0 		0 	0 					0 		0 	0 		0 	0 			0 	0 		0 					0 		0 	0 					0 	0 			0 		0 	0 		0 		0 					0 			0 				0 	0 	0 	0 				0 		0 	0 			0 		0 			0 	0 
West Bank and Gaza	0 		0 	0 				0 	0 		0 	0 		0 	0 			0 	0 		0 					0 		0 	0 					5 	0 			0 		0 	0 		0 	1 	0 					0 			0 				0 	0 	0 	0 				0 		0 	0 			0 		0 			0 	6 
Western Sahara	0 		0 	0 					0 		0 	0 		0 	0 			0 	0 		0 					0 		0 	0 					0 	0 			0 		0 	0 		0 		0 					0 			0 				0 	0 	0 	0 				0 			0 			0 		0 			0 	0 
Yemen, Republic of	0 		0 	0 					0 		0 	0 		0 	C 			0 	0 		0 			C 		0 		0 	0 					0 	0 			0 		0 	0 	75 	0 		0 					0 			0 				0 	0 	0 	0 				0 		0 	0 			0 		0 			0 	75 
Zambia	0 		0 	0 					0 		0 	0 		0 	0 			0 	0 		2 				21 	0 		0 	0 					8 	0 			0 		0 	0 		0 		0 			1 		0 			0 				0 	0 	0 	0 			5 	0 	0 	0 	0 			20 	19 	0 			0 	77 
Zimbabwe	0 		0 	0 					0 		0 	0 		0 	0 			0 	0 		0 				0 	0 		26 	4 			0 		3 	0 		0 	0 		0 	0 		0 		8 			1 		0 			0 				0 	0 	0 	0 			37 	0 	0 	0 	0 			0 	203 	0 			0 	282 
Not Specified (including Confidential)	21 	6 	22180 	0 		1497 	21 	65 	1874 		0 	818 		0 	992 	6 		0 	0 		2996 		1 	1283 	250 	1 	79 	12456 	0 		401 			8479 	793 	6960 	9 	696 		202 	1624 	1270 	1794 	29 	215 	86 	977 	102 		16098 		5913 	6899 		1 		1225 	1947 	61 	2 	21418 		28 	67765 	561 	78872 	181 	16 		65952 	5929 	2 	32 	5296 	191116 	537493 
International Organizations	0 		3 	2540 		60 	176 	4917 	1799 		184 	2011 	1 	20 	2576 	298 	730 	1 	13 	1199 	2 	134 	25 	233 	23672 	10230 	22 	2702 	806 	6 	48 	31 		3649 	57 		58315 	96237 	905 	650 	0 		3 		9493 		9 			607 	49 	C 	7582 			23 	403 	1005 	152 	411 		221 	120 	4931 	754 	4850 	0 			70790 	21911 	5 		380 	220681 	558632 
World	19110 	485 	278810 	352400 	19678 	39572 	21239 	676551 	448661 	10610 	1250 	631565 	85109 	56294 	580552 	10388 	9005 	1318 	27033 	25492 	251884 	2434 	4822 	216014 	2463960 	2266371 	1129 	88496 	183731 	6006 	18817 	284 	1507 	1620218 	47787 	35715 	1140617 	2343482 	357692 	20106 	97766 	23157 	2041 	2393 	2430920 	7188 	14932 	81550 	12037 	1327585 	26674 	29598 	434670 	246 	5806 	7156 	13821 	160337 	1664 	12267 	377822 	4277 	70637 	666658 	394558 	896372 	4831 	3127 	64 	3140509 	5972356 	2329 	680 	13825 	2558358 	33164405 