COUNTRY	Argentina	Aruba	Australia	Austria	Bahamas, The	Bahrain, Kingdom of	Barbados	Belgium	Bermuda	Brazil	Bulgaria	Canada	Cayman Islands	Chile	China, P.R.: Hong Kong	China, P.R.: Macao	Colombia	Costa Rica	Cyprus	Czech Republic	Denmark	Egypt	Estonia	Finland	France	Germany	Gibraltar	Greece	Guernsey	Hungary	Iceland	India	Indonesia	Ireland	Isle of Man	Israel	Italy	Japan	Jersey	Kazakhstan	Korea, Republic of	Kuwait	Lebanon	Luxembourg	Malaysia	Malta	Mauritius	Mexico	Netherlands	Netherlands Antilles	New Zealand	Norway	Pakistan	Panama	Philippines	Poland	Portugal	Romania	Russian Federation	Singapore	Slovak Republic	South Africa	Spain	Sweden	Switzerland	Thailand	Turkey	Ukraine	United Kingdom	United States	Uruguay	Vanuatu	Venezuela, República Bolivariana de	SEFER + SSIO (**)	Value of Total Investment
Afghanistan, Islamic Republic of	0 	0 	0 	0 	0 	0 	0 	0 	0 	0 	0 	0 	0 	0 	0 	0 		0 	0 	0 	0 	0 		0 	0 	0 	0 	0 	0 	0 	0 	0 	0 	0 	0 	0 	0 	0 	0 	0 	0 	0 	0 	0 	0 		0 	0 	0 	0 	0 	5 	0 	0 	0 	0 	0 	0 	0 		0 	0 	0 	0 	0 	0 	0 	0 	0 	0 	0 	0 	0 	0 	5 
Albania	0 	0 	0 	0 	0 	0 	0 	12 	0 	0 	0 	0 	0 	0 	0 	0 	0 	0 	0 	0 	0 	0 		0 	3 	1 	0 	18 	0 	0 	0 	0 	0 	17 	0 	0 	25 	0 	0 	0 	0 	0 	0 	1 	0 		0 	0 	0 	0 	0 	6 	0 	0 	0 	0 	0 	0 	0 		0 	0 	0 	0 	0 	0 	0 	0 	0 	6 	0 	0 	0 	C 	88 
Algeria	0 	0 	0 	1 	0 	0 	0 	0 	0 	0 	0 	0 	0 	0 	1 	0 	0 	0 	0 	0 	0 	0 		0 	21 	2 	0 	0 	0 	0 	0 	0 	0 	7 	0 	0 	0 	4 	5 	0 	0 	0 	0 	1 	0 		215 	0 	0 	0 	0 	0 	0 	0 	0 	0 	0 	0 	0 		0 	0 	0 	0 	0 	0 	0 	0 	60 	0 	0 	0 	0 	0 	317 
American Samoa	0 	0 	0 	0 	0 	0 	0 	0 	0 	0 	0 	0 	0 	0 	0 	0 	0 	0 	0 	0 	0 	0 		0 	0 	0 	0 	0 	0 	0 	0 	0 	0 	0 	0 	0 	0 	0 	0 	0 	0 	0 	0 	0 	0 		0 	0 	0 	0 	0 	0 	0 	0 	0 	0 	0 	0 	0 		0 	0 	0 	0 		0 	0 	0 	0 	0 	0 	0 	0 	0 	0 
Andorra	0 	0 	0 	0 	0 	0 	0 	0 	0 	0 	0 	0 	0 	0 	0 	0 	0 	0 	0 	0 	0 	0 	2 	0 	0 	0 	0 	0 	9 	0 	0 	0 	0 	4 	0 	0 	0 	3 	0 	0 	0 	0 	0 	3 	0 		0 	0 	0 	0 	0 	0 	0 	0 	0 	0 	0 	0 	0 		0 	0 	0 	0 	0 	0 	0 	0 	C 	5 	0 	0 	0 	0 	25 
Angola	0 	0 	0 	0 	0 	0 	0 	0 	0 	0 	0 	0 	0 	0 	0 	0 	0 	0 	0 	0 	0 	0 		0 	0 	0 	0 	0 	0 	0 	0 	0 	0 	4 	0 	0 	0 	0 	0 	0 	0 	0 	0 	0 	0 		0 	0 	0 	0 	0 	0 	0 	0 	0 	0 	84 	0 	0 		0 	11 	0 	0 	0 	0 	0 	0 	C 	0 	0 	0 	0 	0 	98 
Anguilla	0 	0 	0 	0 	0 	0 	0 	0 	0 	0 	0 	0 	0 	0 	C 	0 	0 	0 	0 	0 	0 	0 		0 	65 	0 	0 	0 	2 	0 	0 	0 	0 	0 	1 	0 	0 	0 	0 	0 	0 	0 	0 	0 	0 		0 	0 	0 	2 	0 	0 	0 	0 	0 	0 	0 	0 	0 		0 	0 	0 	0 		0 	0 	0 	181 	3 	0 	0 	0 	0 	254 
Antigua and Barbuda	0 	0 	0 	0 	0 	0 	0 	0 	0 	0 	0 	0 	0 	0 	0 	0 	0 	0 	0 	0 	0 	0 		0 	0 	0 	0 	0 	0 	0 	0 	0 	0 	0 	0 	0 	0 	0 	0 	0 	0 	0 	0 	2 	0 		0 	0 	7 	0 	0 	0 	0 	0 	0 	0 	0 	0 	0 		0 	0 	1 	0 		0 	0 	0 	C 	34 	0 	0 	0 	0 	45 
Argentina		0 	29 	221 	90 	0 	0 	140 	36 	49 	0 	87 	133 	39 	23 	0 	2 	5 	10 	0 	380 	0 		0 	316 	7 	2 	2 	353 	0 	6 	0 	0 	663 	0 	0 	4601 	888 	83 	0 	0 	0 	1 	2577 	0 		0 	113 	835 	30 	C 	0 	0 	28 	16 	0 	11 	0 	2 	8 	0 	0 	174 	22 	213 	0 	2 	0 	6716 	6852 	36 	0 	830 	C 	26632 
Armenia, Republic of	0 	0 	0 	0 	0 	0 	0 	0 	0 	0 	0 	0 	0 	0 	0 	0 	0 	0 	0 	0 	0 	0 		0 	0 	0 	0 	0 	0 	0 	0 	0 	0 	0 	0 	0 	0 	0 	0 	1 	0 	0 	0 	1 	0 		0 	0 	0 	0 	0 	0 	0 	0 	0 	0 	0 	0 	1 		0 	0 	0 	0 	0 	0 	0 	0 	0 	0 	0 	0 	0 	C 	3 
Aruba	0 		0 	1 	0 	0 	0 	0 	16 	2 	0 	8 	10 	0 	27 	0 	0 	0 	25 	0 	0 	0 		0 	17 	5 	0 	0 	4 	0 	0 	0 	0 	2 	0 	0 	0 		0 	0 	2 	0 	0 	27 	0 		0 	0 	298 	142 	0 	0 	0 	0 	0 	0 	0 	0 	0 		0 	0 	0 	0 	4 	0 	0 	0 	655 	1189 	0 	0 	66 	0 	2501 
Australia	6 	1 		1516 	364 	130 	294 	2090 	2723 	3 	0 	8863 	286 	0 	32228 	545 	7 	18 	532 	91 	806 	4 	12 	606 	15280 	8749 	26 	61 	993 	5 	9 	0 	203 	18489 	88 	169 	3732 	44953 	3917 	46 	491 	2 	6 	27850 	143 	214 	58 	0 	11799 	52 	5577 	4275 	0 	7 	110 	18 	398 	0 	0 	16931 	7 	165 	3986 	3460 	8318 	133 	0 	0 	67128 	128202 	1 	34 	0 	C 	427211 
Austria	12 	0 	595 		8 	26 	61 	8508 	735 	648 	15 	1008 	464 	0 	1132 	71 	5 	0 	276 	1271 	923 	4 	183 	3199 	29023 	61276 	45 	1632 	1574 	204 	10 	0 	0 	8598 	23 	172 	10028 	11716 	2536 	95 	9 	1 	15 	25974 	28 	524 	0 	0 	14749 	12 	31 	2671 	0 	0 	0 	289 	1488 	259 	3 	702 	481 	5 	3811 	1220 	23216 	5 	8 	0 	12552 	17281 	55 	0 	0 	11956 	263417 
Azerbaijan, Republic of	0 	0 	0 	0 	0 	0 	0 	0 	0 	0 	0 	0 	0 	0 	0 	0 	0 	0 	0 	0 	0 	0 		0 	0 	1 	0 	0 	0 	0 	0 	0 	0 	0 	0 	0 	1 	0 	0 	0 	0 	0 	0 	1 	0 		0 	0 	0 	0 	0 	0 	0 	0 	0 	0 	0 	0 	0 		0 	0 	0 	0 	1 	0 	0 	0 	C 	0 	0 	0 	0 	C 	4 
Bahamas, The	0 	0 	0 	21 		0 	0 	29 	2912 	263 	0 	82 	158 	0 	37 	4 	0 	0 	53 	0 	157 	13 	1 	0 	1362 	144 	0 	0 	883 	0 	0 	0 	0 	202 	7 	0 	248 	2596 	174 	0 	0 	146 	1 	805 	0 		0 	174 	33 	729 	0 	18 	0 	188 	4 	0 	37 	0 	24 		0 	5 	65 	18 	1335 	0 	0 	0 	C 	3266 	0 	0 	0 	C 	16193 
Bahrain, Kingdom of	0 	0 	0 	32 	0 		0 	0 	146 	0 	0 	0 	0 	0 	111 	0 	0 	0 	8 	0 	1 	25 		0 	15 	7 	0 	0 	1 	0 	0 	0 	0 	48 	1 	0 	7 	0 	28 	0 	9 	2732 	15 	60 	24 		0 	0 	17 	0 	0 	2 	0 	0 	0 	0 	0 	0 	0 		0 	11 	0 	0 	7 	0 	0 	0 	221 	0 	0 	0 	0 	0 	3527 
Bangladesh	0 	0 	0 	0 	0 	0 	0 	0 	0 	0 	0 	0 	0 	0 	174 	0 	0 	0 	0 	0 	18 	0 		0 	0 	0 	0 	0 	4 	0 	0 	0 	0 	2 	0 	0 	0 	0 	0 	0 	0 	0 	0 	2 	0 		4 	0 	0 	0 	0 	18 	0 	0 	0 	0 	0 	0 	0 		0 	0 	0 	0 	0 	0 	0 	0 	91 	0 	0 	0 	0 	C 	313 
Barbados	0 	0 	0 	0 	19 	0 		3 	2 	0 	0 	2 	10 	0 	0 	0 	0 	0 	42 	0 	0 	0 		0 	53 	0 	0 	0 	2 	0 	0 	0 	0 	131 	0 	0 	3 	87 	0 	0 	0 	0 	0 	18 	0 		0 	0 	0 	6 	0 	0 	0 	0 	0 	0 	0 	0 	0 		0 	0 	11 	0 	0 	0 	0 	0 	265 	272 	0 	0 	0 	C 	925 
Belarus	0 	0 	0 	0 	0 	0 	0 	9 	0 	0 	0 	0 	0 	0 	0 	0 	0 	0 	0 	0 	0 	0 	0 	0 	0 	0 	0 	0 	0 	0 	0 	0 	0 	0 	0 	0 	0 	0 	0 	0 	0 	0 	0 	0 	0 		0 	0 	0 	0 	0 	0 	0 	0 	0 	0 	0 	0 	2 		0 	0 	0 	0 	0 	0 	0 	0 	0 	0 	0 	0 	0 	C 	12 
Belgium	0 	0 	632 	4301 	0 	10 	24 		600 	162 	147 	1292 	1 	2 	646 	10 	0 	1 	111 	1646 	2259 	11 	150 	2311 	69219 	18014 	17 	87 	1199 	51 	18 	0 	0 	9809 	41 	20 	11253 	17647 	1295 	84 	71 	0 	0 	49334 	0 	95 	6 	0 	30192 	11 	43 	1658 	0 	0 	50 	108 	1479 	1 	2 	967 	26 	3 	11379 	2055 	5938 	1 	0 	0 	13308 	24664 	1 	0 	0 	18111 	302576 
Belize	0 	0 	0 	1 	0 	0 	2 	0 	0 	4 	0 	0 	17 	0 	0 	0 	0 	0 	0 	0 	0 	0 		0 	0 	2 	0 	0 	0 	0 	0 	0 	0 	0 	0 	0 	1 	0 	7 	0 	0 	0 	0 	4 	0 		0 	0 	0 	5 	0 	0 	0 	22 	0 	0 	0 	0 	0 		0 	0 	0 	0 	25 	0 	0 	0 	C 	50 	0 	0 	0 	C 	142 
Benin	0 	0 	0 	0 	0 	0 	0 	0 	0 	0 	0 	0 	0 	0 	0 	0 	0 	0 	0 	0 	0 	0 		0 	0 	0 	0 	0 	0 	0 	0 	0 	0 	0 	0 	0 	0 	0 	0 	0 	0 	0 	0 	0 	0 		0 	0 	0 	0 	0 	0 	0 	0 	0 	0 	0 	0 	0 		0 	0 	0 	0 	0 	0 	0 	0 	0 	0 	0 	0 	0 	0 	0 
Bermuda	0 	0 	0 	893 	23 	310 	51 	494 		20 	0 	5564 	150 	1 	45068 	225 	1 	0 	3 	15 	1025 	3 	7 	314 	6352 	1890 	0 	92 	3596 	1 	6 	0 	0 	2562 	440 	14 	4489 	14697 	301 	13 	814 	12 	5 	12163 	44 		14 	0 	4340 	758 	C 	1236 	1 	4 	0 	2 	125 	0 	0 	3536 	1 	2164 	265 	2421 	4532 	0 	1 	0 	7496 	186662 	26 	0 	0 	C 	315243 
Bhutan	0 	0 	0 	0 	0 	0 	0 	0 	0 	0 	0 	0 	0 	0 	0 	0 	0 	0 	0 	0 	0 	0 		0 	0 	0 	0 	0 	0 	0 	0 	0 	0 	0 	0 	0 	0 	0 	0 	0 	0 	0 	0 	0 	0 		0 	0 	0 	0 	0 	0 	0 	0 	0 	0 	0 	0 	0 		0 	0 	0 	0 	0 	0 	0 	0 	0 	0 	0 	0 	0 	C 	0 
Bolivia	0 	0 	0 	0 	0 	0 	0 	0 	0 	0 	0 	0 	1 	1 	0 	0 	0 	0 	0 	0 	0 	0 		0 	1 	5 	0 	0 	0 	0 	0 	0 	0 	0 	0 	0 	0 	0 	0 	0 	0 	0 	0 	2 	0 		0 	0 	0 	0 	0 	0 	0 	0 	0 	0 	0 	0 	0 		0 	0 		0 	0 	0 	0 	0 	0 	0 	0 	0 	0 	0 	9 
Bonaire, Sint Eustatius and Saba																																																																											
Bosnia and Herzegovina	0 	0 	0 	13 	0 	0 	0 	0 	0 	0 	0 	0 	0 	0 	0 	0 	0 	0 	0 	0 	44 	0 		0 	1 	6 	0 	0 	9 	0 	0 	0 	0 	2 	0 	0 	10 	0 	0 	0 	0 	4 	0 	45 	0 		0 	0 	11 	0 	0 	0 	0 	0 	0 	0 	0 	0 	0 		0 	0 	0 	5 	0 	0 	0 	0 	C 	114 	0 	0 	0 	C 	265 
Botswana	0 	0 	0 	0 	0 	0 	0 	0 	0 	0 	0 	0 	0 	0 	0 	0 	0 	0 	0 	0 	0 	0 		0 	21 	0 	0 	0 	5 	0 	0 	0 	0 	0 	0 	0 	0 	0 	0 	0 	0 	0 	0 	14 	0 		70 	0 	2 	0 	0 	0 	0 	0 	0 	0 	0 	0 	0 		0 	30 	0 	0 	0 	0 	0 	0 	C 	4 	0 	0 	0 	0 	147 
Brazil	809 	0 	454 	749 	5555 	0 	3 	320 	204 		1 	3739 	10926 	390 	110 	6 	31 	30 	14 	9 	2051 	144 	0 	212 	1821 	4681 	3 	76 	899 	1 	0 	0 	0 	2307 	4 	0 	4403 	2970 	294 	0 	19 	0 	14 	13788 	1 		0 	123 	4686 	116 	C 	844 	0 	216 	38 	C 	1616 	0 	0 	304 	2 	6 	1818 	368 	1285 	0 	37 	0 	11745 	90285 	866 	0 	12 	C 	171404 
British Indian Ocean Territory	0 	0 	0 	0 	0 	0 	0 	0 	0 	0 	0 	0 	0 	0 	0 	0 	0 	0 	0 	0 	0 	0 		0 	0 	0 	0 	0 	0 	0 	0 	0 	0 	0 	0 	0 	0 	0 	0 	0 	0 	0 	0 	0 	0 		0 	0 	0 	0 	0 	1 	0 	0 	0 	0 	0 	0 	0 		0 	0 	0 	0 		0 	0 	0 	C 	0 	0 	0 	0 	0 	1 
Brunei Darussalam	0 	0 	0 	0 	0 	0 	0 	0 	0 	0 	0 	0 	0 	0 	25 	0 	0 	0 	0 	0 	0 	0 		0 	0 	0 	0 	0 	59 	0 	0 	0 	0 	503 	0 	0 	0 	0 	0 	0 	0 	0 	0 	0 	0 		0 	0 	0 	0 	0 	0 	0 	0 	0 	0 	0 	0 	0 		0 	0 	0 	0 	0 	0 	0 	0 	0 	0 	0 	0 	0 	0 	587 
Bulgaria	0 	0 	1 	416 	0 	0 	0 	1 	0 	0 		0 	0 	0 	0 	0 	0 	0 	56 	0 	98 	0 	48 	0 	45 	419 	0 	455 	7 	0 	0 	0 	0 	47 	0 	0 	70 	23 	31 	0 	0 	0 	0 	356 	0 		0 	0 	168 	0 	0 	-4 	0 	0 	0 	0 	0 	0 	0 		2 	0 	13 	15 	9 	0 	0 	0 	870 	428 	0 	0 	0 	C 	3575 
Burkina Faso	0 	0 	0 	0 	0 	0 	0 	0 	0 	0 	0 	0 	0 	0 	0 	0 	0 	0 	0 	0 	0 	0 		0 	0 	0 	0 	0 	0 	0 	0 	0 	0 	0 	0 	0 	0 	0 	0 	0 	0 	0 	0 	0 	0 		0 	0 	0 	0 	0 	0 	0 	0 	0 	0 	0 	0 	0 		0 	0 	0 	0 	2 	0 	0 	0 	0 	0 	0 	0 	0 	0 	2 
Burundi	0 	0 	0 	0 	0 	0 	0 	1 	0 	0 	0 	0 	0 	0 	0 	0 	0 	0 	0 	0 	0 	0 		0 	0 	0 	0 	0 	0 	0 	0 	0 	0 	0 	0 	0 	0 	0 	0 	0 	0 	0 	0 	0 	0 		0 	0 	0 	0 	0 	0 	0 	0 	0 	0 	0 	0 	0 		0 	0 	0 	0 	0 	0 	0 	0 	0 	0 	0 	0 	0 	0 	1 
Cambodia	0 	0 	0 	0 	0 	0 	0 	0 	0 	0 	0 	0 	0 	0 	C 	0 	0 	0 	0 	0 	0 	0 		0 	0 	0 	0 	0 	0 	0 	0 	0 	0 	0 	0 	0 	0 	0 	0 	0 	0 	0 	0 	3 	0 		0 	0 	0 	0 	0 	0 	0 	0 	0 	0 	0 	0 	0 		0 	0 	0 	0 	0 	17 	0 	0 	0 	0 	0 	0 	0 	0 	20 
Cameroon	0 	0 	0 	0 	0 	0 	0 	8 	0 	0 	0 	0 	0 	0 	0 	0 	0 	0 	0 	0 	0 	0 		0 	5 	0 	0 	0 	0 	0 	0 	0 	0 	0 	0 	0 	0 	0 	0 	0 	0 	0 	0 	0 	0 		0 	0 	0 	0 	0 	0 	0 	0 	0 	0 	0 	0 	0 		0 	0 	0 	0 	1 	0 	0 	0 	C 	0 	0 	0 	0 	C 	14 
Canada	14 	3 	3822 	1785 	61 	57 	618 	1939 	2962 	14 	0 		559 	5 	6745 	124 	4 	36 	452 	78 	2366 	15 	3 	244 	14813 	10836 	52 	18 	1414 	5 	188 	0 	0 	17447 	50 	109 	2971 	41525 	1042 	122 	78 	1 	10 	27670 	19 	43 	31 	1 	9001 	370 	499 	4718 	0 	4 	7 	C 	126 	0 	38 	3119 	5 	34 	1546 	2716 	10210 	0 	1 	0 	20150 	418925 	3 	4 	1 	11556 	623382 
Cabo Verde	0 	0 	0 	0 	0 	0 	0 	0 	0 	0 	0 	0 	0 	0 	0 	0 	0 	0 	0 	0 	0 	0 		0 	0 	0 	0 	0 	0 	0 	0 	0 	0 	0 	0 	0 	0 	0 	0 	0 	0 	0 	0 	0 	0 		0 	0 	0 	5 	0 	0 	0 	0 	0 	0 	69 	0 	0 		0 	0 	0 	0 	0 	0 	0 	0 	0 	0 	0 	0 	0 	0 	75 
Cayman Islands	1 	0 	C 	9270 	515 	2891 	20 	3809 	17289 	849 	0 	9203 		263 	54819 	320 	18 	2 	284 	331 	2000 	29 	6 	2992 	53515 	23484 	3 	2770 	14163 	0 	37 	0 	3 	26790 	803 	191 	21698 	297696 	19874 	6 	3684 	732 	4 	46254 	21 	195 	80 	265 	13952 	7739 	0 	2433 	0 	140 	178 	108 	14091 	0 	0 	4959 	40 	30 	20024 	2221 	33383 	113 	23 	0 	97664 	248770 	9 	0 	243 	C 	1063299 
Central African Republic	0 	0 	0 	0 	0 	0 	0 	0 	0 	0 	0 	0 	0 	0 	0 	0 	0 	0 	0 	0 	0 	0 		0 	0 	0 	0 	0 	0 	0 	0 	0 	0 	0 	0 	0 	0 	11 	0 	0 	0 	0 	0 	0 	0 		0 	0 	0 	0 	0 	0 	0 	0 	0 	0 	0 	0 	0 		0 	0 	0 	0 	0 	0 	0 	0 	0 	0 	0 	0 	0 	0 	11 
Chad	0 	0 	0 	0 	0 	0 	0 	0 	0 	0 	0 	0 	0 	0 	0 	0 	0 	0 	0 	0 	0 	0 		0 	0 	0 	0 	0 	0 	0 	0 	0 	0 	0 	0 	0 	0 	0 	0 	0 	0 	0 	0 	0 	0 		0 	0 	0 	0 	0 	0 	0 	0 	0 	0 	0 	0 	0 		0 	0 	0 	0 	0 	0 	0 	0 	0 	0 	0 	0 	0 	0 	0 
Chile	81 	0 	C 	54 	343 	0 	0 	24 	133 	6 	0 	84 	175 		118 	0 	0 	2 	14 	0 	198 	0 		0 	82 	127 	0 	0 	623 	0 	0 	0 	0 	132 	0 	0 	147 	315 	19 	0 	15 	0 	0 	837 	0 		73 	14 	426 	13 	C 	40 	0 	44 	0 	0 	0 	0 	0 		2 	0 	257 	36 	90 	0 	0 	0 	1234 	12099 	5 	0 	1 	C 	17863 
China, P.R.: Hong Kong	0 	1 	1760 	243 	0 	2 	0 	256 	4652 	0 	0 	3605 	1 	1 		1772 	0 	0 	16 	6 	903 	0 	0 	423 	4097 	1175 	7 	2 	618 	1 	20 	4 	0 	7073 	64 	36 	908 	8924 	239 	11 	1018 	3 	1 	11361 	196 		557 	0 	3953 	10 	C 	692 	0 	0 	114 	C 	21 	0 	0 	16757 	1 	20 	41 	1371 	1076 	31 	0 	0 	28994 	46225 	0 	0 	0 	C 	149266 
China, P.R.: Macao	0 	0 	0 	0 	0 	0 	0 	0 	0 	0 	0 	0 	0 	0 	33 		0 	0 	0 	0 	0 	0 		0 	0 	0 	0 	0 	0 	0 	0 	0 	0 	0 	0 	0 	0 	0 	0 	0 	0 	0 	0 	2 	0 		0 	0 	0 	0 	0 	0 	0 	0 	0 	0 	99 	0 	0 		0 	0 	0 	0 	0 	0 	0 	0 	C 	0 	0 	0 	0 	0 	134 
China, P.R.: Mainland	2 	0 	C 	173 	0 	0 	1 	104 	544 	1 	0 	873 	112 	1 	41302 	506 	0 	0 	29 	8 	669 	1 		214 	2008 	842 	0 	4 	216 	1 	2 	0 	102 	3369 	41 	14 	616 	4074 	153 	0 	101 	6 	0 	6506 	14 		4887 	0 	1516 	4 	C 	438 	0 	0 	41 	C 	14 	0 	0 	7045 	1 	5 	42 	286 	471 	4 	0 	0 	10408 	28443 	0 	0 	0 	C 	116213 
Christmas Island	0 	0 	0 	0 	0 	0 	0 	0 	0 	0 	0 	0 	0 	0 	0 	0 	0 	0 	0 	0 	0 	0 		0 	0 	0 	0 	0 	0 	0 	0 	0 	0 	0 	0 	0 	0 		0 	0 	0 	0 	0 	0 	0 		0 	0 	0 	0 	0 	0 	0 	0 	0 	0 	0 	0 	0 		0 	0 	0 	0 		0 	0 	0 	0 	0 	0 	0 	0 	0 	0 
Cocos (Keeling) Islands	0 	0 	0 	0 	0 	0 	0 	37 	0 	0 	0 	0 	0 	0 	0 	0 	0 	0 	0 	0 	0 	0 		0 	0 	0 	0 	0 	0 	0 	0 	0 	0 	0 	0 	0 	0 		0 	0 	0 	0 	0 	0 	0 		0 	0 	0 	0 	0 	0 	0 	0 	0 	0 	0 	0 	0 		0 	0 	0 	0 		0 	0 	0 	0 	0 	0 	0 	0 	0 	37 
Colombia	4 	0 	11 	72 	51 	0 	10 	4 	35 	4 	0 	36 	111 	44 	2 	0 		9 	0 	0 	469 	0 		0 	104 	303 	0 	4 	162 	0 	0 	0 	0 	934 	0 	0 	358 	380 	10 	0 	0 	0 	0 	783 	0 		0 	18 	444 	26 	0 	0 	0 	495 	0 	C 	0 	0 	0 		1 	0 	157 	0 	50 	0 	1 	0 	2744 	5019 	7 	0 	2 	C 	12865 
Comoros	0 	0 	0 	0 	0 	0 	0 	0 	0 	0 	0 	0 	0 	0 	0 	0 	0 	0 	0 	0 	0 	0 		0 	0 	0 	0 	0 	0 	0 	0 	0 	0 	0 	0 	0 	0 	0 	0 	0 	0 	0 	0 	0 	0 		0 	0 	0 	0 	0 	0 	0 	0 	0 	0 	0 	0 	0 		0 	0 	0 	0 	0 	0 	0 	0 	0 	0 	0 	0 	0 	0 	0 
Congo, Democratic Republic of	0 	0 	0 	0 	0 	0 	0 	2 	0 	0 	0 	0 	0 	0 	0 	0 	0 	0 	0 	0 	0 	0 		0 	5 	0 	0 	0 	0 	0 	0 	0 	0 	1 	0 	0 	0 	0 	0 	0 	0 	0 	0 	4 	0 		0 	0 	1 	0 	0 	0 	0 	0 	0 	0 	0 	0 	0 		0 	0 	0 	0 	0 	0 	0 	0 	C 	0 	0 	0 	0 	0 	14 
Congo, Republic of	0 	0 	0 	0 	0 	0 	0 	0 	0 	0 	0 	0 	0 	0 	0 	0 	0 	0 	0 	0 	0 	0 		0 	0 	0 	0 	0 	0 	0 	0 	0 	0 	0 	0 	0 	0 	0 	0 	0 	0 	0 	0 	0 	0 		0 	0 	0 	0 	0 	0 	0 	0 	0 	0 	0 	0 	0 		0 	0 	0 	0 	0 	0 	0 	0 	0 	0 	0 	0 	0 	0 	0 
Cook Islands	0 	0 	0 	0 	0 	0 	0 	0 	0 	0 	0 	0 	0 	0 	0 	0 	0 	0 	0 	0 	0 	0 		0 	0 	0 	0 	0 	0 	0 	0 	0 	0 	0 	18 	0 	0 	0 	0 	0 	0 	0 	0 	0 	0 		0 	0 	0 	0 	0 	0 	0 	0 	0 	0 	0 	0 	0 		0 	0 	0 	0 		0 	0 	0 	0 	73 	0 	0 	0 	0 	91 
Costa Rica	1 	0 	0 	9 	23 	0 	5 	0 	0 	5 	0 	1 	3 	1 	1 	0 	0 		0 	0 	8 	0 		0 	12 	21 	0 	0 	0 	0 	0 	0 	0 	2 	0 	0 	1 	0 	2 	0 	0 	0 	0 	38 	0 		0 	0 	2 	0 	0 	5 	0 	660 	1 	0 	0 	0 	0 		0 	0 	0 	0 	4 	0 	0 	0 	C 	439 	0 	0 	4 	0 	1250 
Cote d'Ivoire	0 	0 	0 	2 	0 	0 	0 	8 	0 	0 	0 	0 	0 	0 	2 	0 	0 	0 	22 	0 	77 	0 		0 	57 	7 	0 	40 	4 	0 	0 	0 	0 	38 	0 	0 	3 	0 	5 	0 	0 	0 	0 	48 	0 		8 	0 	4 	0 	0 	3 	0 	0 	0 	0 	0 	0 	0 		0 	0 	0 	0 	264 	0 	0 	0 	C 	92 	0 	0 	0 	C 	684 
Croatia	0 	0 	C 	1087 	0 	0 	0 	32 	14 	0 	9 	23 	0 	0 	1 	0 	0 	0 	37 	35 	32 	0 	86 	0 	226 	1261 	0 	20 	12 	44 	0 	0 	0 	131 	0 	0 	167 	276 	17 	0 	1 	0 	0 	902 	0 	28 	0 	0 	567 	0 	0 	139 	0 	0 	0 	6 	17 	0 	0 		21 	0 	6 	75 	68 	0 	0 	0 	1202 	703 	0 	0 	0 	C 	7244 
Cuba	0 	0 	0 	0 	0 	0 	0 	0 	0 	0 	0 	0 	0 	0 	0 	0 	0 	0 	0 	0 	0 	0 		0 	0 	0 	0 	0 	2 	0 	0 	0 	0 	0 	0 	0 	0 	58 	7 	0 	0 	0 	0 	1 	0 		0 	0 	2 	0 	0 	6 	0 	0 	0 	0 	0 	0 	0 		0 	0 	0 	0 	236 	0 	0 	0 	-73 	0 	0 	0 	0 	0 	240 
Curacao																																																																											
Curacao & St. Maarten																																																																											
Cyprus	0 	0 	0 	2106 	0 	0 	0 	179 	0 	0 	0 	0 	2 	0 	618 	1 	0 	0 		148 	16 	0 	6 	0 	324 	1348 	0 	788 	164 	6 	4 	0 	0 	189 	0 	14 	113 	10 	79 	2 	0 	0 	0 	740 	0 	50 	0 	0 	199 	0 	0 	5 	0 	0 	0 	2 	124 	0 	41 		0 	0 	80 	11 	422 	0 	0 	0 	1027 	210 	0 	0 	0 	C 	9030 
Czech Republic	0 	0 	C 	1266 	0 	0 	0 	559 	1 	0 	0 	18 	0 	0 	C 	0 	0 	0 	105 		213 	0 	25 	88 	447 	2369 	0 	41 	74 	75 	0 	0 	0 	875 	0 	0 	174 	449 	50 	0 	0 	0 	0 	3874 	0 		0 	0 	477 	0 	C 	94 	0 	0 	0 	75 	66 	0 	0 	26 	116 	0 	79 	235 	108 	0 	0 	0 	2004 	1742 	0 	0 	0 	C 	15725 
Denmark	3 	0 	456 	4156 	28 	0 	1 	4813 	888 	2 	4 	1676 	137 	0 	1235 	0 	0 	15 	110 	18 		1 	35 	3746 	8663 	15314 	72 	63 	1777 	1 	646 	0 	0 	9121 	326 	37 	1706 	9740 	1906 	38 	11 	0 	2 	14593 	4 	115 	0 	0 	4463 	282 	C 	10377 	0 	2 	0 	80 	244 	0 	0 	821 	1 	12 	1760 	7546 	4567 	1 	0 	0 	38518 	25275 	3 	0 	0 	C 	175411 
Djibouti	0 	0 	0 	0 	0 	0 	0 	0 	0 	0 	0 	0 	0 	0 	0 	0 	0 	0 	0 	0 	0 	0 		0 	0 	0 	0 	0 	0 	0 	0 	0 	0 	0 	0 	0 	0 	0 	0 	0 	0 	0 	0 	0 	0 		0 	0 	0 	0 	0 	0 	0 	0 	0 	0 	0 	0 	0 		0 	0 	0 	0 	0 	0 	0 	0 	0 	0 	0 	0 	0 	0 	0 
Dominica	0 	0 	0 	0 	0 	0 	0 		0 	0 	0 	0 	0 	0 	0 	0 	0 	0 	0 	0 	0 	0 		0 	0 	0 	0 	0 	0 	0 	0 	0 	0 	0 	0 	0 	0 	0 	0 	0 	0 	0 	0 	1 	0 		0 	0 	0 	0 	0 	0 	0 	0 	0 	0 	0 	0 	0 		0 	0 	0 	0 	0 	0 	0 	0 	0 	0 	0 	0 	0 	C 	1 
Dominican Republic	1 	0 	C 	17 	0 	0 	3 	0 	15 	0 	0 	28 	0 	8 	0 	0 	0 	0 	0 	0 	48 	0 		0 	22 	58 	0 	0 	0 	0 	0 	0 	0 	19 	0 	0 	17 	16 	5 	0 	0 	0 	0 	165 	0 		0 	0 	35 	11 	0 	0 	0 	2 	0 	0 	0 	0 	0 		0 	0 	0 	0 	2 	0 	0 	0 	267 	763 	0 	0 	0 	C 	1501 
Ecuador	0 	0 	C 	38 	17 	0 	0 	0 	1 	0 	0 	9 	1 	0 	4 	0 	0 	15 	10 	0 	130 	0 		0 	11 	40 	0 	1 	18 	2 	0 	0 	0 	96 	0 	0 	136 	18 	9 	0 	0 	0 	4 	228 	0 		0 	130 	177 	2 	0 	0 	0 	67 	6 	0 	0 	0 	0 		0 	0 	216 	0 	20 	0 	1 	0 	C 	983 	8 	0 	4 	C 	2404 
Egypt	0 	0 	7 	2 	0 	0 	0 	1 	11 	0 	0 	258 	2 	0 	12 	0 	0 	0 	2 	0 	27 			0 	92 	28 	0 	65 	314 	0 	0 	0 	0 	96 	0 	0 	75 	51 	38 	0 	3 	187 	2 	941 	1 		0 	0 	107 	6 	0 	37 	0 	0 	0 	0 	0 	0 	0 		0 	11 	0 	2 	20 	0 	0 	0 	2063 	3755 	0 	0 	0 	C 	8216 
El Salvador	0 	0 	C 	15 	48 	0 	6 	0 	10 	0 	0 	3 	14 	0 	3 	0 	0 	10 	0 	0 	32 	0 		0 	17 	46 	0 	0 	1 	0 	0 	0 	0 	13 	0 	0 	25 	26 	5 	0 	0 	0 	0 	130 	0 		0 	0 	15 	0 	0 	1 	0 	57 	0 	0 	0 	0 	0 		0 	0 	0 	0 	2 	0 	0 	0 	C 	838 	0 	0 	0 	0 	1317 
Equatorial Guinea	0 	0 	0 	0 	0 	0 	0 	0 	0 	0 	0 	0 	0 	0 	0 	0 	0 	0 	0 	0 	0 	0 		0 	0 	0 	0 	0 	0 	0 	0 	0 	0 	0 	0 	0 	0 	0 	0 	0 	0 	0 	0 	0 	0 		0 	0 	0 	0 	0 	0 	0 	0 	0 	0 	0 	0 	0 		0 	0 	0 	0 	0 	0 	0 	0 	0 	0 	0 	0 	0 	0 	0 
Eritrea	0 	0 	0 	0 	0 	0 	0 	0 	0 	0 	0 	0 	0 	0 	0 	0 	0 	0 	0 	0 	0 	0 		0 	0 	0 	0 	0 	0 	0 	0 	0 	0 	0 	0 	0 	0 	0 	0 	0 	0 	0 	0 	0 	0 		0 	0 	0 	0 	0 	0 	0 	0 	0 	0 	0 	0 	0 		0 	0 	0 	0 	0 	0 	0 	0 	0 	0 	0 	0 	0 	0 	0 
Estonia	0 	0 	0 	190 	0 	0 	0 	42 	0 	0 	0 	1 	0 	0 	C 	0 	0 	0 	30 	9 	99 	0 		402 	37 	511 	0 	0 	28 	0 	0 	0 	0 	105 	1 	0 	20 	28 	0 	0 	0 	0 	0 	501 	0 		0 	0 	76 	0 	0 	63 	0 	0 	0 	C 	3 	0 	4 		0 	0 	45 	229 	16 	0 	0 	0 	139 	97 	0 	0 	0 	C 	2677 
Ethiopia	0 	0 	0 	0 	0 	0 	0 	0 	0 	0 	0 	0 	0 	0 	0 	0 	0 	0 	0 	0 	0 	0 		0 	0 	0 	0 	0 	0 	0 	0 	0 	0 	0 	0 	0 	0 	0 	0 	0 	0 	0 	0 	0 	0 		0 	0 	0 	0 	0 	0 	0 	0 	0 	0 	0 	0 	0 		0 	0 	0 	0 	0 	0 	0 	0 	0 	0 	0 	0 	0 	0 	0 
Falkland Islands	0 	0 	0 	0 	0 	0 	0 	0 	0 	0 	0 	0 	0 	0 	0 	0 	0 	0 	0 	0 	0 	0 		0 	0 	6 	0 	0 	0 	0 	0 	0 	0 	0 	0 	0 	0 	0 	0 	0 	0 	0 	0 	0 	0 		0 	0 	1 	0 	0 	0 	0 	0 	0 	0 	0 	0 	0 		0 	0 	0 	0 	4 	0 	0 	0 	C 	1 	0 	0 	0 	0 	13 
Faroe Islands	0 	0 	0 	0 	0 	0 	0 	0 	0 	0 	0 	0 	0 	0 	0 	0 	0 	0 	0 	0 	293 	0 		0 	0 	21 	0 	0 	0 	0 	0 	0 	0 	0 	0 	0 	0 		0 	0 	0 	0 	0 	12 	0 		0 	0 	0 	0 	0 	0 	0 	0 	0 	0 	0 	0 	0 		0 	0 	0 	0 	0 	0 	0 	0 	C 	0 	0 	0 	0 	0 	326 
Fiji	0 	0 	0 	0 	0 	0 	0 	0 	0 	0 	0 	0 	0 	0 	0 	0 	0 	0 	0 	0 	0 	0 		0 	0 	0 	0 	0 	0 	0 	0 	0 	0 	0 	0 	0 	0 	0 	0 	0 	0 	0 	0 	0 	0 		0 	0 	0 	0 	0 	0 	0 	0 	0 	0 	0 	0 	0 		0 	0 	0 	0 	0 	0 	0 	0 	0 	0 	0 	0 	0 	0 	0 
Finland	26 	1 	461 	2935 	10 	0 	11 	5917 	456 	5 	8 	1876 	58 	0 	891 	29 	3 	24 	108 	23 	3056 	2 	187 		20761 	21329 	17 	78 	1001 	2 	669 	0 	0 	6120 	252 	13 	5043 	6873 	809 	63 	24 	2 	5 	14033 	12 	168 	0 	1 	7852 	2 	C 	3658 	0 	1 	0 	24 	276 	0 	47 	651 	128 	4 	2909 	12661 	5129 	0 	0 	0 	21151 	48778 	6 	0 	0 	6471 	203112 
France	37 	7 	7983 	20286 	90 	357 	796 	84326 	8069 	359 	22 	16531 	363 	90 	8493 	281 	48 	4 	634 	1578 	11265 	85 	158 	17410 		150490 	40 	3589 	7148 	44 	439 	0 	0 	68646 	173 	732 	92998 	125937 	7790 	486 	1506 	263 	381 	161236 	216 	346 	32 	57 	117210 	54 	265 	16154 	8 	26 	120 	239 	18196 	13 	194 	9747 	92 	404 	88740 	15468 	52930 	58 	19 	0 	73871 	269945 	5 	0 	2 	155667 	1621245 
French Southern Territories	0 	0 	0 	0 	0 	0 	0 	0 	0 	0 	0 	0 	0 	0 	0 	0 	0 	0 	0 	0 	0 	0 		0 	0 	0 	0 	0 	0 	0 	0 	0 	0 	0 	0 	0 	0 	0 	0 	0 	0 	0 	0 	0 	0 		0 	0 	0 	0 	0 	0 	0 	0 	0 	0 	0 	0 	0 		0 	0 	0 	0 		0 	0 	0 	0 	0 	0 	0 	0 	0 	0 
French Territories: French Polynesia	0 	0 	0 	2 	0 	0 	0 	0 	0 	0 	0 	0 	0 	0 	C 	0 	0 	0 	0 	0 	0 	0 		0 	21 	0 	0 	0 	0 	0 	0 	0 	0 	0 	0 	0 	0 	0 	0 	0 	0 	0 	0 	3 	0 		0 	0 	0 	0 	0 	0 	0 	0 	0 	0 	0 	0 	0 		0 	0 	0 	0 	0 	0 	0 	0 	0 	0 	0 	0 	0 	0 	26 
French Territories: New Caledonia	0 	0 	0 	0 	0 	0 	0 	0 	0 	0 	0 	0 	0 	0 	0 	0 	0 	0 	0 	0 	0 	0 		0 	0 	0 	0 	0 	0 	0 	0 	0 	0 	0 	0 	0 	0 	0 	0 	0 	0 	0 	0 	0 	0 		0 	0 	0 	0 	0 	0 	0 	0 	0 	0 	0 	0 	0 		0 	0 	0 	0 	0 	0 	0 	0 	0 	0 	0 	0 	0 	0 	0 
Gabon	0 	0 	0 	0 	0 	0 	0 	1 	0 	0 	0 	0 	0 	0 	0 	0 	0 	0 	0 	0 	0 	0 		0 	268 	0 	0 	0 	0 	0 	0 	0 	0 	0 	0 	0 	0 	0 	0 	0 	0 	0 	0 	5 	0 		0 	0 	0 	0 	0 	0 	0 	0 	0 	0 	0 	0 	0 		0 	0 	1 	0 	38 	0 	0 	0 	C 	0 	0 	0 	0 	0 	313 
Gambia, The	0 	0 	0 	0 	0 	0 	0 	0 	0 	0 	0 	0 	0 	0 	C 	0 	0 	0 	0 	0 	0 	0 		0 	0 	0 	0 	0 	0 	0 	0 	0 	0 	0 	0 	0 	0 	0 	0 	0 	0 	0 	0 	0 	0 		0 	0 	0 	0 	0 	0 	0 	0 	0 	0 	0 	0 	0 		0 	0 	0 	0 	0 	0 	0 	0 	0 	0 	0 	0 	0 	0 	0 
Georgia	0 	0 	0 	0 	0 	0 	0 	4 	0 	0 	0 	0 	0 	0 	0 	0 	0 	0 	0 	0 	0 	0 		0 	0 	0 	0 	35 	2 	0 	0 	0 	0 	18 	0 	0 	0 	0 	0 	0 	0 	0 	0 	101 	0 		0 	0 	0 	0 	0 	7 	0 	0 	0 	0 	0 	0 	0 		0 	0 	0 	0 	0 	0 	0 	0 	C 	0 	0 	0 	0 	C 	167 
Germany	87 	4 	7435 	69382 	205 	1466 	490 	52588 	13315 	106 	102 	12480 	1404 	321 	10066 	412 	98 	34 	550 	1999 	32436 	131 	359 	18921 	184443 		141 	7992 	8054 	305 	430 	0 	137 	91072 	289 	432 	143018 	158382 	14870 	1516 	526 	253 	226 	258234 	77 	640 	7 	25 	186807 	90 	393 	39346 	0 	81 	208 	799 	16050 	422 	1459 	12059 	474 	211 	75200 	24426 	89201 	17 	186 	0 	106398 	213479 	9 	0 	5 	277789 	2140568 
Ghana	0 	0 	0 	0 	0 	0 	0 	0 	0 	0 	0 	0 	0 	0 	0 	0 	0 	0 	0 	0 	0 	0 		0 	0 	0 	0 	0 	4 	0 	0 	0 	0 	4 	0 	0 	0 	0 	0 	0 	0 	0 	0 	9 	0 		0 	0 	0 	0 	0 	0 	0 	0 	0 	0 	0 	0 	0 		0 	0 	0 	0 	0 	0 	0 	0 	C 	3 	0 	0 	0 	0 	20 
Gibraltar	0 	0 	0 	48 	0 	0 	0 	83 	0 	0 	0 	2 	91 	0 	0 	0 	0 	0 	0 	49 	3 	0 	0 	4 	61 	560 		0 	144 	7 	0 	0 	0 	32 	0 	0 	69 	0 	5 	0 	0 	0 	0 	778 	0 		0 	0 	210 	0 	0 	20 	0 	0 	0 	17 	145 	0 	0 		0 	0 	89 	2 	80 	0 	0 	0 	1062 	211 	0 	0 	0 	C 	3772 
Greece	0 	0 	262 	7692 	0 	0 	0 	17315 	102 	0 	1 	506 	9 	0 	197 	4 	1 	0 	497 	745 	1122 	3 	3 	2179 	40997 	35568 	0 		585 	2 	0 	0 	0 	11340 	29 	0 	17150 	5331 	205 	24 	1 	0 	0 	16440 	0 	131 	1 	0 	17240 	5 	C 	3213 	0 	0 	3 	1 	1377 	1 	0 	563 	5 	1 	3189 	1477 	1976 	0 	0 	0 	5778 	10554 	21 	0 	0 	C 	203846 
Greenland	0 	0 	0 	0 	0 	0 	0 	0 	0 	0 	0 	0 	0 	0 	0 	0 	0 	0 	0 	0 	81 	0 		0 	0 	0 	0 	0 	0 	0 	0 	0 	0 	0 	0 	0 	0 	0 	0 	0 	0 	0 	0 	0 	0 		0 	0 	0 	0 	0 	0 	0 	0 	0 	0 	0 	0 	0 		0 	0 	0 	0 	0 	0 	0 	0 	0 	0 	0 	0 	0 	0 	81 
Grenada	0 	0 	0 	0 	0 	0 	0 	0 	0 	0 	0 	0 	3 	0 	0 	0 	0 	0 	0 	0 	0 	0 		0 	11 	1 	0 	0 	0 	0 	0 	0 	0 	0 	2 	0 	0 	0 	0 	0 	0 	0 	0 	0 	0 		0 	0 	0 	1 	0 	0 	0 	0 	0 	0 	0 	0 	0 		0 	0 	0 	0 	1 	0 	0 	0 	C 	2 	0 	0 	0 	0 	21 
Guadeloupe	0 	0 	0 	0 	0 	0 	0 	0 	0 	0 	0 	0 	0 	0 	0 	0 	0 	0 	0 	0 	0 	0 		0 	0 	0 	0 	0 	0 	0 	0 	0 	0 	0 	0 	0 	0 		0 	0 	0 	0 	0 	0 	0 		0 	0 	0 	0 	0 	0 	0 	0 	0 	0 	0 	0 	0 		0 	0 	0 	0 		0 	0 	0 	0 	0 	0 	0 	0 	0 	0 
Guam	0 	0 	0 	0 	0 	0 	0 	1 	0 	0 	0 	0 	0 	0 	C 	0 	0 	0 	0 	0 	0 	0 		0 	0 	0 	0 	0 	0 	0 	0 	0 	0 	0 	3 	0 	0 	0 	0 	0 	0 	0 	0 	0 	0 		0 	0 	0 	0 	0 	0 	0 	0 	0 	0 	0 	0 	0 		0 	0 	0 	0 		0 	0 	0 	0 	0 	0 	0 	0 	0 	4 
Guatemala	0 	0 	0 	11 	195 	0 	83 	0 	0 	0 	0 	1 	3 	0 	1 	0 	0 	1 	0 	0 	18 	0 		0 	1 	11 	0 	0 	0 	0 	0 	0 	0 	18 	0 	0 	1 	7 	0 	0 	0 	0 	0 	33 	0 		0 	0 	4 	0 	0 	0 	0 	120 	0 	0 	0 	0 	0 		0 	0 	0 	0 	2 	0 	0 	0 	C 	206 	0 	0 	0 	0 	712 
Guernsey	0 	0 	0 	773 	0 	4 	42 	397 	95 	11 	0 	228 	15 	0 	393 	26 	10 	0 	2 	27 	491 	0 		276 	4697 	4908 	0 	191 		0 	0 	0 	0 	204 	552 	0 	842 	3602 	34 	0 	7 	58 	1 	2820 	0 		27 	0 	1875 	450 	0 	40 	0 	0 	0 	0 	156 	0 	0 		0 	1262 	51 	0 	9164 	17 	0 	0 	3727 	6396 	0 	0 	0 	0 	43870 
Guiana, French	0 	0 	0 	0 	0 	0 	0 	0 	0 	0 	0 	0 	0 	0 	0 	0 	0 	0 	0 	0 	0 	0 		0 	0 	0 	0 	0 	0 	0 	0 	0 	0 	0 	0 	0 	0 	0 	0 	0 	0 	0 	0 	0 	0 		0 	0 	0 	0 	0 	0 	0 	0 	0 	0 	0 	0 	0 		0 	0 	0 	0 		0 	0 	0 	0 	0 	0 	0 	0 	0 	0 
Guinea	0 	0 	0 	0 	0 	0 	0 	0 	0 	0 	0 	0 	0 	0 	0 	0 	0 	0 	0 	0 	0 	0 		0 	0 	0 	0 	0 	0 	0 	0 	0 	0 	0 	0 	0 	0 	0 	0 	0 	0 	0 	0 	0 	0 		0 	0 	0 	0 	0 	0 	0 	0 	0 	0 	0 	0 	0 		0 	0 	0 	0 	6 	0 	0 	0 	C 	0 	0 	0 	0 	0 	6 
Guinea-Bissau	0 	0 	0 	0 	0 	0 	0 	0 	0 	0 	0 	0 	0 	0 	0 	0 	0 	0 	0 	0 	0 	0 		0 	0 	0 	0 	0 	0 	0 	0 	0 	0 	0 	0 	0 	0 	0 	0 	0 	0 	0 	0 	0 	0 		0 	0 	0 	0 	0 	0 	0 	0 	0 	0 	7 	0 	0 		0 	0 	0 	0 	0 	0 	0 	0 	0 	0 	0 	0 	0 	0 	7 
Guyana	0 	0 	0 	0 	0 	0 	3 	0 	0 	0 	0 	0 	0 	0 	0 	0 	0 	0 	0 	0 	0 	0 		0 	0 	0 	0 	0 	0 	0 	0 	0 	0 	0 	0 	0 	0 	0 	0 	0 	25 	0 	0 	0 	0 		0 	0 	0 	0 	0 	0 	0 	0 	0 	0 	0 	0 	0 		0 	0 	0 	0 	0 	0 	0 	0 	C 	0 	0 	0 	0 	0 	28 
Haiti	0 	0 	0 	0 	0 	0 	0 	0 	0 	0 	0 	0 	0 	0 	0 	0 	0 	0 	0 	0 	0 	0 		0 	0 	0 	0 	0 	0 	0 	0 	0 	0 	0 	0 	0 	0 	0 	0 	0 	0 	0 	0 	0 	0 		0 	0 	0 	0 	0 	0 	0 	0 	0 	0 	0 	0 	0 		0 	0 	0 	0 	0 	0 	0 	0 	0 	0 	0 	0 	0 	0 	0 
Honduras	0 	0 	0 	0 	0 	0 	0 	0 	0 	0 	0 	0 	0 	0 	2 	0 	0 	0 	0 	0 	0 	0 		0 	7 	0 	0 	0 	0 	0 	0 	0 	0 	0 	0 	0 	0 	0 	0 	0 	0 	0 	0 	1 	0 		0 	0 	0 	0 	0 	0 	0 	105 	0 	0 	0 	0 	0 		0 	0 	0 	0 	0 	0 	0 	0 	C 	45 	0 	0 	0 	0 	160 
Hungary	0 	0 	C 	5060 	0 	0 	0 	1058 	89 	0 	6 	207 	0 	5 	35 	0 	0 	0 	113 	339 	594 	0 	99 	247 	2557 	9186 	7 	290 	73 		0 	0 	0 	2876 	0 	7 	461 	905 	19 	0 	9 	0 	0 	11546 	0 	12 	0 	0 	1193 	5 	C 	425 	0 	0 	0 	380 	139 	2 	1 	1 	122 	0 	203 	415 	287 	2 	0 	0 	777 	5635 	25 	0 	0 	C 	45411 
Iceland	0 	0 	425 	1440 	65 	0 	0 	354 	94 	0 	0 	29 	108 	0 	507 	15 	4 	0 	194 	226 	30 	0 	2 	194 	3699 	5894 	0 	59 	177 	0 		0 	0 	1879 	0 	17 	1760 	626 	3 	0 	13 	0 	0 	3469 	5 	34 	0 	0 	379 	0 	0 	384 	0 	0 	0 	41 	309 	0 	0 		32 	0 	1741 	418 	868 	0 	0 	0 	3439 	3229 	0 	0 	0 	C 	32162 
India	0 	1 	608 	274 	18 	20 	0 	84 	311 	0 	0 	1025 	42 	1 	2058 	0 	0 	0 	79 	1 	768 	1 		299 	1522 	477 	0 	0 	69 	0 	0 		27 	2818 	28 	0 	303 	2977 	183 	0 	291 	23 	0 	12531 	16 		39136 	0 	940 	6 	C 	124 	0 	4 	17 	C 	96 	0 	0 	3122 	0 	0 	3444 	235 	174 	0 	0 	0 	10125 	33226 	0 	0 	0 	C 	117504 
Indonesia	0 	0 	C 	66 	0 	0 	0 	20 	27 	0 	0 	282 	25 	1 	467 	0 	0 	0 	0 	0 	229 	0 		22 	295 	429 	0 	0 	220 	0 	0 	0 		641 	0 	0 	160 	573 	43 	0 	6 	17 	0 	2831 	26 		3823 	0 	736 	9 	C 	29 	0 	0 	8 	0 	22 	0 	0 	5096 	0 	0 	1 	66 	169 	1 	0 	0 	3066 	9025 	0 	0 	0 	C 	28433 
Iran, Islamic Republic of	0 	0 	0 	8 	0 	84 	0 	0 	0 	0 	0 	0 	0 	3 	29 	0 	0 	0 	6 	0 	0 	0 		0 	44 	46 	0 	0 	0 	0 	0 	0 	0 	0 	0 	0 	7 	0 	0 	0 	0 	0 	0 	90 	0 		0 	0 	0 	0 	0 	0 	0 	0 	0 	0 	0 	0 	2 		0 	0 	0 	0 	17 	0 	0 	0 	C 	0 	0 	0 	0 	0 	339 
Iraq	0 	0 	0 	0 	0 	0 	0 	0 	0 	0 	0 	0 	0 	0 	0 	0 	0 	0 	0 	0 	0 	0 		0 	0 	0 	0 	0 	0 	0 	0 	0 	0 	0 	0 	0 	0 	0 	0 	0 	0 	15 	0 	0 	0 		0 	0 	0 	0 	0 	0 	0 	0 	0 	0 	0 	0 	0 		0 	0 	0 	0 	0 	0 	0 	0 	C 	0 	0 	0 	0 	0 	16 
Ireland	0 	1 	508 	11195 	261 	689 	130 	13269 	3401 	18 	1 	5843 	616 	2295 	6128 	216 	150 	1 	363 	699 	5074 	2 	30 	7820 	76287 	77594 	24 	1038 	5761 	134 	690 	0 	0 		2116 	119 	48917 	36756 	6431 	60 	857 	49 	36 	38284 	231 	285 	69 	17 	22387 	156 	C 	4236 	0 	3 	18 	133 	18414 	0 	1101 	2407 	124 	4843 	18547 	8146 	16747 	375 	1 	0 	116791 	75368 	2 	0 	0 	13176 	657441 
Isle of Man	0 	0 	0 	57 	0 	0 	0 	0 	0 	0 	0 	3 	0 	0 	0 	0 	0 	0 	0 	0 	13 	0 		0 	0 	47 	0 	14 	77 	0 	0 	0 	0 	8 		0 	19 	233 	48 	0 	0 	0 	0 	132 	37 		1 	0 	28 	0 	0 	4 	0 	0 	0 	0 	0 	0 	1 		0 	255 	0 	0 	52 	55 	0 	0 	1130 	62 	0 	0 	0 	0 	2276 
Israel	0 	0 	C 	248 	0 	0 	0 	82 	153 	10 	0 	690 	152 	0 	9 	3 	0 	0 	39 	5 	208 	0 	1 	14 	417 	556 	0 	5 	101 	5 	5 	0 	0 	418 	0 		289 	977 	43 	0 	0 	0 	0 	2600 	0 		0 	0 	925 	0 	C 	121 	0 	1 	0 	C 	11 	0 	0 	69 	1 	4 	24 	56 	1134 	5 	0 	0 	3233 	44313 	2 	0 	0 	C 	56927 
Italy	10 	1 	0 	16833 	0 	0 	59 	77856 	1822 	18 	43 	5102 	93 	2 	1991 	40 	19 	7 	678 	783 	4941 	57 	112 	7181 	243557 	159906 	15 	1360 	4155 	11 	114 	0 	26 	100979 	14 	62 		62945 	1634 	181 	120 	2 	36 	124908 	13 	544 	0 	2 	91446 	183 	C 	13969 	0 	1 	304 	169 	7131 	4 	38 	3926 	91 	40 	73076 	6807 	10683 	13 	0 	0 	108309 	79393 	38 	10 	3 	34494 	1248358 
Jamaica	0 	1 	0 	17 	0 	0 	9 	46 	0 	0 	0 	0 	5 	1 	1 	0 	0 	1 	0 	0 	83 	0 		0 	21 	149 	0 	0 	1 	0 	0 	0 	0 	9 	0 	0 	22 	20 	7 	0 	0 	0 	0 	109 	0 		0 	0 	9 	8 	0 	0 	0 	1 	0 	0 	0 	0 	0 		0 	0 	86 	0 	53 	0 	0 	0 	327 	446 	0 	0 	0 	C 	1433 
Japan	68 	10 	14804 	2539 	8 	153 	85 	2916 	12579 	3 	1 	33967 	25 	21 	16684 	79 	0 	0 	125 	6 	9039 	149 	4 	2902 	76574 	33196 	24 	81 	4236 	37 	186 	1 	17 	43076 	180 	232 	16450 		2359 	501 	1463 	73 	5 	104740 	51 	40 	1104 	0 	34388 	390 	2181 	21151 	0 	0 	19 	6 	235 	0 	0 	15723 	10 	322 	2573 	13662 	18619 	53 	0 	0 	195936 	520084 	0 	0 	0 	89733 	1295878 
Jersey	0 	0 	C 	4433 	20 	0 	0 	3553 	259 	0 	0 	213 	612 	0 	1190 	0 	7 	0 	31 	152 	1027 	0 		372 	9514 	15644 	0 	1074 	875 	0 	5 	0 	0 	7254 	204 	8 	7622 	16202 		0 	269 	25 	7 	6249 	0 	76 	24 	0 	5802 	80 	0 	92 	0 	0 	0 	250 	3990 	0 	0 	29 	0 	3773 	254 	0 	27540 	0 	0 	0 	50163 	19057 	0 	0 	0 	C 	187952 
Jordan	0 	0 	0 	1 	0 	12 	0 	0 	0 	0 	0 	0 	0 	0 	1 	0 	0 	0 	11 	0 	0 	74 		0 	0 	1 	0 	0 	6 	0 	0 	0 	0 	24 	0 	0 	0 	0 	3 	0 	0 	98 	11 	53 	0 		0 	0 	8 	0 	0 	0 	0 	0 	0 	0 	0 	0 	0 		0 	0 	0 	0 	0 	0 	0 	0 	65 	72 	0 	0 	0 	0 	441 
Kazakhstan	0 	0 	0 	76 	0 	0 	0 	2 	1 	0 	0 	5 	53 	0 	6 	0 	0 	0 	4 	8 	46 	0 	2 	0 	117 	91 	0 	15 	19 	0 	0 	0 	0 	29 	0 	0 	14 	33 	2 		3 	0 	0 	280 	0 		0 	0 	97 	0 	0 	0 	0 	0 	16 	0 	0 	0 	9 		0 	0 	6 	19 	88 	0 	2 	0 	1381 	336 	0 	0 	0 	C 	2758 
Kenya	0 	0 	0 	0 	0 	0 	0 	0 	0 	0 	0 	0 	0 	0 	3 	0 	0 	0 	0 	0 	0 	0 		0 	0 	0 	0 	0 	12 	0 	0 	1 	0 	54 	0 	0 	0 	0 	29 	0 	0 	7 	0 	45 	0 		97 	0 	0 	0 	0 	0 	0 	0 	0 	0 	0 	0 	0 		0 	2 	0 	0 	1 	0 	0 	0 	C 	20 	0 	0 	0 	0 	272 
Kiribati	0 	0 	0 	0 	0 	0 	0 	0 	0 	0 	0 	0 	0 	0 	0 	0 	0 	0 	0 	0 	0 	0 		0 	0 	0 	0 	0 	0 	0 	0 	0 	0 	0 	0 	0 	0 	0 	0 	0 	5 	0 	9 	0 	0 		0 	0 	0 	0 	0 	0 	0 	0 	0 	0 	0 	0 	0 		0 	0 	0 	0 	0 	0 	0 	0 	0 	0 	0 	0 	0 	0 	13 
Korea, Democratic People's Rep. of	0 	0 	0 		0 	0 	0 		0 	0 	0 		0 		0 	0 	0 		0 	0 	0 	0 		0 		0 				0 	0 			0 	0 	0 		0 	0 	0 	0 	0 	0 	0 			0 	0 	0 		0 		0 	0 	0 	0 	0 	0 	0 		0 	0 	0 	0 		0 	0 	0 		0 	0 	0 	0 	C 	0 
Korea, Republic of	0 	1 	2069 	573 	17 	77 	0 	268 	4225 	234 	2 	5378 	6 	2 	12277 	187 	0 	0 	172 	3 	1682 	2 	2 	531 	3490 	1582 	0 	27 	747 	8 	15 	0 	1 	6884 	11 	14 	1870 	7456 	329 	2 		0 	10 	20808 	97 		167 	0 	6965 	6 	C 	2063 	0 	4 	62 	C 	22 	0 	0 	13677 	3 	9 	183 	1523 	1829 	76 	0 	0 	35815 	118507 	0 	0 	0 	C 	251969 
Kosovo, Republic of																																																																											
Kuwait	0 	0 	0 	51 	10 	471 	0 	5 	0 	0 	0 	0 	0 	0 	93 	0 	0 	0 	23 	0 	0 	11 		0 	69 	71 	0 	0 	104 	0 	0 	0 	0 	211 	0 	0 	0 	0 	0 	0 	0 		4 	43 	0 		0 	0 	0 	0 	0 	1 	0 	0 	0 	0 	0 	0 	0 		0 	0 	35 	0 	97 	0 	0 	0 	C 	0 	0 	0 	0 	0 	1300 
Kyrgyz Republic	0 	0 	0 	0 	0 	0 	0 	0 	3 	0 	0 	0 	0 	0 	0 	0 	0 	0 	0 	0 	0 	0 		0 	0 	0 	0 	0 	0 	0 	0 	0 	0 	0 	0 	0 	0 	0 	0 	0 	0 	0 	0 	1 	0 		0 	0 	0 	0 	0 	0 	0 	0 	0 	0 	0 	0 	0 		0 	0 	0 	0 	0 	0 	0 	0 	C 	0 	0 	0 	0 	C 	4 
Lao People's Democratic Republic	0 	0 	0 	0 	0 	0 	0 	0 	0 	0 	0 	0 	0 	0 	0 	0 	0 	0 	0 	0 	0 	0 		0 	0 	0 	0 	0 	0 	0 	0 	0 	0 	0 	0 	0 	0 	0 	0 	0 	0 	0 	0 	0 	0 		0 	0 	0 	0 	0 	0 	0 	0 	0 	0 	0 	0 	0 		0 	0 	0 	0 	0 	0 	0 	0 	C 	0 	0 	0 	0 	0 	0 
Latvia	0 	0 	0 	101 	0 	0 	0 	13 	0 	0 	2 	0 	0 	0 	C 	0 	0 	0 	13 	0 	1 	0 	99 	56 	59 	517 	0 	15 	3 	0 	0 	0 	0 	22 	0 	0 	5 	4 	0 	2 	0 	0 	0 	87 	0 		0 	0 	17 	0 	0 	1 	0 	0 	0 	C 	6 	0 	1 		1 	0 	1 	54 	5 	0 	0 	0 	22 	13 	0 	0 	0 	C 	1121 
Lebanon	0 	0 	0 	4 	0 	9 	0 	7 	0 	6 	0 	4 	2 	0 	7 	0 	0 	0 	40 	0 	89 	4 		0 	86 	31 	0 	0 	18 	0 	0 	0 	0 	39 	0 	0 	36 	20 	45 	0 	0 	72 		187 	0 		0 	0 	17 	0 	0 	0 	0 	0 	0 	0 	0 	0 	0 		0 	0 	0 	0 	12 	0 	0 	0 	753 	408 	0 	0 	0 	0 	1895 
Lesotho	0 	0 	0 	0 	0 	0 	0 	0 	0 	0 	0 	0 	0 	0 	0 	0 	0 	0 	0 	0 	0 	0 		0 	0 	0 	0 	0 	0 	0 	0 	0 	0 	-31 	0 	0 	0 	0 	0 	0 	0 	0 	0 	0 	0 		0 	0 	0 	0 	0 	0 	0 	0 	0 	0 	0 	0 	0 		0 	0 	0 	0 	0 	0 	0 	0 	0 	0 	0 	0 	0 	0 	-31 
Liberia	0 	0 	0 	4 	0 	0 	0 	1 	23 	0 	0 	100 	0 	0 	2 	0 	0 	0 	0 	0 	20 	0 		0 	11 	15 	0 	0 	0 	0 	0 	0 	0 	22 	0 	0 	16 	63 	2 	5 	0 	3 	0 	79 	0 		0 	0 	106 	0 	0 	344 	0 	0 	0 	0 	0 	0 	0 		0 	0 	0 	2 	22 	0 	0 	0 	175 	6748 	0 	0 	0 	C 	7765 
Libya	0 	0 	0 	0 	0 	0 	0 	0 	0 	0 	0 	0 	0 	0 	0 	0 	0 	0 	0 	0 	0 	0 		0 	0 	0 	0 	0 	0 	0 	0 	0 	0 	0 	0 	0 	0 	0 	0 	0 	0 	0 	0 	0 	0 		0 	0 	0 	0 	0 	0 	0 	0 	0 	0 	0 	0 	0 		0 	0 	0 	0 	0 	0 	0 	0 	C 	0 	0 	0 	0 	0 	0 
Liechtenstein	25 	0 	0 	39 	0 	0 	0 	1 	0 	2 	0 	0 	0 	0 	0 	0 	0 	0 	0 	0 	1 	0 	3 	0 	5 	487 	0 	0 	12 	0 	0 	0 	0 	2 	0 	0 	14 	0 	7 	0 	17 	0 	0 	36 	0 		0 	0 	2 	0 	0 	0 	0 	0 	0 	0 	0 	0 	0 		0 	15 	0 	0 		0 	0 	0 	C 	66 	0 	0 	0 	0 	737 
Lithuania	0 	0 	0 	352 	0 	0 	0 	17 	0 	0 	0 	0 	0 	0 	C 	0 	0 	0 	19 	0 	22 	0 	135 	248 	109 	1209 	0 	34 	14 	0 	0 	0 	0 	12 	0 	0 	6 	0 	14 	0 	0 	0 	0 	503 	0 		0 	0 	235 	0 	0 	13 	0 	0 	0 	0 	41 	1 	0 		0 	0 	37 	152 	70 	0 	0 	0 	C 	53 	0 	0 	0 	C 	3295 
Luxembourg	829 	1 	476 	16826 	0 	875 	367 	103664 	2953 	137 	28 	1399 	430 	13805 	15651 	185 	144 	0 	487 	1777 	4311 	1 	153 	10029 	87394 	247728 	65 	5834 	3049 	494 	2665 	0 	0 	26916 	1969 	978 	229974 	75979 	4795 	6 	6810 	51 	97 		8 	357 	84 	717 	35547 	334 	C 	6888 	0 	11 	53 	686 	9919 	12 	1266 	4091 	338 	2945 	45511 	36095 	114015 	302 	61 	0 	62580 	46287 	20 	0 	0 	6769 	1244227 
Macedonia, FYR	0 	0 	0 	8 	0 	0 	0 	0 	0 	0 	0 	0 	0 	0 	0 	0 	0 	0 	23 	0 	23 	0 		0 	2 	64 	0 	2 	8 	0 	0 	0 	0 	7 	0 	0 	6 	0 	0 	0 	0 	0 	0 	52 	0 		0 	0 	6 	0 	0 	0 	0 	0 	0 	0 	0 	0 	0 		0 	0 	0 	0 	1 	0 	0 	4 	C 	53 	0 	0 	0 	C 	260 
Madagascar	0 	0 	0 	0 	0 	0 	0 	0 	0 	0 	0 	0 	0 	0 	C 	0 	0 	0 	0 	0 	0 	0 		0 	0 	0 	0 	0 	0 	0 	0 	0 	0 	0 	0 	0 	0 	0 	0 	0 	0 	0 	0 	0 	0 		24 	0 	0 	0 	0 	0 	0 	0 	0 	0 	0 	0 	0 		0 	0 	0 	0 	0 	0 	0 	0 	0 	0 	0 	0 	0 	0 	24 
Malawi	0 	0 	0 	0 	0 	0 	0 	0 	0 	0 	0 	0 	0 	0 	0 	0 	0 	0 	0 	0 	0 	0 		0 	0 	0 	0 	0 	0 	0 	0 	0 	0 	0 	0 	0 	0 	0 	0 	0 	0 	0 	0 	0 	0 		6 	0 	0 	0 	0 	0 	0 	0 	0 	0 	0 	0 	0 		0 	0 	0 	0 	0 	0 	0 	0 	0 	0 	0 	0 	0 	0 	6 
Malaysia	0 	0 	170 	67 	0 	15 	0 	42 	88 	0 	0 	419 	10 	12 	4186 	36 	0 	0 	32 	0 	416 	0 		75 	1197 	451 	0 	0 	200 	0 	0 	1 	0 	845 	18 	0 	293 	1263 	33 	0 	278 	122 	0 	3695 			23 	0 	1396 	0 	C 	90 	0 	0 	267 	0 	0 	0 	1 	12979 	0 	1 	0 	64 	184 	112 	0 	0 	7570 	11282 	0 	0 	0 	C 	47933 
Maldives	0 	0 	0 	0 	0 	0 	0 	0 	0 	0 	0 	0 	0 	0 	0 	0 	0 	0 	0 	0 	4 	0 		0 	0 	0 	0 	0 	0 	0 	0 	0 	0 	0 	0 	0 	5 	0 	0 	0 	0 	0 	0 	0 	0 		4 	0 	0 	0 	0 	0 	0 	0 	0 	0 	0 	0 	0 		0 	0 	0 	0 	0 	0 	0 	0 	0 	0 	0 	0 	0 	0 	13 
Mali	0 	0 	0 	0 	0 	0 	0 	0 	0 	0 	0 	0 	0 	0 	0 	0 	0 	0 	0 	0 	0 	0 		0 	0 	0 	0 	1 	0 	0 	0 	0 	0 	1 	0 	0 	0 	0 	0 	0 	0 	0 	0 	93 	0 		1 	0 	0 	0 	0 	0 	0 	0 	0 	0 	0 	0 	0 		0 	0 	0 	0 	0 	0 	0 	0 	0 	0 	0 	0 	0 	0 	97 
Malta	0 	0 	0 	59 	0 	0 	0 	0 	0 	0 	0 	0 	0 	0 	1 	0 	0 	0 	35 	0 	0 	0 		0 	113 	20 	0 	0 	0 	0 	0 	0 	0 	7 	0 	0 	306 	0 	231 	0 	0 	36 	0 	4 	0 		0 	0 	0 	0 	0 	1 	0 	0 	0 	0 	0 	0 	0 		0 	0 	29 	0 	12 	0 	0 	0 	C 	96 	0 	0 	0 	0 	949 
Marshall Islands, Republic of	0 	0 	0 	6 	0 	0 	0 	2 	8 	0 	0 	92 	0 	0 	0 	0 	0 	0 	42 	0 	9 	0 		0 	25 	8 	0 	0 	1 	0 	0 	0 	0 	11 	0 	0 	12 	39 	0 	0 	0 	0 	0 	29 	0 		0 	0 	35 	0 	0 	138 	0 	0 	0 	0 	0 	0 	0 		0 	0 	1 	0 	11 	0 	0 	0 	5 	5545 	0 	0 	0 	0 	6018 
Martinique	0 	0 	0 	0 	0 	0 	0 	0 	0 	0 	0 	0 	0 	0 	0 	0 	0 	0 	0 	0 	0 	0 		0 	0 	0 	0 	0 	0 	0 	0 	0 	0 	0 	0 	0 	0 		0 	0 	0 	0 	0 	0 	0 		0 	0 	0 	0 	0 	0 	0 	0 	0 	0 	0 	0 	0 		0 	0 	0 	0 		0 	0 	0 	0 	0 	0 	0 	0 	0 	0 
Mauritania	0 	0 	0 	0 	0 	0 	0 	0 	0 	0 	0 	0 	0 	1 	0 	0 	0 	0 	0 	0 	0 	0 		0 	0 	0 	0 	0 	0 	0 	0 	0 	0 	0 	0 	0 	0 	0 	0 	0 	0 	5 	0 	0 	0 		0 	0 	4 	0 	0 	0 	0 	0 	0 	0 	0 	0 	0 		0 	0 	0 	0 	0 	0 	0 	0 	0 	0 	0 	0 	0 	0 	10 
Mauritius	0 	0 	0 	0 	0 	0 	0 	0 	203 	0 	0 	60 	0 	0 	37 	0 	0 	0 	0 	0 	12 	0 		0 	67 	29 	10 	0 	101 	0 	0 	1 	7 	32 	17 	0 	43 	6 	24 	0 	20 	2 	0 	210 	1 			0 	45 	28 	0 	0 	2 	0 	0 	0 	0 	0 	0 	197 	0 	37 	0 	0 	153 	0 	0 	0 	327 	237 	0 	0 	0 	0 	1906 
Mayotte	0 	0 	0 	0 	0 	0 	0 	0 	0 	0 	0 	0 	0 	0 	0 	0 	0 	0 	0 	0 	0 	0 		0 	0 	0 	0 	0 	0 	0 	0 	0 	0 	0 	0 	0 	0 		0 	0 	0 	0 	0 	0 	0 		0 	0 	0 	0 	0 	0 	0 	0 	0 	0 	0 	0 	0 		0 	0 	0 	0 		0 	0 	0 	0 	0 	0 	0 	0 	0 	0 
Mexico	196 	2 	265 	715 	1611 	0 	1 	78 	438 	15 	3 	3900 	4850 	362 	218 	0 	10 	12 	79 	0 	1521 	0 	3 	36 	1446 	2878 	9 	72 	629 	0 	1 	0 	0 	1952 	5 	26 	2005 	2223 	110 	1 	27 	0 	0 	8100 	0 	7 	0 		3888 	29 	C 	1076 	0 	82 	39 	0 	61 	0 	0 	451 	4 	0 	374 	333 	683 	0 	0 	0 	16855 	86108 	13 	0 	4 	C 	143806 
Micronesia, Federated States of	0 	0 	0 	0 	0 	0 	0 	0 	0 	0 	0 	0 	0 	0 	0 	0 	0 	0 	0 	0 	0 	0 		0 	0 		0 	0 	0 	0 	0 	0 	0 	0 	0 	0 	0 	0 	0 	0 	0 	0 	0 	0 	0 		0 	0 	0 	0 	0 	0 	0 	0 	0 	0 	0 	0 	0 		0 	0 	0 	0 	0 	0 	0 	0 	0 	0 	0 	0 	0 	0 	0 
Moldova	0 	0 	0 	0 	0 	0 	0 	0 	0 	0 	0 	0 	0 	0 	0 	0 	0 	0 	0 	0 	25 	0 		0 	0 	0 	0 	0 	0 	0 	0 	0 	0 	5 	0 	0 	0 	0 	0 	0 	0 	0 	0 	2 	0 		0 	0 	0 	0 	0 	0 	0 	0 	0 	0 	0 	1 	0 		0 	0 	0 	0 	0 	0 	0 	0 	0 	0 	0 	0 	0 	C 	33 
Monaco	0 	0 	0 	0 	0 	0 	0 	0 	0 	0 	0 	0 	0 	0 	0 	0 	0 	0 	0 	0 	0 	0 		0 	0 	0 	0 	0 	0 	0 	0 	0 	0 	0 	0 	0 	2 	0 	0 	0 	0 	0 	1 	1 	0 		0 	0 	0 	0 	0 	0 	0 	0 	0 	0 	0 	0 	0 		0 	0 	0 	0 		0 	0 	0 	C 	9 	0 	0 	0 	0 	12 
Mongolia	0 	0 	C 	0 	0 	0 	0 	0 	0 	0 	0 	0 	0 	0 	0 	0 	0 	0 	0 	0 	0 	0 		0 	0 	0 	0 	0 	0 	0 	0 	0 	0 	0 	0 	0 	0 	0 	0 	0 	2 	0 	0 	1 	0 		0 	0 	0 	0 	0 	0 	0 	0 	0 	0 	0 	0 	0 		0 	0 	0 	0 	0 	0 	0 	0 	C 	0 	0 	0 	0 	0 	3 
Montenegro			0 									0 			0 			0 			0 				0 	0 								0 								0 							0 			0 				0 	0 						0 		0 	0 								0 	0 
Montserrat	0 	0 	0 	0 	0 	0 	0 	0 	0 	0 	0 	0 	0 	0 	0 	0 	0 		0 	0 	0 	0 		0 	0 	0 	0 	0 	0 	0 	0 	0 	0 	0 	0 	0 	0 	0 	0 	0 	0 	0 	0 	0 	0 		0 	0 	0 	0 	0 	0 	0 	23 	0 	0 	0 	0 	0 		0 	0 	0 	0 		0 	0 	0 	0 	0 	0 	0 	0 	0 	23 
Morocco	0 	0 	0 	39 	0 	0 	0 	20 	4 	0 	0 	5 	2 	0 	6 	0 	0 	0 	1 	0 	8 	28 		0 	509 	70 	0 	0 	21 	0 	0 	0 	0 	9 	0 	0 	54 	2 	46 	0 	0 	35 	1 	200 	0 		17 	0 	19 	0 	0 	0 	0 	0 	0 	0 	5 	0 	0 		0 	3 	448 	0 	10 	0 	0 	0 	182 	440 	0 	0 	0 	C 	2185 
Mozambique	0 	0 	0 	0 	0 	0 	0 	0 	0 	0 	0 	0 	0 	0 	0 	0 	0 	0 	0 	0 	0 	0 		0 	0 	0 	0 	0 	0 	0 	0 	0 	0 	0 	0 	0 	0 	0 	0 	0 	0 	0 	0 	0 	0 		1 	0 	0 	0 	0 	0 	0 	0 	0 	0 	19 	0 	0 		0 	0 	0 	0 	0 	0 	0 	0 	0 	0 	0 	0 	0 	0 	20 
Myanmar	0 	0 	0 	0 	0 	0 	0 	0 	0 	0 	0 	0 	0 	0 	0 	0 	0 	0 	0 	0 	0 	0 		0 	0 	0 	0 	0 	0 	0 	0 	0 	0 	0 	0 	0 	0 	0 	0 	0 	0 	0 	0 	0 	0 		0 	0 	0 	0 	0 	0 	0 	0 	0 	0 	0 	0 	0 	2 	0 	0 	0 	0 	0 	0 	0 	0 	0 	0 	0 	0 	0 	0 	2 
Namibia	0 	0 	0 	0 	0 	0 	0 	0 	0 	0 	0 	0 	0 	0 	0 	0 	0 	0 	0 	0 	0 	0 		0 	0 	0 	0 	0 	0 	0 	0 	0 	0 	0 	0 	0 	0 	0 	0 	0 	0 	0 	0 	0 	0 		0 	0 	0 	0 	0 	0 	0 	0 	0 	0 	0 	0 	0 		0 	37 	0 	0 	5 	0 	0 	0 	C 	1 	0 	0 	0 	0 	44 
Nauru	0 	0 	0 	0 	0 	0 	0 	0 	0 	0 	0 	0 	0 	0 	0 	0 	0 	0 	0 	0 	0 	0 		0 	0 	1 	0 	0 	0 	0 	0 	0 	0 	0 	0 	0 	0 	1 	0 	0 	0 	0 	0 	0 	0 		0 	0 	0 	0 	0 	0 	0 	0 	0 	0 	0 	0 	0 		0 	0 	0 	0 	0 	0 	0 	0 	C 	0 	0 	0 	0 	0 	2 
Nepal	0 	0 	0 	0 	0 	0 	0 	0 	0 	0 	0 	0 	0 	0 	0 	0 	0 	0 	0 	0 	0 	0 		0 	0 	0 	0 	0 	0 	0 	0 	0 	0 	0 	0 	0 	0 	0 	0 	0 	0 	0 	0 	0 	0 		0 	0 	0 	0 	0 	5 	0 	0 	0 	0 	0 	0 	0 		0 	0 	0 	0 	0 	0 	0 	0 	C 	0 	0 	0 	0 	C 	5 
Netherlands	30 	17 	11973 	20503 	74 	419 	297 	55851 	4898 	409 	54 	10815 	558 	6 	8783 	282 	53 	20 	473 	1749 	6416 	38 	263 	10850 	190293 	136085 	52 	2087 	3437 	99 	58 	0 	4 	41484 	226 	332 	74660 	69079 	43127 	324 	1388 	274 	45 	95211 	163 	511 	780 	42 		388 	252 	9305 	0 	13 	70 	415 	7766 	0 	644 	4779 	293 	44 	51551 	8377 	47601 	88 	162 	0 	152237 	191882 	36 	0 	0 	44422 	1314920 
Netherlands Antilles	0 	28 	C 	727 	0 	15 	2 	1789 	136 	1 	0 	870 	18 	2 	978 	7 	0 	0 	4 	32 	171 	0 	10 	12 	44478 	2005 	0 	142 	614 	1 	0 	0 	0 	436 	9 	36 	2686 	9164 	141 	0 	65 	0 	2 	3409 	0 		0 	0 	2335 		0 	308 	0 	127 	0 	C 	531 	0 	0 		2 	0 	2780 	54 	1925 	0 	0 	0 	1897 	47222 	0 	0 	12 	C 	125184 
New Zealand	0 	0 	3354 	124 	0 	0 	5 	213 	47 	0 	0 	467 	31 	0 	561 	2 	0 	0 	28 	0 	20 	2 		14 	491 	378 	2 	1 	62 	1 	0 	0 	85 	1158 	2 	13 	319 	4098 	775 	11 	8 	0 	0 	1641 	4 		4 	0 	242 	49 		289 	0 	0 	0 	0 	28 	0 	0 	540 	0 	3 	272 	59 	878 	13 	0 	0 	3888 	11935 	0 	3 	0 	C 	32120 
Nicaragua	0 	0 	0 	0 	0 	0 	0 	0 	0 	0 	0 	0 	1 	0 	0 	0 	0 	0 	0 	0 	0 	0 		0 	0 	0 	0 	0 	0 	0 	0 	0 	0 	5 	0 	0 	0 	0 	3 	0 	0 	0 	0 	16 	0 		0 	0 	0 	0 	0 	1 	0 	66 	0 	0 	0 	0 	0 		0 	0 	0 	0 	0 	0 	0 	0 	C 	31 	0 	0 	0 	0 	123 
Niger	0 	0 	0 	0 	0 	0 	0 	3 	0 	0 	0 	0 	0 	0 	0 	0 	0 	0 	20 	0 	0 	0 		0 	0 	0 	0 	0 	0 	0 	0 	0 	0 	0 	0 	0 	0 	0 	0 	0 	0 	0 	0 	0 	0 		0 	0 	0 	0 	0 	0 	0 	0 	0 	0 	0 	0 	0 		0 	0 	0 	0 	0 	0 	0 	0 	C 	0 	0 	0 	0 	0 	23 
Nigeria	0 	0 	C 	14 	0 	0 	0 	0 	0 	0 	0 	0 	145 	0 	28 	0 	0 	0 	0 	0 	57 	6 		0 	124 	7 	0 	0 	75 	0 	0 	1 	0 	25 	0 	0 	24 	26 	33 	0 	0 	0 	1 	142 	0 		121 	0 	52 	0 	0 	0 	0 	0 	0 	0 	0 	0 	0 		0 	2 	0 	0 	0 	0 	0 	0 	286 	0 	0 	0 	0 	0 	1169 
Niue	0 	0 	0 	0 	0 	0 	0 	0 	0 	0 	0 	0 	0 	0 	0 	0 	0 	0 	0 	0 	1 	0 		0 	0 	0 	0 	0 	0 	0 	0 	0 	0 	0 	0 	0 	2 	0 	0 	0 	0 	0 	0 	0 	0 		0 	0 	0 	0 	0 	0 	0 	0 	0 	0 	0 	0 	0 		0 	0 	0 	0 		0 	0 	0 	0 	0 	0 	0 	0 	0 	3 
Norfolk Island	0 	0 	0 	0 	0 	0 	0 	0 	0 	0 	0 	0 	0 	0 	0 	0 	0 	0 	0 	0 	0 	0 		0 	0 	0 	0 	0 	0 	0 	0 	0 	0 	0 	0 	0 	0 		0 	0 	0 	0 	0 	0 	0 		0 	0 	0 	0 	0 	0 	0 	0 	0 	0 	0 	0 	0 		0 	0 	0 	0 		0 	0 	0 	0 	0 	0 	0 	0 	0 	0 
Norway	0 	0 	767 	1308 	102 	0 	52 	933 	443 	2 	4 	1528 	187 	13 	2438 	105 	10 	6 	299 	110 	2405 	0 	8 	1995 	5709 	7210 	0 	17 	850 	2 	576 	0 	0 	4289 	42 	86 	1700 	15951 	1169 	13 	83 	0 	1 	11656 	16 	119 	0 	0 	2766 	5 	C 		0 	0 	10 	C 	256 	0 	0 	945 	3 	3 	1702 	5975 	4331 	0 	0 	0 	14736 	36334 	1 	0 	0 	C 	129273 
Oman	0 	0 	0 	0 	0 	42 	0 	0 	0 	0 	0 	0 	0 	0 	1 	0 	0 	0 	0 	0 	0 	0 		0 	2 	6 	0 	0 	40 	0 	0 	0 	0 	31 	0 	0 	4 	0 	19 	0 	0 	74 	5 	86 	0 		0 	0 	5 	0 	0 	4 	0 	0 	0 	0 	0 	0 	0 		0 	0 	0 	0 	1 	0 	0 	0 	C 	0 	0 	0 	0 	0 	321 
Pakistan	0 	0 	C 	2 	0 	54 	0 	0 	0 	0 	0 	1 	14 	0 	64 	0 	0 	0 	0 	0 	12 	0 		0 	1 	12 	0 	0 	4 	0 	0 	0 	2 	27 	0 	0 	6 	10 	2 	0 	3 	33 	0 	57 	5 		30 	0 	57 	0 	0 	0 		0 	0 	0 	0 	0 	0 		0 	0 	0 	0 	3 	0 	2 	0 	238 	389 	0 	0 	0 	C 	1027 
Palau	0 	0 	0 	0 	0 	0 	0 	0 	0 	0 	0 	0 	0 	0 	0 	0 	0 	0 	0 	0 	0 	0 		0 	0 	0 	0 	0 	0 	0 	0 	0 	0 	0 	0 	0 	0 	0 	0 	0 	0 	0 	0 	0 	0 		0 	0 	0 	0 	0 	0 	0 	0 	0 	0 	0 	0 	0 		0 	0 	0 	0 	0 	0 	0 	0 	0 	0 	0 	0 	0 	0 	0 
Panama	36 	2 	C 	91 	91 	0 	8 	42 	39 	58 	0 	387 	19 	13 	131 	0 	42 	34 	15 	0 	437 	0 		7 	173 	327 	0 	0 	70 	0 	0 	2 	0 	172 	0 	0 	280 	365 	28 	4 	0 	0 	1 	1192 	0 		0 	0 	839 	4 	0 	117 	0 		0 	C 	13 	0 	0 		1 	21 	83 	30 	808 	0 	0 	0 	1545 	26151 	1 	0 	6 	C 	33681 
Papua New Guinea	0 	0 	0 	4 	0 	0 	0 	1 	0 	0 	0 	19 	0 	0 	9 	0 	0 	0 	0 	0 	0 	0 		0 	16 	12 	0 	0 	4 	0 	0 	0 	0 	9 	0 	0 	1 	0 	0 	0 	0 	0 	0 	171 	0 		0 	0 	13 	0 	0 	10 	0 	0 	0 	0 	0 	0 	0 		0 	0 	0 	0 	20 	0 	0 	0 	118 	782 	0 	0 	0 	0 	1189 
Paraguay	22 	0 	0 	0 	0 	0 	0 	0 	0 	10 	0 	0 	0 	0 	1 	0 	0 	0 	0 	0 	0 	0 		0 	0 	0 	0 	0 	0 	0 	0 	0 	0 	0 	0 	0 	0 	0 	0 	0 	0 	0 	0 	1 	0 		0 	0 	0 	0 	0 	0 	0 	0 	0 	0 	0 	0 	0 		0 	3 	0 	0 	0 	0 	0 	0 	C 	0 	0 	0 	0 	0 	36 
Peru	15 	0 	10 	91 	14 	0 	0 	14 	20 	0 	0 	134 	85 	36 	3 	0 	0 	4 	5 	0 	378 	0 		10 	211 	333 	0 	2 	59 	0 	0 	0 	0 	248 	0 	0 	176 	174 	14 	0 	0 	0 	0 	1177 	0 		0 	2 	346 	0 	0 	0 	0 	33 	0 	0 	3 	0 	0 		0 	0 	41 	12 	39 	0 	0 	0 	1161 	4588 	0 	0 	0 	C 	9440 
Philippines	0 	0 	C 	140 	18 	0 	0 	14 	27 	0 	0 	147 	115 	0 	1119 	0 	0 	0 	3 	0 	599 	0 		16 	1147 	950 	0 	5 	385 	0 	0 	0 	5 	1032 	0 	1 	384 	1382 	41 	39 	22 	1 	0 	2750 	10 		3 	27 	698 	1 	C 	18 	0 	1 		0 	20 	0 	0 	1045 	1 	0 	52 	17 	360 	1 	0 	0 	3360 	7179 	1 	0 	0 	C 	23139 
Pitcairn Islands	0 	0 	0 	0 	0 	0 	0 	0 	0 	0 	0 	0 	0 	0 	0 	0 	0 	0 	0 	0 	0 	0 		0 	0 	0 	0 	0 	0 	0 	0 	0 	0 	0 	0 	0 	0 	0 	0 	0 	0 	0 	0 	0 	0 		0 	0 	0 	0 	0 	0 	0 	0 	0 	0 	0 	0 	0 		0 	0 	0 	0 		0 	0 	0 	0 	0 	0 	0 	0 	0 	0 
Poland	0 	0 	71 	5060 	0 	0 	0 	616 	56 	0 	5 	219 	0 	5 	52 	3 	0 	0 	145 	548 	1023 	0 	147 	680 	4024 	8801 	0 	937 	153 	92 	0 	0 	0 	4223 	2 	0 	785 	3309 	41 	21 	2 	0 	0 	12938 	0 		0 	0 	2552 	84 	C 	429 	0 	0 	0 		146 	1 	21 	334 	172 	2 	289 	592 	441 	5 	0 	0 	7693 	7537 	0 	0 	0 	C 	64256 
Portugal	0 	0 	C 	2101 	4 	0 	0 	8575 	341 	124 	11 	347 	120 	1 	193 	9 	0 	0 	59 	151 	225 	3 	7 	597 	35225 	20724 	0 	237 	183 	1 	29 	0 	0 	11388 	0 	21 	6770 	1712 	1176 	6 	2 	17 	0 	9647 	0 		0 	0 	9718 	2 	C 	1511 	0 	8 	0 	2 		0 	0 	504 	5 	0 	5071 	345 	999 	0 	1 	0 	14017 	6053 	0 	0 	0 	C 	138244 
Puerto Rico	0 	0 	0 	1 	0 	0 	3 	1 	9 	12 	0 	43 	0 	0 	3 	0 	17 	0 	0 	0 	1 	0 		0 	0 	0 	0 	0 	0 	0 	0 	0 	0 	2 	0 	0 	4 	18 	0 	0 	5 	0 	0 	10 	0 		0 	0 	27 	0 	0 	1217 	0 	0 	0 	0 	0 	0 	0 		0 	0 	0 	0 		0 	0 	0 	C 	0 	0 	0 	0 	0 	1374 
Qatar	0 	0 	C 	19 	0 	500 	0 	0 	12 	0 	0 	7 	0 	15 	5 	0 	0 	0 	42 	0 	45 	1 		0 	3 	105 	0 	0 	30 	0 	0 	0 	0 	74 	0 	0 	5 	144 	33 	0 	0 	667 	2 	137 	5 		0 	0 	136 	0 	0 	19 	1 	0 	0 	0 	0 	0 	0 		0 	0 	0 	0 	38 	46 	0 	0 	C 	0 	0 	0 	0 	C 	2091 
Reunion	0 	0 	0 	0 	0 	0 	0 	0 	0 	0 	0 	0 	0 	0 	0 	0 	0 	0 	0 	0 	0 	0 		0 	0 	0 	0 	0 	0 	0 	0 	0 	0 	0 	0 	0 	0 	0 	0 	0 	0 	0 	0 	0 	0 		1 	0 	0 	0 	0 	0 	0 	0 	0 	0 	0 	0 	0 		0 	0 	0 	0 		0 	0 	0 	0 	0 	0 	0 	0 	0 	1 
Romania	0 	0 	0 	684 	0 	0 	0 	11 	1 	0 	10 	2 	0 	0 	4 	0 	0 	0 	138 	3 	44 	4 	36 	0 	114 	663 	0 	569 	45 	1 	0 	0 	0 	77 	0 	0 	255 	18 	19 	0 	0 	0 	0 	1000 	0 		0 	0 	193 	0 	0 	0 	0 	0 	4 	8 	4 		0 		1 	0 	14 	65 	21 	0 	0 	0 	1448 	251 	0 	0 	0 	C 	5709 
Russian Federation	0 	0 	189 	2139 	25 	3 	0 	75 	459 	2 	36 	530 	126 	11 	86 	1 	6 	1 	1563 	230 	1678 	6 	113 	1353 	1210 	2447 	0 	311 	3786 	20 	0 	0 	0 	3591 	1 	0 	1512 	1369 	1112 	4 	76 	18 	1 	11719 	0 		0 	5 	4105 	3 	0 	400 	0 	1 	90 	1 	38 	0 		308 	9 	0 	209 	3691 	1585 	0 	20 	1 	26640 	28764 	0 	0 	0 	C 	101681 
Rwanda	0 	0 	0 	0 	0 	0 	0 	0 	0 	0 	0 	0 	0 	0 	0 	0 	0 	0 	0 	0 	0 	0 		0 	0 	0 	0 	0 	0 	0 	0 	0 	0 	0 	0 	0 	0 	0 	0 	0 	0 	0 	0 	0 	0 		0 	0 	0 	0 	0 	0 	0 	0 	0 	0 	0 	0 	0 		0 	0 	0 	0 	0 	0 	0 	0 	0 	0 	0 	0 	0 	0 	0 
Saint Helena	0 	0 	0 	0 	0 	0 	0 	0 	0 	0 	0 	0 	0 	0 	0 	0 	0 	0 	0 	0 	0 	0 		0 	0 	0 	0 	0 	0 	0 	0 	0 	0 	0 	0 	0 	0 	0 	0 	0 	0 	0 	0 	0 	0 		0 	0 	0 	0 	0 	14 	0 	0 	0 	0 	0 	0 	0 		0 	0 	0 	0 	0 	0 	0 	0 	0 	0 	0 	0 	0 	0 	14 
Saint Pierre and Miquelon	0 	0 	0 	0 	0 	0 	0 	0 	0 	0 	0 	0 	0 	0 	0 	0 	0 	0 	0 	0 	0 	0 		0 	0 	0 	0 	0 	0 	0 	0 	0 	0 	0 	0 	0 	0 	0 	0 	0 	0 	0 	0 	0 	0 		0 	0 	0 	0 	0 	0 	0 	0 	0 	0 	0 	0 	0 		0 	0 	0 	0 		0 	0 	0 	0 	0 	0 	0 	0 	0 	0 
Samoa	0 	0 	0 	0 	0 	0 	0 	0 	0 	0 	0 	0 	0 	0 	0 	0 	0 	0 	0 	0 	0 	0 		0 	0 	0 	0 	0 	0 	0 	0 	0 	0 	0 	0 	0 	0 	0 	0 	0 	0 	0 	0 	0 	0 		0 	0 	0 	0 	0 	0 	0 	0 	0 	0 	0 	0 	0 		0 	0 	0 	0 	0 	0 	0 	0 	0 	0 	0 	0 	0 	0 	0 
San Marino	0 	0 	0 	0 	0 	0 	0 	0 	0 	0 	0 	0 	0 	0 	0 	0 	0 	0 	0 	0 	0 	0 		0 	0 	0 	0 	0 	0 	0 	0 	0 	0 	0 	0 	0 	12 	0 	0 	0 	0 	0 	0 	0 	0 		0 	0 	0 	0 	0 	0 	0 	0 	0 	0 	0 	0 	0 		0 	0 	0 	0 	0 	0 	0 	0 	0 	0 	0 	0 	0 	0 	12 
Sao Tome and Principe	0 	0 	0 	0 	0 	0 	0 	0 	0 	0 	0 	0 	0 	0 	0 	0 	0 	0 	0 	0 	0 	0 		0 	0 	0 	0 	0 	0 	0 	0 	0 	0 	0 	0 	0 	0 	0 	0 	0 	0 	0 	0 	0 	0 		0 	0 	0 	0 	0 	0 	0 	0 	0 	0 	0 	0 	0 		0 	0 	0 	0 	0 	0 	0 	0 	0 	0 	0 	0 	0 	0 	0 
Saudi Arabia	0 	0 	0 	92 	0 	764 	0 	19 	0 	0 	0 	0 	0 	0 	149 	4 	0 	0 	8 	0 	0 	505 		0 	22 	48 	0 	0 	383 	0 	0 	0 	0 	38 	0 	0 	1 	0 	0 	0 	6 	922 	3 	51 	52 		0 	0 	9 	0 	0 	0 	370 	0 	0 	0 	0 	0 	0 		0 	0 	0 	0 	9 	0 	0 	0 	873 	0 	0 	0 	0 	0 	4330 
Senegal	0 	0 	0 	0 	0 	0 	0 	0 	0 	0 	0 	0 	0 	0 	0 	0 	0 	0 	0 	0 	2 	0 		0 	9 	0 	0 	0 	0 	0 	0 	0 	0 	9 	0 	0 	0 	0 	17 	0 	0 	0 	0 	37 	0 		0 	0 	0 	0 	0 	0 	0 	0 	0 	0 	0 	0 	0 		0 	0 	0 	0 	5 	0 	0 	0 	0 	0 	0 	0 	0 	0 	79 
Serbia, Republic of	0 	0 	0 	71 	0 	0 	0 	0 	0 	0 	1 	4 	0 	0 	0 	0 	0 	0 	0 	0 	0 	0 	2 	0 	0 	26 	0 	37 	15 	0 	0 	0 	0 	0 	0 	0 	40 	13 	3 	0 	0 	54 	0 	98 	0 		0 	0 	46 	0 	0 	0 	0 	0 	0 	0 	45 	0 	0 		0 	0 	0 	0 	0 	0 	0 	0 	C 	108 	0 	0 	0 	C 	563 
Seychelles	0 	0 	0 	0 	0 	0 	0 	0 	0 	0 	0 	0 	0 	0 	0 	0 	0 	0 	0 	0 	0 	0 		0 	0 	0 	0 	0 	0 	0 	0 	0 	0 	0 	0 	0 	0 	0 	0 	0 	0 	0 	0 	9 	0 		10 	0 	0 	0 	0 	0 	0 	0 	0 	0 	0 	0 	2 		0 	0 	0 	0 	0 	0 	0 	0 	C 	0 	0 	0 	0 	0 	21 
Sierra Leone	0 	0 	0 	0 	0 	0 	0 	0 	0 	0 	0 	0 	0 	0 	0 	0 	0 	0 	0 	0 	0 	0 		0 	0 	0 	0 	0 	0 	0 	0 	0 	0 	0 	0 	0 	0 	0 	0 	0 	0 	0 	0 	0 	0 		0 	0 	0 	0 	0 	0 	0 	0 	0 	0 	0 	0 	0 		0 	0 	0 	0 	0 	0 	0 	0 	0 	0 	0 	0 	0 	0 	0 
Singapore	0 	1 	1062 	158 	0 	0 	10 	143 	644 	0 	0 	1612 	21 	1 	7097 	94 	2 	0 	11 	1 	233 	4 		281 	1195 	897 	2 	6 	185 	1 	7 	5 	217 	3026 	12 	5 	404 	4415 	785 	7 	317 	0 	0 	6181 	751 		692 	0 	2562 	6 	23 	1121 	0 	2 	628 	C 	0 	0 	0 		0 	9 	136 	640 	911 	509 	0 	0 	12552 	36361 	0 	15 	0 	472 	86430 
Sint Maarten																																																																											
Slovak Republic	0 	0 	0 	744 	0 	0 	0 	152 	0 	0 	5 	4 	0 	0 	C 	0 	0 	0 	20 	582 	41 	0 	5 	0 	88 	1348 	0 	8 	2 	0 	0 	0 	0 	19 	0 	0 	42 	12 	0 	0 	5 	0 	0 	767 	0 		0 	0 	155 	0 	0 	0 	0 	0 	0 	1 	0 	0 	0 			0 	90 	0 	4 	0 	0 	0 	C 	310 	0 	0 	0 	C 	4403 
Slovenia	0 	0 	0 	411 	0 	0 	0 	52 	16 	0 	2 	0 	0 	0 	0 	0 	0 	0 	28 	41 	1 	0 	11 	0 	138 	582 	0 	0 	7 	17 	0 	0 	0 	155 	0 	0 	43 	0 	2 	0 	0 	0 	0 	487 	0 		0 	0 	61 	0 	0 	24 	0 	0 	0 	0 	4 	0 	0 		5 	0 	12 	11 	51 	0 	0 	0 	C 	79 	0 	0 	0 	C 	2239 
Solomon Islands	0 	0 	0 	0 	0 	0 	0 	0 	0 	0 	0 	0 	0 	0 	0 	0 	0 	0 	0 	0 	0 	0 		0 	0 	0 	0 	0 	0 	0 	0 	0 	0 	0 	0 	0 	0 	0 	0 	0 	0 	0 	0 	0 	0 		0 	0 	0 	0 	0 	0 	0 	0 	0 	0 	0 	0 	0 		0 	0 	0 	0 	0 	0 	0 	0 	0 	0 	0 	0 	0 	0 	0 
Somalia	0 	0 	0 	0 	0 	0 	0 	0 	0 	0 	0 	0 	0 	0 	0 	0 	0 	0 	0 	0 	0 	0 		0 	0 	0 	0 	0 	0 	0 	0 	0 	0 	0 	0 	0 	0 	0 	0 	0 	0 	0 	0 	0 	0 		0 	0 	0 	0 	0 	0 	0 	0 	0 	0 	0 	0 	0 		0 	0 	0 	0 	0 	0 	0 	0 	0 	0 	0 	0 	0 	0 	0 
South Africa	0 	0 	C 	379 	0 	0 	0 	246 	10240 	1 	0 	992 	21 	1 	72 	0 	0 	0 	37 	0 	654 	21 		0 	1063 	1130 	2 	38 	512 	170 	0 	0 	0 	1931 	115 	5 	747 	1497 	177 	0 	10 	0 	0 	6305 	0 		305 	0 	3147 	19 	C 	623 	0 	4 	32 	1 	152 	0 	0 	398 	1 		17 	122 	903 	83 	0 	0 	14473 	34212 	0 	0 	0 	C 	80858 
South Sudan																																																																											
Spain	642 	1 	1966 	9051 	18 	0 	7 	23546 	333 	88 	0 	4666 	148 	7 	1042 	13 	1 	0 	132 	104 	5510 	10 	6 	9120 	167660 	139456 	34 	582 	1534 	5 	72 	0 	1 	50302 	22 	9 	24181 	28916 	2189 	93 	51 	29 	3 	74683 	5 	48 	0 	8 	50873 	13 	125 	10639 	0 	1 	23 	74 	11116 	0 	13 	1918 	6 	28 		7316 	6360 	3 	0 	0 	75579 	69821 	1 	0 	0 	17367 	797570 
Sri Lanka	0 	0 	0 	2 	0 	0 	0 	8 	0 	0 	0 	1 	0 	0 	52 	0 	0 	0 	0 	0 	15 	0 		0 	1 	0 	0 	0 	1 	0 	0 	5 	0 	33 	0 	0 	0 	3 	0 	0 	0 	0 	0 	78 	0 		66 	0 	4 	0 	0 	1 	0 	0 	0 	0 	0 	0 	0 	15 	0 	0 	0 	0 	2 	0 	0 	0 	107 	93 	0 	0 	0 	C 	489 
St. Kitts and Nevis	0 	0 	0 	0 	0 	0 	2 	0 	0 	1 	0 	0 	0 	0 	0 	0 	0 	0 	8 	0 	0 	0 		0 	0 	0 	0 	0 	0 	0 	0 	0 	0 	0 	0 	0 	27 	0 	0 	0 	0 	0 	0 	3 	0 		0 	0 	0 	0 	0 	0 	0 	0 	0 	0 	0 	0 	0 		0 	0 	0 	0 		0 	0 	0 	0 	3 	0 	0 	0 	0 	43 
St. Lucia	0 	0 	0 	4 	18 	0 	2 	0 	3 	0 	0 	0 	8 	0 	0 	0 	0 	0 	0 	0 	0 	0 		0 	0 	0 	0 	0 	0 	0 	0 	0 	0 	0 	0 	0 	0 	0 	0 	0 	0 	0 	0 	0 	0 		0 	0 	0 	0 	0 	0 	0 	0 	0 	0 	0 	0 	0 		0 	0 	0 	0 	1 	0 	0 	0 	C 	98 	0 	0 	0 	C 	133 
St. Vincent and the Grenadines	0 	0 	0 	0 	0 	0 	0 	0 	0 	0 	0 	0 	0 	0 	0 	0 	0 	0 	0 	0 	0 	0 		0 	0 	0 	0 	0 	0 	0 	0 	0 	0 	0 	0 	0 	0 	0 	0 	0 	0 	0 	0 	0 	0 		0 	0 	0 	0 	0 	0 	0 	0 	0 	0 	0 	0 	0 		0 	0 	0 	0 	75 	0 	0 	0 	0 	0 	0 	0 	0 	0 	75 
Sudan	0 	0 	0 	0 	0 	0 	0 	0 	0 	0 	0 	0 	0 	0 	0 	0 	0 	0 	0 	0 	0 	26 		0 	0 	0 	0 	0 	0 	0 	0 	0 	0 	0 	0 	0 	0 	0 	0 	0 	0 	14 	0 	1 	0 		0 	0 	0 	0 	0 	0 	0 	0 	0 	0 	0 	0 	0 		0 	0 	0 	0 	0 	0 	0 	0 	C 	0 	0 	0 	0 	0 	41 
Suriname	0 	0 	0 	0 	0 	0 	0 	0 	9 	0 	0 	0 	0 	0 	0 	0 	0 	0 	0 	0 	0 	0 		0 	0 	0 	0 	0 	0 	0 	0 	0 	0 	1 	0 	0 	0 	0 	0 	0 	0 	0 	0 	0 	0 		0 	0 	0 	0 	0 	0 	0 	0 	0 	0 	0 	0 	0 		0 	0 	0 	0 	0 	0 	0 	0 	0 	0 	0 	0 	0 	0 	11 
Swaziland	0 	0 	0 	0 	0 	0 	0 	0 	0 	0 	0 	0 	0 	0 	0 	0 	0 	0 	0 	0 	1 			0 	0 	0 	0 	0 	0 	0 	0 	0 	0 	0 	0 	0 	0 	0 	0 	0 	0 	0 	0 	0 	0 		0 	0 	0 	0 	0 	0 	0 	0 	0 	0 	0 	0 	0 		0 	3 	0 	0 	0 	0 	0 	0 	0 	0 	0 	0 	0 	0 	4 
Sweden	3 	1 	1101 	1899 	0 	88 	200 	3752 	1597 	3 	3 	3563 	149 	5 	2517 	58 	9 	0 	464 	124 	13569 	7 	35 	18117 	20039 	17063 	48 	94 	1823 	13 	909 	0 	0 	13469 	295 	118 	5434 	25202 	5200 	75 	127 	119 	6 	36167 	3 	72 	42 	1 	10180 	95 	C 	10886 	0 	1 	30 	613 	433 	0 	18 	1232 	1 	7 	3438 		7728 	0 	0 	0 	53398 	74619 	5 	0 	0 	C 	336269 
Switzerland	10 	5 	2891 	3446 	131 	283 	30 	3925 	1020 	123 	0 	10728 	92 	46 	1258 	67 	10 	0 	24 	38 	4227 	44 	18 	1922 	26538 	22845 	33 	439 	1234 	17 	112 	0 	2 	14243 	125 	98 	7832 	14375 	2264 	94 	159 	23 	32 	35057 	51 	94 	14 	9 	15441 	71 	222 	5570 	0 	20 	41 	528 	383 	4 	8 	1915 	15 	125 	2958 	10784 		0 	26 	0 	54815 	196138 	6 	0 	22 	5438 	450556 
Syrian Arab Republic	0 	0 	0 	0 	0 	0 	0 	0 	0 	0 	0 	0 	0 	0 	0 	0 	0 	0 	0 	0 	0 	0 		0 	0 	0 	0 	0 	0 	0 	0 	0 	0 	0 	0 	0 	0 	0 	0 	0 	0 	0 	0 	0 	0 		0 	0 	0 	0 	0 	0 	0 	0 	0 	0 	0 	0 	0 		0 	0 	0 	0 	0 	3 	0 	0 	0 	0 	0 	0 	0 	0 	3 
Taiwan Province of China	0 	0 	539 	146 	0 	0 	0 	109 	519 	0 	0 	1659 	0 	0 	4539 	19 	0 	0 	0 	0 	840 	1 		0 	1417 	580 	0 	0 	457 	0 	0 	0 	0 	3021 	240 	1 	1001 	1347 	172 	0 	25 	0 	0 	10879 	37 		196 	0 	4240 	1 	34 	508 	0 	0 	0 	0 	8 	0 	0 	4576 	0 	7 	0 	750 	969 	0 	0 	0 	22076 	57877 	0 	0 	0 	C 	118792 
Tajikistan	0 	0 	0 	0 	0 	0 	0 	0 	0 	0 	0 	0 	0 	0 	0 	0 	0 	0 	0 	0 	0 	0 		0 	0 	0 	0 	0 	0 	0 	0 	0 	0 	0 	0 	0 	0 	0 	0 	0 	0 	0 	0 	0 	0 		0 	0 	0 	0 	0 	0 	0 	0 	0 	0 	0 	0 	0 		0 	0 	0 	0 	0 	0 	0 	0 	0 	0 	0 	0 	0 	C 	0 
Tanzania	0 	0 	0 	0 	0 	0 	0 	0 	0 	0 	0 	0 	0 	0 	0 	0 	0 	0 	0 	0 	0 	0 		0 	0 	0 	0 	0 	0 	0 	0 	0 	0 	0 	0 	0 	0 	0 	0 	0 	0 	0 	0 	1 	0 		4 	0 	0 	0 	0 	2 	0 	0 	0 	0 	0 	0 	0 		0 	0 	0 	0 	0 	0 	0 	0 	C 	0 	0 	0 	0 	0 	6 
Thailand	0 	0 	C 	63 	0 	0 	0 	25 	382 	0 	0 	496 	36 	1 	2219 	4 	0 	0 	7 	0 	295 	0 		139 	364 	495 	0 	0 	198 	1 	2 	1 	0 	873 	12 	2 	368 	746 	48 	0 	39 	0 	0 	4477 	76 		131 	0 	827 	13 	C 	147 	0 	0 	18 	C 	0 	0 	0 	5026 	0 	7 	1 	81 	259 		0 	0 	5274 	10537 	0 	0 	0 	C 	33689 
Timor-Leste, Dem. Rep. of	0 	0 	0 	0 	0 	0 	0 	0 	0 	0 	0 	0 	0 	0 	0 	0 	0 	0 	0 	0 	0 	0 		0 	0 	0 	0 	0 	0 	0 	0 	0 	0 	0 	0 	0 	0 	0 	0 	0 	0 	0 	0 	0 	0 		0 	0 	0 	0 	0 	0 	0 	0 	0 	0 	0 	0 	0 		0 	0 	0 	0 	0 	0 	0 	0 	0 	0 	0 	0 	0 	0 	0 
Togo	0 	0 	0 	0 	0 	0 	0 	0 	0 	0 	0 	0 	0 	0 	0 	0 	0 	0 	0 	0 	0 	0 		0 	0 	0 	0 	0 	0 	0 	0 	0 	0 	0 	0 	0 	0 	0 	34 	0 	0 	0 	0 	0 	0 		0 	0 	0 	0 	0 	0 	0 	0 	0 	0 	0 	0 	0 		0 	0 	0 	0 	0 	0 	0 	0 	0 	0 	0 	0 	0 	0 	34 
Tokelau Islands	0 	0 	0 	0 	0 	0 	0 	0 	0 	0 	0 	0 	0 	0 	0 	0 	0 	0 	0 	0 	0 	0 		0 	0 	0 	0 	0 	0 	0 	0 	0 	0 	0 	0 	0 	0 	0 	0 	0 	0 	0 	0 	0 	0 		0 	0 	0 	0 	0 	0 	0 	0 	0 	0 	0 	0 	0 		0 	0 	0 	0 		0 	0 	0 	0 	0 	0 	0 	0 	0 	0 
Tonga	0 	0 	0 	0 	0 	0 	0 	0 	0 	0 	0 	0 	0 	0 	0 	0 	0 	0 	0 	0 	0 	0 		0 	0 	0 	0 	0 	0 	0 	0 	0 	0 	0 	0 	0 	0 	0 	0 	0 	0 	0 	0 	0 	0 		0 	0 	0 	0 	0 	0 	0 	0 	0 	0 	0 	0 	0 		0 	0 	0 	0 	0 	0 	0 	0 	C 	0 	0 	0 	0 	0 	0 
Trinidad and Tobago	0 	1 	0 	0 	0 	0 	212 	0 	13 	0 	0 	2 	51 	5 	C 	0 	0 	0 	3 	0 	0 	0 		0 	0 	0 	0 	0 	0 	0 	0 	0 	0 	31 	0 	0 	0 	99 	0 	0 	0 	0 	0 	5 	0 		0 	0 	0 	82 	0 	0 	0 	0 	0 	0 	0 	0 	0 		0 	0 	0 	0 	262 	0 	0 	0 	525 	516 	0 	0 	0 	C 	1808 
Tunisia	0 	0 	0 	177 	0 	52 	0 	0 	3 	0 	0 	1 	3 	0 	1 	0 	0 	0 	44 	0 	55 	14 		0 	180 	583 	0 	0 	5 	0 	0 	0 	0 	77 	0 	0 	129 	811 	38 	0 	0 	24 	0 	236 	0 		9 	0 	180 	0 	0 	13 	0 	0 	0 	0 	8 	0 	0 		0 	3 	12 	0 	7 	0 	0 	0 	308 	639 	0 	0 	0 	0 	3613 
Turkey	0 	0 	C 	1042 	0 	808 	0 	173 	42 	0 	47 	321 	0 	5 	42 	0 	0 	0 	3 	43 	962 	59 	3 	21 	845 	3510 	0 	322 	614 	0 	0 	0 	0 	1031 	0 	32 	2323 	479 	33 	0 	0 	99 	1 	9111 	0 	3891 	0 	0 	7924 	0 	C 	342 	0 	26 	0 	105 	71 	4 	11 	48 	6 	0 	236 	632 	422 	0 		0 	10521 	14200 	2 	0 	0 	C 	60412 
Turkmenistan	0 	0 	0 	0 	0 	0 	0 	0 	0 	0 	0 	0 	0 	0 	0 	0 	0 	0 	0 	0 	0 	0 		0 	0 	0 	0 	0 	0 	0 	0 	0 	0 	0 	0 	0 	0 	0 	0 	0 	0 	0 	0 	0 	0 		0 	0 	0 	0 	0 	0 	0 	0 	0 	0 	0 	0 	0 		0 	0 	0 	0 	0 	0 	0 	0 	0 	0 	0 	0 	0 	C 	0 
Turks and Caicos Islands	0 	0 	0 	0 	0 	0 	0 	0 	0 	2 	0 	0 	0 	0 	0 	0 	0 	0 	0 	0 	0 	0 		0 	0 	0 	0 	0 	0 	0 	0 	0 	0 	0 	0 	0 	0 	0 	0 	0 	0 	0 	0 	0 	0 		3 	0 	0 	0 	0 	0 	0 	6 	0 	0 	0 	0 	0 		0 	0 	0 	0 	0 	0 	0 	0 	0 	0 	0 	0 	0 	0 	12 
Tuvalu	0 	0 	0 	0 	0 	0 	0 	0 	0 	0 	0 	0 	0 	0 	0 	0 	0 	0 	0 	0 	0 	0 		0 	0 	0 	0 	0 	0 	0 	0 	0 	0 	0 	0 	0 	0 	0 	0 	0 	0 	0 	0 	0 	0 		0 	0 	0 	0 	0 	0 	0 	0 	0 	0 	0 	0 	0 		0 	0 	0 	0 	0 	0 	0 	0 	0 	0 	0 	0 	0 	0 	0 
Uganda	0 	0 	0 	0 	0 	0 	0 	0 	0 	0 	0 	0 	0 	0 	0 	0 	0 	0 	0 	0 	0 	0 		0 	0 	0 	0 	0 	0 	0 	0 	0 	0 	0 	0 	0 	0 	0 	0 	0 	0 	0 	0 	2 	0 		0 	0 	0 	0 	0 	3 	0 	0 	0 	0 	0 	0 	0 		0 	0 	0 	0 	0 	0 	0 	0 	C 	0 	0 	0 	0 	0 	5 
Ukraine	0 	0 	C 	182 	0 	0 	0 	3 	1 	0 	5 	28 	6 	0 	C 	0 	0 	0 	104 	4 	257 	22 	13 	0 	20 	452 	0 	100 	57 	10 	0 	0 	0 	173 	0 	0 	259 	28 	22 	0 	0 	0 	0 	640 	0 		0 	0 	519 	0 	C 	1 	0 	0 	22 	C 	12 	0 	8 		0 	0 	17 	13 	41 	0 	0 		2846 	1276 	0 	0 	0 	C 	7140 
United Arab Emirates	0 	0 	0 	330 	130 	523 	0 	5 	0 	0 	0 	10 	0 	0 	488 	50 	0 	0 	75 	0 	5 	57 		0 	61 	242 	0 	2 	94 	0 	0 	0 	0 	222 	0 	0 	33 	4 	15 	0 	19 	886 	168 	272 	110 		119 	0 	55 	19 	0 	38 	2 	0 	5 	0 	0 	0 	0 	300 	0 	1 	40 	0 	128 	0 	0 	0 	841 	0 	0 	0 	0 	0 	5351 
United Kingdom	132 	14 	17976 	15652 	909 	2012 	576 	23234 	30017 	101 	25 	49349 	1086 	801 	69519 	1025 	228 	45 	1532 	924 	17025 	117 	137 	12700 	183239 	109482 	492 	17522 	19920 	39 	1070 	1 	219 	236122 	17373 	1476 	46302 	113991 	74675 	529 	2401 	1377 	268 	135241 	557 	1043 	197 	151 	103075 	428 	2648 	21421 	4 	90 	431 	332 	9708 	0 	1001 	40418 	137 	38475 	53844 	35523 	46426 	231 	59 	42 		814784 	19 	0 	7 	79059 	2456985 
United States	13168 	291 	99349 	23371 	9444 	8947 	10873 	36775 	253564 	2174 	155 	250958 	46775 	6292 	58160 	1112 	4312 	361 	1533 	1167 	42008 	289 	207 	11136 	193259 	135238 	84 	5178 	29302 	516 	1764 	27 	112 	291749 	1644 	14446 	111555 	747747 	100423 	5546 	19668 	4102 	531 	303833 	567 	982 	1323 	6805 	284012 	7461 	10458 	66773 	0 	2262 	2713 	2529 	5890 	1 	11663 	67674 	464 	9109 	44207 	77540 	100693 	616 	98 	0 	589974 		599 	4 	2349 	1197069 	5342979 
Uruguay	1 	0 	C 	88 	18 	0 	0 	1 	1 	71 	0 	25 	0 	2 	3 	0 	0 	5 	0 	0 	164 	0 	0 	0 	44 	239 	0 	2 	180 	0 	0 	0 	0 	48 	322 	0 	106 	158 	14 	0 	0 	0 	0 	414 	0 		0 	0 	151 	0 	0 	0 	0 	0 	0 	0 	11 	0 	0 		0 	0 	23 	0 	33 	0 	1 	0 	327 	1073 		0 	0 	C 	3528 
US Pacific Islands	0 	0 	0 	0 	0 	0 	0 	0 	0 	0 	0 	0 	0 	0 	0 	0 	0 	0 	0 	0 	0 	0 		0 	0 	1 	0 	0 	0 	0 	0 	0 	0 	4 	0 	0 	0 		0 	0 	0 	0 	0 	0 	0 		0 	0 	0 	0 	0 	3 	0 	0 	0 	0 	0 	0 	0 		0 	0 	0 	0 		0 	0 	0 	0 	0 	0 	0 	0 	0 	8 
US Virgin Islands	0 	0 	0 	2 	0 	0 	0 	0 	0 	2 	0 	0 	0 	0 	C 	22 	3 	0 	0 	0 	0 	0 		0 	15 	0 	0 	0 	30 	0 	0 	0 	0 	2 	1 	0 	1 	586 	0 	0 	0 	0 	0 	121 	0 		0 	0 	5 	6 	0 	0 	0 	0 	0 	0 	0 	0 	0 		0 	0 	0 	0 		0 	0 	0 	4 	0 	0 	0 	0 	0 	799 
Uzbekistan	0 	0 	0 	0 	0 	0 	0 	0 	0 	0 	0 	0 	0 	0 	0 	0 	0 	0 	0 	0 	0 	0 		0 	0 	0 	0 	0 	0 	0 	0 	0 	0 	0 	0 	0 	0 	0 	0 	0 	0 	0 	0 	0 	0 		0 	0 	0 	0 	0 	0 	0 	0 	0 	0 	0 	0 	0 		0 	0 	0 	0 	0 	0 	0 	0 	0 	0 	0 	0 	0 	C 	0 
Vanuatu	0 	0 	0 	0 	0 	0 	0 	1 	0 	0 	0 	0 	0 	0 	0 	0 	0 	0 	0 	0 	0 	0 		0 	0 	0 	0 	0 	0 	0 	0 	0 	0 	0 	0 	0 	0 	0 	0 	0 	0 	0 	1 	0 	0 		0 	0 	0 	0 	0 	0 	0 	0 	0 	0 	0 	0 	0 		0 	0 	0 	0 	0 	0 	0 	0 	0 	0 	0 		0 	C 	2 
Vatican	0 	0 	0 	0 	0 	0 	0 	0 	0 	0 	0 	0 	0 	0 	0 	0 	0 	0 	0 	0 	0 	0 		0 	0 	0 	0 	0 	0 	0 	0 	0 	0 	0 	0 	0 	0 	0 	0 	0 	0 	0 	0 	0 	0 		0 	0 	0 	0 	0 	1 	0 	0 	0 	0 	0 	0 	0 		0 	0 	0 	0 	0 	0 	0 	0 	0 	0 	0 	0 	0 	0 	1 
Venezuela, Republica Bolivariana de	1 	0 	10 	196 	29 	0 	0 	77 	132 	9 	1 	100 	46 	21 	16 	0 	3 	3 	31 	0 	710 	0 		13 	339 	751 	0 	9 	531 	2 	0 	0 	0 	400 	0 	0 	884 	289 	24 	0 	0 	0 	9 	1877 	0 		0 	0 	754 	335 	0 	2 	0 	147 	5 	0 	6 	0 	0 		1 	0 	115 	0 	131 	0 	5 	0 	5904 	6114 	22 	0 		C 	20056 
Vietnam	0 	0 	C 	24 	0 	0 	0 	0 	0 	0 	0 	6 	0 	0 	C 	0 	0 	0 	53 	0 	48 	0 		0 	13 	79 	0 	0 	12 	0 	0 	0 	0 	14 	0 	0 	3 	12 	0 	0 	0 	0 	0 	67 	0 		0 	0 	18 	0 	0 	1 	0 	0 	0 	0 	0 	0 	0 	62 	0 	0 	1 	0 	5 	14 	0 	0 	481 	306 	0 	0 	0 	C 	1218 
Virgin Islands, British	0 	0 	0 	206 	34 	0 	1 	105 	2254 	225 	0 	728 	12 	0 	6774 	52 	0 	0 	78 	22 	63 	0 	6 	180 	3874 	274 	3 	76 	2972 	0 	12 	0 	0 	1820 	105 	0 	1969 	1003 	734 	0 	142 	38 	14 	4957 	0 		78 	0 	269 	2668 	C 	44 	0 	5 	0 	0 	413 	0 	1 	613 	0 	44 	294 	145 		5 	0 	0 	3121 	8382 	0 	0 	85 	C 	44901 
Wallis and Futuna	0 	0 	0 	0 	0 	0 	0 	0 	0 	0 	0 	0 	0 	0 	0 	0 	0 	0 	0 	0 	0 	0 		0 	0 	0 	0 	0 	0 	0 	0 	0 	0 	0 	0 	0 	0 	0 	0 	0 	0 	0 	0 	0 	0 		0 	0 	0 	0 	0 	0 	0 	0 	0 	0 	0 	0 	0 		0 	0 	0 	0 	0 	0 	0 	0 	0 	0 	0 	0 	0 	0 	0 
West Bank and Gaza	0 	0 	0 	0 	0 	0 	0 	0 	0 	0 	0 	0 	0 	0 	0 	0 	0 	0 	0 	0 	0 	0 		0 	0 	0 	0 	0 	0 	0 	0 	0 	0 	6 	0 	0 	0 	0 	0 	0 	0 	0 	0 	0 	0 		0 	0 	0 	0 	0 	0 	0 	0 	0 	0 	0 	0 	0 		0 	0 	0 	0 	0 	0 	0 	0 	0 	0 	0 	0 	0 	0 	6 
Western Sahara	0 	0 	0 	0 	0 	0 	0 	0 	0 	0 	0 	0 	0 	0 	0 	0 	0 	0 	0 	0 	0 	0 		0 	0 	0 	0 	0 	0 	0 	0 	0 	0 	0 	0 	0 	0 	0 	0 	0 	0 	0 	0 	0 	0 		0 	0 	0 	0 	0 	0 	0 	0 	0 	0 	0 	0 	0 		0 	0 	0 	0 		0 	0 	0 	0 	0 	0 	0 	0 	0 	0 
Yemen, Republic of	0 	0 	0 	0 	0 	0 	0 	0 	0 	0 	0 	0 	0 	0 	C 	0 	0 	0 	0 	0 	0 	0 		0 	0 	0 	0 	0 	0 	0 	0 	0 	0 	0 	0 	0 	0 	0 	0 	0 	0 	1 	0 	11 	0 		0 	0 	0 	0 	0 	0 	0 	0 	0 	0 	0 	0 	0 		0 	0 	0 	0 	1 	0 	0 	0 	C 	0 	0 	0 	0 	0 	13 
Zambia	0 	0 	0 	0 	0 	0 	0 	3 	0 	0 	0 	0 	0 	0 	0 	0 	0 	0 	0 	0 	0 	0 		0 	6 	0 	0 	0 	0 	0 	0 	0 	0 	0 	0 	0 	0 	0 	0 	0 	0 	0 	0 	0 	0 		0 	0 	0 	0 	0 	0 	0 	0 	0 	0 	0 	0 	0 		0 	0 	0 	0 	0 	0 	0 	0 	100 	12 	0 	0 	0 	0 	121 
Zimbabwe	0 	0 	0 	0 	0 	0 	0 	0 	0 	0 	0 	0 	0 	0 	0 	0 	0 	0 	0 	0 	0 	0 		0 	0 	0 	0 	0 	3 	0 	0 	0 	0 	0 	0 	0 	0 	0 	0 	0 	0 	0 	0 	16 	0 		0 	0 	0 	0 	0 	0 	0 	0 	0 	0 	0 	0 	0 		0 	3 	0 	0 	0 	0 	0 	0 	1 	79 	0 	0 	0 	0 	102 
Not Specified (including Confidential)	0 	5 	13474 	0 	11 	8346 	162 	0 	3 	0 	0 	293 	165 	133 	316 	5 	0 	0 	0 	0 	2525 	2 	0 	1453 	82 	0 	0 	10968 	0 	47 	143 	0 	0 	5592 	705 	6105 	0 	1045 	0 	26 	0 	1464 	30 	2170 	80 	1173 	56 	0 	12447 	0 	5090 	2725 	0 	1 	0 	316 	149 	0 	0 	10531 	0 	19 	45822 	389 	66126 	425 	0 	0 	67461 	2918 	1 	0 	0 	65231 	336228 
International Organizations	0 	0 	0 	2552 	0 	33 	227 	2867 	2203 	0 	26 	1742 	11 	38 	1776 	257 	381 	96 	74 	1064 	0 	114 	22 	0 	20927 	13168 	46 	2243 	537 	4 	23 	31 	0 	5234 	54 	0 	50999 	96676 	282 	906 	437 	0 	0 	9395 	0 	21 	1 	0 	53 	184 	C 	2732 	0 	0 	18 	414 	788 	0 	144 		177 	92 	5293 	656 	4859 	0 	0 	0 	56838 	21962 	4 	0 	21 	186357 	495059 
World	16270 	401 	197965 	284165 	20725 	30548 	15846 	550775 	392133 	6380 	789 	469616 	72302 	25136 	436599 	8291 	5640 	807 	13702 	19026 	196730 	2150 	2963 	154183 	1873259 	1552803 	1379 	69979 	137222 	2508 	10944 	81 	1169 	1182212 	29079 	26202 	982065 	2114888 	307173 	10962 	43665 	15273 	2036 	1840921 	3781 	11861 	54834 	8706 	1161463 	24106 	27841 	280637 	389 	5213 	5836 	8772 	134738 	725 	17771 	283149 	3430 	64686 	581153 	300213 	743426 	3436 	718 	48 	2373924 	4591122 	1858 	70 	3681 	2221136 	26045685 