COUNTRY	Argentina	Aruba	Australia	Austria	Bahamas, The	Bahrain, Kingdom of	Bangladesh	Barbados	Belarus	Belgium	Bermuda	Bolivia	Brazil	Bulgaria	Canada	Cayman Islands	Chile	China, P.R.: Hong Kong	China, P.R.: Macao	Colombia	Costa Rica	Cyprus	Czech Republic	Denmark	Egypt	Estonia	Finland	France	Germany	Gibraltar	Greece	Guernsey	Honduras	Hungary	Iceland	India	Indonesia	Ireland	Isle of Man	Israel	Italy	Japan	Jersey	Kazakhstan	Korea, Republic of	Kosovo	Kuwait	Latvia	Lebanon	Lithuania	Luxembourg	Malaysia	Malta	Mauritius	Mexico	Mongolia	Netherlands	New Zealand	Norway	Pakistan	Palau	Panama	Philippines	Poland	Portugal	Romania	Russian Federation	Saudi Arabia	Singapore	Slovak Republic	Slovenia	South Africa	Spain	Sweden	Switzerland	Thailand	Turkey	Ukraine	United Kingdom	United States	Uruguay	Venezuela, República Bolivariana de	SEFER + SSIO (**)	Value of Total Investment
Afghanistan, Islamic Republic of	0 	0 	0 	0 				0 	0 		0 		0 	0 			0 	0 		0 		0 		0 	0 	0 			0 	0 		0 		0 		0 		4 	0 			0 		0 	0 	0 			0 	0 	0 		0 			0 	0 		5 					0 	0 		0 	0 		0 	0 		C 	0 	0 		0 		0 				0 	8 
Albania	0 	0 	0 	2 				0 	0 	0 	0 		0 	6 			2 	0 		0 		0 		0 	0 	0 		3 	34 	0 	4 	0 		0 		0 		12 	0 		60 	0 		0 	0 	0 			0 	0 	81 		0 			0 	5 							C 	0 	C 	0 	0 		0 	0 		C 	0 	3 		0 		49 				C 	262 
Algeria	0 	0 	0 	0 				0 	0 		0 		0 	0 			1 	29 		0 		2 		1 	13 	0 		436 	0 	0 		0 		0 		0 		0 	0 			0 		0 	5 	0 			0 	0 	0 		0 	5 		0 	0 		0 					0 	14 		0 	0 		0 	0 		C 	0 	1 		0 		71 				0 	579 
American Samoa	0 	0 	C 	0 				0 	0 		0 		0 	0 			0 	0 		0 		0 		0 	0 	0 			0 			0 		0 		0 		0 	0 			0 		0 	0 	0 			0 	0 	0 		0 	1 		0 	0 							0 	0 		0 	0 		0 	0 		C 	0 			0 		0 				0 	1 
Andorra	0 	0 	0 	0 				0 	0 		0 		0 	0 			1 	0 		0 		0 		0 	0 	0 		1 	0 	0 		0 		0 		0 		0 	0 			0 		0 	0 	0 			0 	0 	7 		0 			0 	0 		0 					0 	0 		0 	0 		0 	0 		C 	78 	0 		0 		1 				0 	87 
Angola	0 	0 	C 	0 				0 	0 		4 		0 	0 			0 	0 		0 		0 		3 	0 	0 			0 	0 		0 		0 		0 		19 	0 			0 	56 	0 	0 	0 			0 	0 	56 		0 	1101 		0 	0 		6 					0 	397 		0 	0 		0 	0 	109 	C 	3 	0 		0 		58 				0 	1814 
Anguilla	0 	0 	0 	0 				0 	0 		0 		0 	0 			0 	0 		0 		0 		0 	0 	0 			0 	0 		0 		0 		0 		0 	0 			0 	133 	0 	0 	0 			0 	0 	0 		0 			0 	0 							0 	0 		0 	0 		0 	0 		C 	0 			0 		0 				0 	133 
Antigua and Barbuda	0 	0 	0 	0 				0 	0 	1 	0 		0 	0 			0 	0 		0 		0 	0 	0 	0 	0 	C 	0 	0 	8 		0 		0 		0 		1 	0 		1 	2 		0 	0 	0 		0 	0 	0 	2 	0 	0 			0 	0 							0 	0 		0 	0 	C 	0 	0 		C 	0 			0 		0 	50 			0 	65 
Argentina		1 	25 	123 	100 	6 		0 	0 	38 	340 		465 	0 	109 	25 	282 	15 		6 	2 	1 	0 	484 	0 	0 	19 	188 	735 	0 	2 	42 		0 	0 	0 	1 	716 	2 	1 	3133 	273 	179 	0 	1 	0 		1 	18 	0 	2707 		C 	14 	23 	0 	568 		72 			13 	C 	C 	0 	C 	1 	307 	16 	0 	1 	8 	C 	30 	233 		1 		1348 	16602 	154 	101 	C 	29531 
Armenia, Republic of	0 	0 	0 	1 				0 	0 		2 		0 	0 			0 	0 		0 		0 		73 	0 	0 	C 	28 	55 	0 		0 		0 		0 		21 	0 		8 	6 		0 	28 	0 		1 	0 	0 	336 		0 			0 	56 							0 	0 		0 	0 		0 	0 		C 	0 	12 		0 		15 				C 	640 
Aruba	0 		0 	6 				1 	0 		0 		0 	0 	17 	11 	0 	0 		0 		0 		6 	0 	0 			1 	0 		0 		0 		0 		0 	0 		6 	35 		0 	2 	0 			0 	0 	18 		0 			0 	0 					17 		0 	0 		0 	0 		0 	0 		C 	0 	2 		0 		1 	180 			0 	303 
Australia	0 	8 		2639 	57 	204 	37 	89 	0 	5300 	10898 		9 	3 	24001 	326 	170 	24163 	1130 	187 	23 	22 	29 	2579 	0 	2 	2405 	32260 	36472 	245 	66 	1534 		10 	43 	8 	55 	43546 	105 	271 	5537 	131946 	1264 	2107 	4384 	0 		91 	77 	11 	47072 	2498 	455 	57 	1 	34 	24545 	7554 	23264 			18 	113 	1 	343 	0 	1 	1660 	29525 	358 	397 	312 	1711 	5780 	27840 	1067 	1 		91316 	318170 	155 	2 	71172 	989735 
Austria	0 	1 	595 			14 	4 	67 	0 	15500 	476 	35 	8 	128 	1060 	10 	81 	160 	7 	66 		346 	4341 	1889 	0 	114 	2995 	58173 	104297 	2 	426 	370 		759 	1 	0 		8721 	6 	182 	18588 	11327 	1405 	429 	177 	7 		86 	6 	34 	29865 	85 	476 		1 	0 	43937 		5284 			2 	C 	959 	1573 	345 	2 	41 	C 	1350 	883 	46 	4208 	717 	26398 	3 	0 		17718 	18331 	4 		29883 	415005 
Azerbaijan, Republic of	0 	0 	0 	18 				0 	0 		115 		0 	0 	15 	2 	0 	C 		0 		0 	1 	123 	0 	0 	C 	29 	262 	0 		15 		0 		0 		189 	0 		38 	24 	69 	0 	8 	0 		6 	0 	0 	760 		0 	6 		0 	206 		1 					C 	0 		0 	87 		0 	0 		C 	4 	39 	0 	32 		154 				C 	2204 
Bahamas, The	0 	0 	C 	58 		0 		3 	0 	56 	789 		1723 	0 	194 	60 	71 	132 	0 	7 	0 	4 	2 	205 	0 	0 	C 	84 	98 	0 		117 		4 		0 		215 	18 		38 	880 	757 	0 	10 	0 		0 	51 	0 	1057 	4 	C 			0 	59 		51 			0 	6 	C 	20 		0 	26 	C 	0 	0 		C 	32 	2602 	18 	0 		350 	6967 			C 	16768 
Bahrain, Kingdom of	0 	0 	C 	18 				0 	0 	14 	39 		0 	0 	9 		0 	59 		0 		31 		11 	20 	3 		139 	288 	2 		20 		0 		0 		121 	0 		34 	14 	78 	0 	13 	0 	4075 	1 	382 	1 	331 	112 	C 	0 		0 	50 	C 	49 	0 			C 	0 	0 	C 	0 	1941 	C 	0 	0 	8 	C 	0 	63 	13 	3 		464 		0 		C 	8406 
Bangladesh	0 	0 	18 	0 				0 	0 		0 		0 	0 			0 	509 		0 		0 		85 	0 	0 			7 	0 		4 		0 		0 	4 	46 	0 		0 	3 		0 	0 	0 			0 	0 	413 	6 	0 	73 		0 	4 		7 					0 	0 		0 	0 	C 	0 	0 		C 	10 	95 	0 	0 		525 				0 	1811 
Barbados	0 	1 	9 	13 					0 	0 	34 		0 	0 	50 	4 	2 	0 		0 		0 		11 	0 	0 	C 	16 	36 	0 		1 		0 		0 		50 	1 	3 	6 	67 		0 	0 	0 			0 	0 	335 		0 			0 	38 		1 			7 		0 	0 		0 	0 		0 	0 		C 	0 	4 		0 		142 	2735 	0 		0 	3566 
Belarus	0 	0 	0 	8 				0 			0 		0 	4 			0 	0 		0 		-5 	0 	33 	0 	2 	C 	23 	67 	0 		28 		0 	0 	0 		47 	0 		69 	15 		0 	0 	0 		4 	0 	0 	347 		0 			0 	49 							0 	0 	C 	2 	0 	C 	1 	0 		C 	0 	26 		4 		15 	407 			C 	1147 
Belgium	0 	2 	1561 	7665 		17 	67 	0 	0 		1605 	39 	667 	27 	2253 	58 	902 	562 	26 	48 	20 	222 	2569 	3976 	0 	126 	4151 	117814 	67192 	100 	1526 	54 		608 	3 	3 	2 	30176 	11 	85 	10623 	24150 	431 	97 	732 	43 	0 	47 	44 	14 	62660 	0 	190 	84 	22 	0 	45314 		7985 	1 		1 		15 	2115 	C 	0 	958 	C 	728 	330 	191 	6838 	2143 	8329 	12 	1 		30228 	62367 	12 		44403 	555246 
Belize	0 	0 	0 	2 				1 	0 		0 		4 	0 	6 		2 	0 		3 		0 		16 	0 	0 	C 	13 	8 	0 		0 		0 		0 		15 	0 		2 	0 		0 	0 	0 			0 	0 	48 		C 	22 		0 	6 					9 		0 	0 		0 	0 		0 	0 		C 	0 	2 		0 		1 	279 			0 	440 
Benin	0 	0 	0 	0 				0 	0 		0 		0 	0 			0 	0 		0 		0 		0 	0 	0 			0 	0 		0 		0 		0 		0 	0 			0 		0 	0 	0 			0 	0 	4 		0 			0 	0 							0 	0 		0 	0 		0 	0 		C 	0 	0 		0 		0 				0 	4 
Bermuda	0 	3 	4431 	221 	19 	80 		40 	0 	1126 			1560 	2 	11930 	67 	67 	118350 	806 	0 	0 	83 	64 	1832 	0 	4 	796 	2317 	3257 	11 	12 	3119 		16 	15 	220 	66 	8899 	156 	4 	585 	22154 	137 	16 	616 	0 		6 	24 	4 	24697 	401 	107 	11 	1 	0 	8487 		2836 	0 		10 	2 	9 	50 	1 	65 	18 	8320 	1 	1 	9851 	268 	2541 	5523 	259 	1 		12772 	226689 	82 		C 	486116 
Bhutan	0 	0 	0 	0 				0 	0 		0 		0 	0 			0 	0 		0 		0 		0 	0 	0 			0 	0 		0 		0 		0 		0 	0 			0 		0 	0 	0 			0 	0 	0 		0 			0 	0 							0 	0 		0 	0 		0 	0 		C 	0 	0 		0 		0 				0 	0 
Bolivia	0 	0 	0 	5 				0 	0 		2 		1 	0 		2 	6 	0 		0 		0 		53 	0 	0 	C 		52 	0 		6 		0 		0 		52 	0 		10 	4 	81 	0 	0 	0 			0 	0 	132 		0 			0 	73 					0 		0 	0 		0 	0 	C 	0 	0 		C 	0 	4 		0 		12 				0 	496 
Bonaire, Sint Eustatius and Saba	0 	0 	0 	0 				0 	0 		0 		0 	0 			0 	0 		0 		0 		0 		0 			0 	0 		0 		0 		0 		0 	0 			0 		0 	0 	0 			0 	0 	0 		0 			0 	0 							0 	0 		0 	0 		0 	0 		C 	0 	235 		0 		118 				0 	353 
Bosnia and Herzegovina	0 	0 	0 	6 				0 	0 		0 		0 	0 			0 	0 		0 		0 		23 	0 	0 	C 	0 	12 	0 		11 		0 	0 	0 		18 	0 		0 	0 		0 	0 	0 	15 		0 	1 	189 		0 	0 		0 	1 		3 					0 	0 		0 	0 		0 	25 		C 	0 	5 		0 		0 	64 			C 	375 
Botswana	0 	0 	C 	0 				0 	0 		2 		0 	0 			0 	0 		0 		0 		9 	0 	0 	C 	4 	0 	0 		1 		0 		0 		51 	0 			0 	27 	0 	0 	0 			0 	0 	54 		0 	78 		0 	2 							0 	0 		0 	0 		0 	0 	36 	C 	1 	0 		0 		16 	100 			0 	382 
Brazil	455 	6 	4329 	596 	10520 	1329 	13 	9 	0 	666 	1707 	12 		17 	11167 	20701 	2612 	149 	20 	369 	37 	7 	20 	3081 	0 	6 	620 	6419 	7667 	264 	11 	1721 		10 	1 	8 	1 	18486 	259 	157 	1718 	15801 	395 	6 	7676 	0 		15 	38 	4 	46107 	20 	26 	2 	2719 	0 	11190 	79 	11165 	11 		557 	117 	5 	1154 	0 	4 	1909 	C 	32 	89 	128 	9878 	1784 	4517 	2109 	19 		56540 	165906 	330 	2 	C 	435506 
British Indian Ocean Territory	0 	0 	0 	0 				0 	0 		3 		0 	0 			0 	0 		0 		0 		0 	0 	0 			0 	2 		0 		0 		0 		0 	0 			0 		0 	0 	0 			0 	0 	0 		0 			0 	0 							0 	0 		0 	0 		0 	0 		C 	0 			0 		0 				0 	4 
Brunei Darussalam	0 	0 	C 	0 				0 	0 		0 		0 	0 			0 	0 		0 		0 		0 	0 	0 		27 	0 	0 		0 		0 		0 	0 	0 	1 			0 		0 	0 	0 			0 	0 	0 	15 	0 			0 	0 							0 	0 		0 	0 	C 	0 	0 		C 	0 	0 		0 		0 		0 		0 	44 
Bulgaria	0 	0 	C 	387 		13 		0 	0 	44 	38 		0 		2 		0 	0 		0 		11 	12 	61 	0 	44 	C 	480 	654 	0 	221 	0 		36 	0 	0 		73 	0 	4 	99 	16 		0 	0 	0 		57 	0 	41 	771 	10 	C 			0 	110 	0 	126 					38 	0 	19 	1 	15 	C 	154 	30 		C 	4 	31 		0 		195 	144 	0 		C 	3943 
Burkina Faso	0 	0 	0 	0 				0 	0 		0 		0 	0 			0 	0 		0 		0 		0 	0 	0 		23 	0 	0 		0 		0 		0 		0 	0 			0 	6 	0 	0 	0 			0 	0 	0 		0 	3 		0 	0 							0 	0 		0 	0 		0 	0 		C 	0 	0 		0 		0 				0 	31 
Burundi	0 	0 	0 	1 				0 	0 		0 		0 	0 			0 	0 		0 	2 	0 	0 	10 	0 	0 		9 	5 	0 		0 		0 		0 		0 	0 		23 	0 		0 	0 	0 			0 	0 	71 		C 	57 		0 	0 						C 	0 	0 		0 	0 		0 	0 		C 	0 	0 		0 		45 				0 	223 
Cambodia	0 	0 	0 	1 				0 	0 		0 		0 	0 			0 	7 		0 		0 		0 	0 	0 			0 	6 		2 		0 		0 		0 	0 			177 		0 	1 	0 			0 	0 	396 	0 	0 	0 		0 	11 		19 					0 	0 		0 	0 	C 	0 	0 		C 	1 	0 	1 	0 		5 				0 	627 
Cameroon	0 	0 	0 	0 				0 	0 	0 	0 		0 	0 			0 	0 		0 		0 		0 	0 	0 		156 	0 	0 		0 		0 		0 		0 	0 			0 		0 	0 	0 			0 	0 	29 		0 	16 		0 	0 							C 	0 		0 	0 		0 	0 	44 	C 	0 	0 		0 		147 				0 	392 
Canada	2 	9 	18547 	2238 	20 	76 	61 	790 	0 	4695 	27516 	30 	37 	1 		131 	865 	8007 	248 	356 	30 	59 	37 	3297 	0 	6 	2518 	11942 	34578 	78 	63 	3771 	3 	41 	253 	11 	1 	33714 	261 	150 	3561 	58908 	926 	2066 	3264 	0 	0 	293 	36 	3 	46204 	116 	1177 	159 	45 	15 	18891 	352 	29050 			115 	44 	66 	216 	13 	317 	3253 	14309 	682 	177 	1394 	909 	10211 	37807 	194 	4 		28822 	839933 	231 		103775 	1361978 
Cabo Verde	0 	0 	0 	0 				0 	0 		0 		0 	0 			0 	0 		0 		0 		0 	0 	0 			0 	0 				0 		0 		0 	0 			0 	2 	0 	0 	0 			0 	0 	0 		0 			0 	0 							0 	67 		0 	0 		0 	0 		C 	0 	0 		0 		0 				0 	70 
Cayman Islands	0 	5 	23737 	3011 	715 	1828 		27 	0 	1665 	21064 		1694 	2 	23016 		901 	257567 	3132 	352 	18 	30 	45 	9888 	334 	29 	14152 	17499 	22866 	331 	497 	14547 		20 	33 	37 	436 	38786 	2396 	235 	3420 	524657 	7283 	23 	5002 	0 	873 	23 	186 	7 	82736 	1550 	212 	1403 	18 	0 	20028 	C 	2758 	25 		202 	370 	23 	2931 	5 	0 	1325 	10679 	41 	24 	403 	2150 	11327 	50957 	769 	403 		90767 	1113915 	136 		C 	2397524 
Central African Republic	0 	0 	C 	0 				0 	0 		0 		0 	0 			0 	0 		0 		0 		0 	0 	0 			0 	0 		0 		0 		0 		0 	0 			0 		0 	0 	0 			0 	0 	1 		0 			0 	0 							0 	0 		0 	0 		0 	0 		C 	0 	0 		0 		0 				0 	1 
Chad	0 	0 	0 	0 				0 	0 		0 		0 	0 			0 	0 		0 		0 	0 	0 	0 	0 			0 	0 		0 		0 		0 		0 	0 			0 		0 	0 	0 			0 	0 	0 		0 			0 	0 							0 	0 		0 	0 		0 	0 		C 	0 	0 		0 		0 				0 	0 
Chile	4 	1 	509 	301 	22 	33 		0 	0 	168 	2308 	2 	339 	0 	1185 	172 		299 	19 	96 	3 	5 	1 	651 	0 	0 	116 	819 	3030 	39 		66 		0 	0 	0 		2117 	1 	10 	239 	1769 	123 	0 	178 	0 		13 	3 	7 	4844 	0 	4 	0 	1 		1803 		2193 			192 	C 	C 	0 		0 	738 	C 	6 	5 	1 	692 	220 	3378 	68 	0 		4413 	32064 	130 		C 	65401 
China, P.R.: Hong Kong	0 	5 	9149 	473 	7 	159 	28 	0 	0 	561 	10563 	68 	8 	1 	8666 		60 		9145 	1 	0 	6 	15 	2050 	0 	1 	698 	5357 	4858 	14 	5 	620 		10 	14 	30 	559 	15555 	101 	190 	555 	21405 	479 	1114 	7930 	0 	14 	18 	10 	4 	38235 	3848 	37 	365 	18 	97 	13333 	60 	10355 	5 		22 	234 	0 	37 		1 	4553 	32067 	29 	40 	106 	1074 	5104 	7233 	4834 	0 		52933 	154315 	0 		C 	429442 
China, P.R.: Macao	0 	0 	C 	0 		1 		0 	0 		24 		0 	0 			0 	618 		0 		0 	0 	0 	0 	0 	C 	10 	2 	0 		0 		0 		0 		0 	0 			122 		3 	75 	0 			0 	0 	79 	0 	0 	182 		0 	4 		269 				C 	0 	306 		0 	0 	C 	0 	0 		C 	15 	0 	227 	0 		300 				C 	2238 
China, P.R.: Mainland	24 	3 	5718 	470 	1 	444 	61 	0 	22 	742 	4089 		2 	0 	18394 	22 	72 	381389 	24148 	1 	19 	4 	27 	1444 	3 	2 	C 	10610 	5723 	5 	5 	1787 		4 	16 	3 	1333 	20513 	294 	6 	651 	18927 	866 	63 	10494 	0 	16 	0 	9 	103 	45031 	1212 	C 	11521 	55 	40 	11638 	30 	16592 			8 	678 	0 	366 	C 	4 	4112 	78802 	28 	100 	286 	C 	2640 	5762 	2690 	1 		47957 	128714 	0 		21683 	888476 
Christmas Island	0 	0 	0 	0 				0 	0 		0 		0 	0 			0 	0 		0 		0 		0 	0 	0 			0 	0 		0 		0 		0 		0 	0 			0 		0 	0 	0 			0 	0 	0 		0 			0 	0 							0 	0 		0 	0 		0 	0 		C 	0 			0 		0 				0 	0 
Cocos (Keeling) Islands	0 	0 	0 	0 				0 	0 		0 		0 	0 			0 	0 		0 	0 	0 		0 	0 	0 			0 	0 		0 		0 		0 		0 	0 			0 		0 	1 	0 			0 	0 	0 		0 			0 	0 							0 	0 		0 	0 		0 	0 		C 	0 			0 		285 				0 	286 
Colombia	0 	1 	324 	114 	106 	14 		2 	0 	127 	662 	2 	6 	0 	605 	217 	741 	16 	0 		15 	0 	1 	968 	0 	0 	76 	349 	3140 	58 		128 		0 		0 	0 	3231 	8 	1 	349 	1429 	197 	1 	100 	0 		2 	0 	0 	6380 	0 	C 	1 		0 	2531 		1492 			914 	C 	0 	0 		0 	873 	C 	3 	4 		C 	136 	1012 	1 	0 		1491 	24509 	94 		C 	52435 
Comoros	0 	0 	0 	0 				0 	0 		0 		0 	0 			0 	0 		0 		0 		0 	0 	0 			0 	0 		0 		0 		0 		0 	0 			0 		0 	0 	0 			0 	0 	0 		0 			0 	0 							0 	0 		0 	0 		0 	0 		C 	0 	0 		0 		0 				0 	0 
Congo, Democratic Republic of	0 	0 	0 	0 				0 	0 	3 	109 		0 	0 			0 	0 		0 		0 		0 	0 	0 		0 	0 	0 		0 		0 		0 		0 	0 			0 		0 	0 	0 			0 	0 	19 		0 	1 		0 	0 							0 	0 		0 	4 		0 	0 		C 	0 	0 		0 		3 				0 	139 
Congo, Republic of	0 	0 	0 	0 				0 	0 		0 		0 	0 			0 	0 		0 		0 		3 	0 	0 		23 	13 	0 		0 		0 		0 		38 	0 		0 	3 		0 	0 	0 			0 	0 	4 		0 			0 	2 							0 	0 		0 	0 		0 	0 		C 	0 	0 		0 		4 	253 			0 	344 
Cook Islands	0 	0 	0 	0 				0 	0 		0 		0 	0 			0 	0 		0 		0 		0 	0 	0 		0 	0 	0 		0 		0 		0 		0 	0 			0 		0 	0 	0 			0 	0 	0 		0 			0 	0 							0 	0 		0 	0 	C 	0 	0 		C 	0 			0 		0 				0 	0 
Costa Rica	0 	0 	C 	22 	21 			13 	0 	0 	245 	1 	0 	0 	22 	20 	10 	0 		15 		0 		242 	0 	0 	C 	13 	353 	0 		13 		0 		0 		257 	1 	1 	51 	23 	95 	0 	0 	0 		0 	0 	0 	978 		C 			0 	376 		5 			243 		0 	0 		0 	20 	C 	0 	0 		C 	5 	32 		0 		150 		0 		0 	3229 
Cote d'Ivoire	0 	0 	C 	13 				0 	0 		140 		0 	0 	20 		0 	192 		0 		0 		124 	0 	0 	C 	165 	188 	0 		54 		0 		0 		305 	0 		9 	45 	12 	0 	0 	0 		0 	1 	0 	790 	0 	0 	83 		0 	83 							0 	0 		0 	0 	C 	0 	0 	19 	C 	14 	45 		3 		453 	963 			0 	3720 
Croatia	0 	0 	C 	709 				0 	0 	35 	283 		2 	223 	64 		0 	0 		0 		10 	13 	415 	0 	7 	C 	219 	1501 	2 		30 		67 	0 	0 		531 	0 	1 	470 	57 	61 	0 	1 	0 		56 	2 	76 	2548 		C 	6 		0 	608 		71 			0 		39 	0 	53 	44 	170 	C 	167 	51 		C 	17 	189 		2 		499 	2378 	0 		C 	11674 
Cuba	0 	0 	C 	0 				0 	0 		0 		0 	0 			0 	0 		0 		0 		0 	0 	0 		28 	0 	0 		9 		0 	0 	0 		0 	0 			15 		0 	0 	0 			0 	0 	0 		0 			0 	0 							0 	0 		0 	0 		0 	0 		C 	0 	0 		0 		0 	2 	190 	690 	0 	934 
Curacao	0 	7 	0 	202 				1 	0 	1300 	125 		1 	8 	1835 	9 	1 	6 	3 	0 		1 	119 	341 		0 	63 	19485 	1779 	0 	5 	8 		63 		0 		1360 	0 		543 	4329 	30 	63 	0 	0 		1 	1 	1 	3083 	0 	C 		27 	0 	1294 		23 			0 		C 	25 	C 	1 	0 	C 	38 	38 		609 	80 	4176 		0 		139 				C 	41221 
Curacao & St. Maarten																																																																																				
Cyprus	0 	0 	16 	75 		13 		0 	0 	294 	26 		0 	3 	62 		0 	20 		0 			54 	78 	0 	23 	C 	297 	251 	0 	219 	1435 		6 	0 	5 		336 	0 	1 	79 	48 	17 	2 	19 	0 		13 	1 	3 	8494 	12 	C 	45 		0 	141 		260 					202 	7 	7 	5679 	0 	C 	65 	2 	1 	C 	126 	302 		0 	66 	673 	1695 	0 		C 	21179 
Czech Republic	0 	1 	181 	3043 		14 	4 	11 	0 	1493 	55 		0 	478 	149 		1 	37 	0 	0 		8 		136 	0 	21 	87 	3215 	6485 	2 	8 	316 		55 	0 	0 		834 	0 	13 	1028 	938 	484 	15 	25 	0 		22 	2 	53 	2924 	0 	C 			0 	1162 		1197 					821 	17 	11 	72 	15 	C 	1353 	137 	3 	192 	127 	1132 	1 	0 		3367 	3095 	0 		C 	34842 
Denmark	0 	2 	1732 	2592 		8 	43 	118 	0 	2450 	840 		1867 	15 	3531 	1 	127 	346 	36 	1 	3 	11 	36 		0 	521 	31812 	14573 	34519 	34 	17 	9540 		5 	47 	0 		8149 	311 	82 	2284 	9057 	1000 	817 	470 	23 		64 	6 	132 	24196 	11 	105 	261 	13 	0 	10486 	69 	19643 			2 	C 	22 	349 	C 	0 	1218 	C 	418 	149 	39 	759 	19606 	9286 	5 	2 		22632 	69725 	0 		20723 	326942 
Djibouti	0 	0 	0 	0 				0 	0 		0 		0 	0 			0 	0 		0 		0 		0 	0 	0 			0 	0 		0 		0 		0 		0 	0 			0 		0 	0 	0 			0 	0 	0 		0 			0 	0 							0 	0 		0 	0 		0 	0 		C 	0 	0 		0 		0 				0 	0 
Dominica	0 	0 	0 	0 				0 	0 		0 		0 	0 			0 	0 		0 		0 		0 	0 	0 			0 	0 		0 		0 		0 		0 	0 			0 		0 	0 	0 			0 	0 	4 		0 			0 	0 							0 	0 		0 	0 		0 	0 		C 	0 	0 		0 		1 				0 	5 
Dominican Republic	0 	1 	2 	16 				0 	0 	0 	6 		0 	0 	52 	7 	0 	0 		0 	1 	0 		295 	0 	0 	18 	15 	316 	0 		27 		0 		0 		389 	0 		49 	64 	120 	0 	0 	0 		0 	0 	0 	1191 		0 			0 	449 					87 		0 	0 		0 	118 		0 	0 		C 	5 	34 		0 		143 	2056 	0 		C 	5460 
Ecuador	0 	0 	C 	10 		1 		0 	0 		3 		0 	0 	1 		30 	5 		0 	0 	0 		50 	0 	0 	C 	8 	58 	0 		22 		0 		0 		100 	0 		7 	11 	2 	0 	0 	0 			0 	0 	932 	0 	0 			0 	102 					10 		0 	0 		0 	26 	C 	0 	0 		C 	0 	13 		1 		52 	463 	1 		0 	1909 
Egypt	0 	0 	79 	5 		564 	3 	0 	0 	2 	69 		0 	0 	94 		0 	21 		0 		26 	0 	112 		0 	C 	463 	59 	2 		278 		1 		0 	1 	516 	0 		31 	80 	62 	0 	12 	0 	503 	0 	5 	0 	1070 	3 	0 	20 		0 	148 		699 			17 		C 	0 		1 	80 	C 	0 	0 	155 	C 	35 	66 	5 	0 		1181 	4662 			C 	11131 
El Salvador	0 	0 	C 	13 				0 	0 		346 		0 	0 	25 	9 	0 	0 		15 	11 	0 		241 	0 	0 	11 	6 	446 	0 		20 		0 		0 	0 	335 	0 		48 	49 	112 	0 	0 	0 			0 	0 	604 		0 			0 	311 					75 		0 	0 		0 	81 	C 	0 	0 		C 	6 	33 		0 		88 	1092 	0 		0 	3977 
Equatorial Guinea	0 	0 	0 	0 				0 	0 		0 		0 	0 			0 	0 		0 		0 		0 	0 	0 			0 	0 		0 		0 	0 	0 		0 	0 			0 		0 	0 	0 			0 	0 	0 		0 			0 	0 							0 	0 		0 	0 		0 	0 		C 	0 	0 		0 		0 				0 	0 
Eritrea	0 	0 	0 	0 				0 	0 		0 		0 	0 			0 	0 		0 		0 		0 	0 	0 			0 	0 		0 		0 		0 		0 	0 			0 		0 	0 	0 			0 	0 	0 	0 	0 			0 	0 							0 	0 		0 	0 		0 	0 		C 	0 	0 	3 	0 		0 				0 	3 
Estonia	0 	0 	C 	62 				0 	0 	8 	0 		0 	0 			2 	0 		0 		0 	13 	78 	0 		343 	114 	161 	0 		4 		1 	0 	0 		17 	0 		10 	1 		0 	0 	0 		119 	0 	171 	352 		C 			0 	41 		60 					11 	0 		7 	0 		50 	25 	2 	C 	68 	75 		0 		16 	116 			C 	1930 
Ethiopia	0 	0 	0 	1 				0 	0 	0 	76 		0 	0 			0 	0 		0 		0 		55 	22 	0 	C 	1 	112 	0 		7 		0 		0 		63 	0 		3 	0 	3 	0 	0 	0 			0 	0 	248 		0 	43 		0 	32 							0 	0 		0 	0 	C 	0 	0 		C 	1 	2 		0 		9 				0 	678 
Falkland Islands	0 	0 	0 	0 				0 	0 	0 	0 		0 	0 			0 	0 		0 		0 	0 	0 	0 	0 	C 	0 	13 	0 		0 		0 		0 		0 	0 		0 	0 		0 	0 	0 			0 	0 	0 	0 	0 			0 	1 							C 	0 		0 	0 	C 	0 	0 		C 	2 	1 		0 		43 				0 	61 
Faroe Islands	0 	0 	C 	1 				0 	0 	1 	6 		0 	0 			0 	0 		0 		0 		718 	0 	0 	C 	5 	13 	0 		1 		0 	27 	0 		25 	0 		2 	0 		0 	0 	0 		0 	0 	0 	113 		0 			0 	15 		40 					0 	0 	C 	0 	0 	C 	0 	0 		C 	37 	6 		0 		12 				C 	1024 
Fiji	0 	0 	C 	0 		11 		0 	0 		0 		0 	0 			0 	0 		0 		0 		0 	0 	0 			0 	0 		0 		0 		0 		0 	0 		0 	0 		0 	0 	0 		0 	0 	0 	108 		0 			0 	0 	C 						0 	0 		0 	0 	C 	0 	0 		C 	0 	0 		0 		7 				0 	126 
Finland	0 	0 	C 	5507 		8 	3 	1 	0 	4704 	670 		2 	19 	2098 	5 	91 	683 	15 	22 	0 	9 	41 	6957 	0 	448 		20222 	43388 	22 	83 	981 		5 	24 	0 	0 	15169 	157 	59 	3338 	9723 	161 	381 	367 	12 	0 	282 	2 	69 	21533 	0 	199 	1 		0 	27055 	337 	13783 			0 	1 	C 	920 	11 	0 	415 	C 	649 	197 	13 	1124 	22259 	7951 	3 	0 		25183 	37286 	53 		30078 	304780 
France	1 	15 	C 	31700 	38 	455 	115 	221 	0 	126636 	12596 	288 	172 	344 	32950 	225 	1249 	7071 	327 	513 	40 	1082 	1579 	17298 	42 	611 	25031 		398415 	328 	2757 	3587 		162 	676 	2 	7 	163078 	138 	1793 	153642 	243677 	3946 	4141 	9953 	64 	94 	692 	578 	195 	335519 	156 	1546 	77 	41 	1 	202569 	C 	55609 	8 		24 	149 	1478 	11281 	57 	86 	7652 	C 	2358 	2064 	424 	47774 	15135 	93059 	240 	6 		303481 	480901 	159 		388023 	3198401 
French Southern Territories	0 	0 	0 	0 				0 	0 		0 		0 	0 			0 	0 		0 		0 		0 	0 	0 			0 	0 		0 		0 		0 		0 	0 			0 		0 	0 	0 			0 	0 	0 		0 			0 	0 							0 	0 		0 	0 		0 	0 		C 	0 			0 		0 				0 	0 
French Territories: French Polynesia	0 	0 	0 	0 				0 	0 		0 		0 	0 			0 	0 		0 		0 		21 	0 	0 		121 	0 	0 		0 		0 		0 		0 	0 			0 		0 	0 	0 			0 	0 	0 		0 			0 	0 							0 	0 		0 	0 		0 	0 		C 	0 	0 		0 		0 				0 	142 
French Territories: New Caledonia	0 	0 	0 	0 				0 	0 		0 		0 	0 			0 	0 		0 		0 		0 	0 	0 		80 	0 	0 		0 		0 		0 		0 	0 			0 		0 	0 	0 			0 	0 	0 		0 			0 	0 							0 	0 		0 	0 	C 	0 	0 		C 	0 	0 		0 		0 				0 	80 
Gabon	0 	0 	0 	5 				0 	0 	8 	75 		0 	0 	8 		0 	0 		0 		0 		52 	0 	0 	C 	433 	152 	0 		0 		0 		0 		96 	1 		14 	4 	2 	0 	0 	0 		0 	0 	0 	242 		0 	2 		0 	121 							0 	0 		0 	30 	C 	0 	0 		C 	3 	29 		0 		211 				0 	1486 
Gambia, The	0 	0 	0 	0 				0 	0 		0 		0 	0 			0 	0 		0 		0 		0 	0 	0 			0 	0 		0 		0 		0 		0 	0 			0 		0 	0 	0 			0 	0 	20 	3 	0 			0 	0 							0 	0 		0 	0 		0 	0 		C 	0 	0 		0 		2 				0 	25 
Georgia	0 	0 	0 	12 				0 	0 		6 		0 	0 	19 		0 	0 		0 		0 	2 	132 	0 	3 	C 	23 	155 	0 		24 		4 		0 		64 	16 	141 	32 	4 		1 	0 	0 		10 	1 	12 	704 	0 	0 	0 		0 	81 		41 					6 	0 		1 	35 	C 	0 	0 		C 	11 	21 		0 		168 	593 			C 	2322 
Germany	8 	16 	33385 	60893 		374 	319 	151 	0 	48939 	7320 	159 	195 	562 	34094 	372 	4615 	11549 	174 	458 	28 	474 	812 	65375 	58 	692 	32925 	241284 		359 	1838 	4739 		550 	603 	3 	8 	124185 	214 	3861 	74346 	153197 	8847 	3947 	3954 	65 	122 	1134 	52 	242 	309290 	356 	1387 	22 	136 	0 	261583 	929 	73669 			29 	218 	646 	15038 	170 	151 	7742 	27627 	1773 	1913 	655 	25688 	36482 	88884 	441 	54 		312411 	379400 	31 		554501 	3028722 
Ghana	0 	0 	C 	46 		0 		0 	0 		169 		0 	0 			0 	24 		0 		0 		76 	0 	0 	C 	31 	96 	0 		7 		0 		0 		125 	0 		19 	9 	20 	0 	0 	0 		0 	3 	0 	1754 		C 	88 		0 	131 		35 					0 	0 		0 	64 	C 	0 	0 	67 	C 	1 	19 		0 		758 	910 	0 		0 	4454 
Gibraltar	0 	0 	C 	183 				0 	0 	1 	116 		0 	0 	1 		0 	0 		0 		1 	0 	111 	0 	0 	C 	28 	56 			119 		0 		0 		18 	11 		73 	3 		0 	0 	0 		0 	1 	0 	85 		0 			0 	2 		77 					C 	0 	C 	0 	0 	C 	0 	8 		C 	12 	86 		0 		329 				C 	1324 
Greece	0 	0 	C 	965 		16 		0 	0 	1380 	73 		0 	250 	360 		1 	0 	0 	0 	0 	1611 	4 	122 	0 	3 	129 	7585 	5242 	3 		57 		2 	0 	0 		1735 	0 	13 	4268 	372 	499 	0 	13 	0 		2 	12 	4 	3043 	0 	13 		3 	0 	1712 		587 			0 		36 	2041 	77 	3 	20 	C 	107 	117 	7 	C 	86 	317 	0 	18 		14294 	9678 	0 		C 	56881 
Greenland	0 	0 	0 	0 				0 	0 		0 		0 	0 			0 	0 		0 		0 		60 	0 	0 	C 		0 	0 		0 		0 		0 		0 	0 			0 		0 	0 	0 			0 	0 	2 		C 			0 	0 							0 	0 		0 	0 		0 	0 		C 	0 	0 		0 		0 				0 	62 
Grenada	0 	0 	0 	0 				0 	0 		0 		0 	0 			0 	0 		0 		0 		4 	0 	0 		0 	1 	0 		0 		0 		0 		12 	0 		0 	0 		0 	0 	0 			0 	0 	0 		0 			0 	0 							0 	0 		0 	0 		0 	0 		C 	0 	0 		0 		0 				0 	18 
Guadeloupe	0 	0 	0 	0 	526 			0 	0 		0 		0 	0 			0 	0 		0 		0 		0 	0 	0 			0 	0 		0 		0 		0 		0 	0 			0 		0 	0 	0 			0 	0 	10 		0 			0 	0 							0 	0 		0 	0 		0 	0 		C 	0 			0 		16 				0 	552 
Guam	0 	0 	0 	0 		27 		0 	0 		0 		0 	0 			0 	0 		0 		0 		0 	0 	0 			0 	0 		0 		0 		0 		0 	0 			0 		0 	0 	0 			0 	0 	353 		0 			0 	0 							0 	0 		0 	0 		0 	0 		C 	20 			0 		2 				0 	402 
Guatemala	0 	0 	C 	13 				26 	0 	0 	8 		0 	0 	14 		5 	0 		3 	5 	0 		26 	0 	0 	4 	2 	124 	0 		8 		0 		0 		67 	0 		51 	5 	92 	0 	0 	0 			0 	0 	173 		0 			0 	47 					134 		0 	0 		0 	36 		0 	0 		C 	0 	8 	0 	0 		19 				0 	871 
Guernsey	0 	0 	102 	448 	5 	88 		0 	0 	598 	729 		12 	0 	860 	2 	25 	688 	2 	0 		4 	14 	1894 	0 	0 	2482 	4229 	6990 	12 	63 			1 	86 	0 		3425 	290 	1 	757 	3381 	429 	1 	254 	0 		32 	0 	0 	8987 	18 	22 	2 		0 	4850 		1384 			7 		C 	42 	3 	32 	77 	277 	171 	0 	3592 	381 	1402 	12360 	11 	1 		18878 	27834 	0 		C 	108235 
Guiana, French	0 	0 	0 	0 				0 	0 		0 		0 	0 			57 	0 		0 		0 		0 	0 	0 			0 	0 		0 		0 		0 		0 	0 			0 		0 	0 	0 			0 	0 	0 		0 			0 	0 							0 	0 		0 	0 		0 	0 		C 	0 			0 		0 				0 	57 
Guinea	0 	0 	0 	0 				0 	0 		0 		0 	0 			0 	0 		0 		0 		0 	0 	0 			0 	0 		0 		0 		0 		0 	0 			0 		0 	0 	0 			0 	0 	0 		0 			0 	0 							0 	0 		0 	0 		0 	0 		C 	0 	0 		0 		0 				0 	0 
Guinea-Bissau	0 	0 	0 	0 				0 	0 		0 		0 	0 			0 	0 		0 		0 		0 	0 	0 			0 	0 		0 		0 		0 		0 	0 			0 		0 	0 	0 			0 	0 	0 	0 	0 			0 	0 							0 	6 		0 	0 		0 	0 		C 	0 	0 		0 		0 				0 	6 
Guyana	0 	0 	0 	0 				0 	0 		0 		0 	0 			0 	0 		0 		0 		0 	0 	0 			0 	0 		0 		0 		0 		17 	0 			0 		0 	0 	0 			0 	0 	0 		0 			0 	10 							0 	0 		0 	0 		0 	0 		C 	0 	0 		0 		0 				0 	27 
Haiti	0 	0 	0 	0 				0 	0 		0 		0 	0 			0 	0 		0 		0 		0 	0 	0 			0 	0 		0 		0 		0 		0 	0 			0 		0 	0 	0 			0 	0 	0 		0 			0 	0 							0 	0 		0 	0 		0 	0 		C 	0 	0 		0 		0 				0 	0 
Honduras	0 	0 	0 	2 	5 			0 	0 		3 		0 	0 			0 	0 		14 	8 	0 		55 	0 	0 	C 	4 	101 	0 		0 		0 		0 		108 	0 		3 	5 	101 	0 	0 	0 			0 	0 	237 		0 		9 		72 					25 		0 	0 		0 	0 		0 	0 		C 	0 	179 		0 		11 		0 		0 	943 
Hungary	0 	0 	262 	1629 		23 		0 	0 	210 	144 		0 	319 	445 		4 	0 		0 	0 	3 	554 	929 	0 	24 	143 	2353 	5724 	0 	6 	73 			0 	0 	0 	1731 	0 	2 	780 	568 	454 	0 	57 	1 		49 	6 	60 	12443 		6 	1 		0 	1861 		598 			0 	C 	1067 	23 	136 	1 	435 	C 	212 	63 	47 	C 	61 	509 		2 		6360 	14556 	1 		C 	54935 
Iceland	0 	0 	5 	197 		85 		0 	0 	45 	71 		0 	6 	51 		1 	8 		0 		0 	9 	320 	0 	1 	60 	487 	1121 	0 	1 	0 		0 		0 		191 	0 		243 	77 	39 	40 	21 	0 		1 	0 	1 	779 	0 	0 	0 	1 	0 	69 		124 			0 		16 	18 	C 	0 	0 	C 	8 	4 		159 	172 	139 		0 		581 	1884 	0 		C 	7033 
India	0 	3 	5424 	387 	16 	1203 	35 	0 	0 	395 	1015 		4 	0 	8192 	21 	7 	9054 	13 	0 	0 	70 	6 	2315 	1 	1 	C 	5778 	2392 	42 		419 		0 	6 		15 	9396 	6 	15 	471 	7951 	487 	31 	1965 	0 	152 	17 	2 	1 	39963 	320 	C 	88040 		0 	8185 	C 	9626 	1 		10 	209 	C 	11 		0 	667 	53689 	0 	55 	964 	C 	1671 	2559 	182 	0 		25671 	130611 	2 		339 	420082 
Indonesia	0 	2 	1133 	328 	1 	122 	4 	0 	0 	207 	1149 		0 	34 	1729 	18 	17 	1190 	3 	0 		0 	1 	1809 	0 	0 	C 	579 	4047 	56 		162 		0 	2 	44 		7008 	2 		819 	7327 	80 	0 	484 	0 	182 	4 	0 	0 	20639 	2045 	C 	3595 		0 	5434 		3423 	10 			1535 	12 	0 		0 	1269 	16637 	2 	11 	16 	134 	531 	1523 	110 	0 		9273 	51754 			C 	146494 
Iran, Islamic Republic of	0 	0 	0 	0 		81 	4 	0 	0 		0 		0 	0 			0 	0 	3 	0 		0 		0 	0 	0 	C 	31 	0 	0 		0 		0 		0 		0 	0 			0 		0 	172 	0 			0 	0 	0 		0 	2 		0 	0 							0 	0 		0 	0 	C 	0 	0 		C 	0 	0 	9 	0 		0 				0 	303 
Iraq	0 	0 	0 	5 		17 		0 	0 		18 		0 	0 	25 		0 	0 		0 		0 	6 	99 	0 	0 	C 	20 	33 	0 		7 		0 		0 		120 	0 		25 	9 	2 	0 	329 	0 	21 	0 	0 	0 	0 		0 			0 	59 							0 	0 		0 	0 	C 	0 	0 		C 	0 	24 		0 		81 				0 	899 
Ireland	0 	17 	3880 	15038 	65 	122 	17 	15 	0 	39614 	20136 		239 	222 	7683 	356 	3332 	11088 	506 	135 	0 	734 	968 	18585 	6 	843 	30390 	118854 	138534 	339 	1133 	6033 		247 	1529 	6 			1209 	2279 	92530 	50871 	3418 	1827 	2306 	685 	49 	752 	71 	483 	134631 	174 	1675 	55 	39 	0 	77384 	C 	13017 			88 	2 	344 	11374 	63 	15328 	522 	6617 	1209 	523 	15727 	33952 	16574 	52199 	662 	8 		237105 	373390 	24 		11203 	1581034 
Isle of Man	0 	0 	C 	7 				0 	0 	55 	21 		37 	1 	16 		0 	0 		0 		13 	0 	27 	0 	3 	C 	144 	174 	2 	5 	279 		0 	2 	0 		1332 			76 	149 	2 	0 	15 	0 		1 	4 	0 	1071 	642 	C 	13 		0 	93 		118 			0 		C 	0 	2 	0 	0 	58 	2 	0 	272 	C 	32 	132 		0 		1645 	3418 	2 		C 	9864 
Israel	0 	0 	651 	307 	34 			1 	0 	198 	676 		2 	0 	1729 		15 	11 	10 	0 	0 	14 	4 	324 	0 	1 	C 	1520 	2627 	2 	4 	1534 		1 	1 	0 	0 	1952 	1 		212 	1518 	62 	16 	300 	0 		0 	0 	2 	3999 	2 	12 		1 	0 	1493 	20 	2789 			6 		C 	0 	C 	1 	0 	660 	22 	13 	10 	121 	457 	965 	83 	3 		4959 	74783 	2 		C 	104135 
Italy	1 	6 	3971 	23716 		70 	97 	5 	0 	36673 	1360 		49 	138 	6158 	9 	488 	946 	62 	0 	0 	472 	179 	9635 	41 	243 	7237 	312694 	224521 	23 	17037 	2283 		616 	14 	0 	13 	126707 	2 	336 		54944 	577 	260 	1197 	0 		92 	34 	32 	191727 	3 	760 	11 	20 	0 	60851 	64 	18178 			20 	C 	482 	19131 	34 	4 	2383 	C 	1784 	915 	127 	93531 	4972 	11973 	73 	1 		137661 	104488 	28 		31297 	1513456 
Jamaica	0 	0 	0 	7 				0 	0 		6 		0 	0 	9 	30 	6 	0 		0 	1 	0 		36 	0 	0 	C 	2 	27 	12 		20 		0 		0 		79 	0 		14 	9 	134 	0 	0 	0 			0 	0 	210 		C 			0 	70 							0 	0 		0 	20 	C 	0 	0 		C 	0 	9 		0 		147 	326 			0 	1177 
Japan	15 	18 	21452 	1454 	10 	80 	44 	42 	0 	1910 	5597 	18 	13 	2 	49615 	109 	3247 	24968 	338 	1 	0 	6 	24 	9331 	14 	1 	1932 	110458 	21906 	76 	6 	2070 		5 	62 	5 	28 	83431 	64 	423 	4634 		10546 	4149 	9264 	0 		10 	8 	1 	94557 	373 	58 	11 	91 	0 	61707 	C 	70666 	19 		18 	43 	1 	547 	C 	1 	14190 	C 	111 	55 	638 	2269 	14420 	24731 	265 	0 		212824 	676086 	98 		188279 	1729449 
Jersey	0 	1 	532 	2113 		12 		2679 	0 	1521 	495 		58 	4 	1960 		0 	3126 	18 	0 	0 	-280 	54 	1959 	0 	2 	1769 	13797 	11063 	41 	134 	1385 		278 	26 	0 	0 	8133 	110 	4 	4814 	18228 		116 	842 	0 	9 	17 	10 	6 	23458 	19 	788 	20 		0 	8873 		1162 				C 	25 	319 	4 	1972 	0 	356 	8 	5 	1728 	1793 	949 	15751 	10 	0 		46193 	84386 	16 		C 	262870 
Jordan	0 	0 	0 	0 		546 		0 	0 		29 		0 	0 	7 		0 	6 		0 		92 		8 	13 	0 		0 	29 	0 		34 		0 		0 	0 	33 	476 		16 	10 		0 	0 	0 	102 		143 	0 	95 	0 	0 			0 	21 		564 					0 	0 		0 	16 		0 	0 		C 	0 	6 		0 		122 	1868 			C 	4236 
Kazakhstan	0 	1 	26 	244 		14 		0 	0 	62 	491 		0 	1 	97 	1 	0 	0 		0 	0 	7 	59 	695 	0 	2 	36 	167 	1981 	16 	2 	120 		29 	0 	0 		1166 	0 	2 	368 	163 	12 		40 	0 		35 	5 	8 	3060 	17 	C 			0 	716 	C 	33 			2 	0 	C 	0 		69 	268 	16 	10 	0 		C 	33 	270 	1 	1 		983 	4103 	0 		C 	15432 
Kenya	0 	0 	21 	7 		0 		0 	0 	1 	109 		0 	0 	8 		0 	31 		0 		1 		168 	0 	0 	73 	24 	277 	0 		68 		0 		0 	0 	455 	0 		13 	23 	208 	0 	1 	0 			0 	0 	1558 	0 	C 	471 		0 	144 		120 					0 	0 		0 	0 	C 	0 	0 	168 	C 	19 	27 	0 	0 		350 				0 	4348 
Kiribati	0 	0 	0 	0 				0 	0 		0 		0 	0 			0 	0 		0 		0 		0 	0 	0 			0 	0 		0 		0 		0 		0 	0 			0 		0 	0 	0 			0 	0 	0 		0 			0 	0 							0 	0 		0 	0 		0 	0 		C 	0 	0 		0 		0 				0 	0 
Korea, Democratic People's Rep. of	0 	0 	0 					0 	0 		0 		0 	0 				0 		0 		0 		0 	0 	0 			0 					0 		0 		0 	0 			0 		0 	0 	0 			0 	0 	0 	0 	0 			0 	0 							0 	0 		0 	0 		0 			C 	0 			0 		0 				0 	0 
Korea, Republic of	0 	3 	9868 	618 	10 	353 	13 	0 	0 	992 	4778 	163 	671 	1 	12842 	25 	130 	14755 	536 	25 	7 	9 	32 	2128 	0 	6 	689 	10220 	9200 	66 	2 	567 		4 	3 	9 	20 	16600 	6 	93 	866 	25277 	476 	2171 		0 		5 	3 	4 	33747 	1656 	37 	47 	39 	3 	11113 	90 	18228 	6 		16 	208 	2 	31 	C 	3 	3610 	41850 	72 	67 	135 	833 	2950 	12235 	1998 	0 		38715 	174917 	1 		C 	456853 
Kosovo, Republic of	0 	0 	0 	0 				0 	0 		0 		0 	0 			0 	0 		0 		0 		0 		0 			0 			0 		0 		0 		0 	0 			0 		0 	0 				0 	0 	0 		0 			0 	0 							0 	0 		0 	0 		0 	0 		C 	0 			0 		0 				C 	0 
Kuwait	0 	0 	0 	0 		168 		0 	0 		14 		0 	0 	1 		0 	13 		0 		0 		24 	3 	2 	9 	14 	0 	0 		157 		0 		0 	11 	73 	0 			3 	19 	0 	8 	0 			20 	0 	438 	421 	0 	2 		0 	0 	C 	92 				C 	0 	0 		0 	181 	C 	0 	0 		C 	0 	0 	1 	21 		655 				C 	2349 
Kyrgyz Republic	0 	0 	0 	0 		0 		0 	0 		0 		0 	0 			0 	0 		0 		0 		0 	0 	0 			0 	0 		0 		0 		0 		0 	0 	1 		25 		105 	0 	0 			0 	0 	162 		0 			0 	2 			0 				0 	0 		0 	1 		0 	0 		C 	0 	0 		0 		4 				C 	301 
Lao People's Democratic Republic	0 	0 	0 	0 		24 		0 	0 	0 	0 		0 	0 			0 	C 		0 		0 		0 	0 	0 			0 	2 		10 		0 		0 		0 	0 			0 		0 	612 	0 			0 	0 	14 		0 			0 	0 							0 	0 		0 	0 	C 	0 	0 		C 	0 	0 	369 	0 		2 				0 	1034 
Latvia	0 	0 	C 	463 				0 	0 	152 	11 		0 	32 	31 		0 	0 		0 		9 	17 	59 	0 	152 	C 	165 	1616 	0 		8 		2 		0 		142 	0 	1 	58 	75 	39 	0 	0 	0 			0 	182 	510 		C 			0 	301 		76 			0 		C 	0 		0 	0 		78 	41 		C 	48 	268 		0 	0 	406 	706 	1 		C 	5651 
Lebanon	0 	0 	0 	7 				0 	0 	7 	0 		0 	0 	26 		0 	6 		0 		26 	0 	124 	48 	0 	C 	103 	172 	0 		61 		0 		0 	0 	163 	0 		187 	21 	47 	0 	1 	0 	50 			0 	874 		0 	204 		0 	174 							0 	0 		0 	137 		0 	0 		C 	13 	37 		162 		421 	1387 			0 	4458 
Lesotho	0 	0 	0 	0 		21 		0 	0 		0 		0 	0 			0 	0 		0 		0 		0 	0 	0 			0 	0 		0 		0 		0 		0 	0 			0 		0 	0 	0 			0 	0 	0 		0 			0 	0 							0 	0 		0 	0 		0 	0 		C 	0 	0 		0 		0 				0 	21 
Liberia	0 	0 	16 	0 				0 	0 	25 	0 		0 	0 	279 		1 	0 	1 	0 		0 		57 	0 	0 	C 	31 	89 	0 		0 		0 		0 		209 	0 		12 	386 	2 	3 	23 	0 		0 	0 	0 	536 	0 	C 			0 	98 		704 					C 	0 		0 	0 	C 	0 	0 		C 	5 	109 		0 		78 	9976 	0 		C 	12640 
Libya	0 	0 	0 	0 		65 		0 	0 		0 		0 	0 			0 	0 		0 		0 		0 	0 	0 		2 	0 	0 		0 		0 		0 		0 	0 			0 		0 	0 	0 			0 	0 	0 		0 			0 	0 							0 	51 		0 	0 		0 	0 	4 	C 	0 	0 		0 		2 				0 	124 
Liechtenstein	0 	0 	C 	1845 		64 		0 	0 	5 	0 		8 	0 	2 		0 	19 		0 		0 	0 	0 	0 	1 	C 	35 	1555 	2 		8 		5 		0 	0 	5 	0 		21 	0 		0 	0 	0 			0 	0 	1573 	0 	C 			0 	4 		25 			13 		0 	0 		0 	0 	C 	0 	4 		C 	22 			0 		17 		1 		0 	5235 
Lithuania	0 	0 	11 	449 		3 		0 	0 	170 	26 		0 	63 	96 		0 	0 	7 	0 		5 	18 	136 	0 	183 	49 	313 	2659 	0 		34 		3 	0 	0 		297 	0 		163 	177 		0 	18 	0 		385 	9 		1220 		C 			0 	501 		115 			0 		53 	0 	C 	0 	78 		156 	59 		C 	33 	432 	3 	0 		511 	2258 	1 		C 	10695 
Luxembourg	549 	3 	C 	38953 	196 	628 		6 	0 	201419 	19563 	2 	972 	465 	7662 	749 	43229 	56221 	1812 	2579 	41 	848 	3919 	34242 	1 	1054 	38558 	285692 	530854 	590 	72634 	14999 		3739 	1747 	380 	978 	86268 	1285 	7694 	428631 	108869 	12326 	315 	10411 	535 	57 	1219 	223 	1078 		506 	990 	690 	952 	2 	101477 	C 	16210 	0 		109 	61 	6668 	15248 	587 	16664 	1274 	21979 	766 	996 	22740 	102742 	82208 	193228 	3694 	223 		114018 	132483 	425 		16968 	2878101 
Macedonia, FYR	0 	0 	0 	78 				0 	0 	8 	2 		0 	0 			0 	0 		0 		0 		40 	0 	0 	C 	1 	83 	0 	0 	0 		0 		0 		24 	0 		29 	10 		0 	0 	0 		6 	0 	1 	117 		C 			0 	0 							0 	0 		0 	0 		1 	35 		C 	0 	4 		0 		87 				C 	528 
Madagascar	0 	0 	C 	0 		63 		0 	0 		0 		0 	0 			0 	0 		0 		0 		0 	0 	0 		31 	0 	0 		0 		0 		0 	0 	0 	0 			0 		0 	0 	0 			0 	0 	0 		0 	26 		0 	0 							0 	0 		0 	0 		0 	0 		C 	0 	0 		0 		1 				0 	122 
Malawi	0 	0 	0 	0 				0 	0 		0 		0 	0 			0 	0 		0 		0 		0 	0 	0 	C 		0 	0 		0 		0 		0 		0 	0 			0 	5 	0 	0 	0 			0 	0 	6 		0 			0 	0 							0 	0 		0 	0 		0 	0 	2 	C 	0 	0 		0 		0 	4 			0 	17 
Malaysia	0 	2 	1994 	300 		176 	8 	0 	0 	433 	3711 		1 	0 	2335 	12 	22 	7718 	197 	0 		0 	0 	1012 	38 	0 	261 	2110 	2695 	0 		97 		0 	2 	0 	12 	5680 	5 		232 	7653 	123 	15 	888 	0 	605 	6 	4 	1 	14568 		0 	268 	2 	0 	4688 		3346 	11 		0 	69 	C 	0 		0 	2008 	32162 	0 	4 	23 	C 	861 	1874 	252 	5 		12128 	39284 	0 		C 	149903 
Maldives	0 	0 	0 	0 				0 	0 		0 		0 	0 			0 	0 		0 		0 		0 	0 	0 			0 	0 		0 		0 		0 		0 	0 			0 		0 	0 	0 			0 	0 	0 		0 	1 		0 	0 							0 	0 		0 	0 	C 	0 	0 		C 	0 	0 		0 		0 				0 	1 
Mali	0 	0 	0 	0 				0 	0 		0 		0 	0 			0 	0 		0 		0 		5 	0 	0 	C 	0 	0 	0 		0 		0 		0 		0 	0 			0 		0 	0 	0 			0 	0 	9 		0 			0 	0 							0 	0 		0 	0 		0 	0 		C 	0 	0 		0 		1 				0 	16 
Malta	0 	0 	C 	123 				0 	0 	66 	261 		6 	0 	954 		0 	C 	0 	74 		0 	76 	21 	13 	1 	C 	237 	164 	0 		2705 		0 		0 		131 	26 		183 	17 		0 	2 	0 	0 	11 	18 	0 	1018 			0 		0 	131 		26 					0 	21 	C 	0 	0 	C 	13 	0 	1325 	C 	846 	480 		0 		53 	1021 			C 	10024 
Marshall Islands, Republic of	0 	0 	C 	4 				0 	0 	14 	170 		10 	0 	174 		0 	0 		0 	0 	0 	0 	85 	0 	0 	89 	56 	24 	2 		9 		0 	0 	0 		189 	0 	2 	20 	223 	5 	0 	72 	0 		0 	0 	0 	681 	1 	C 			0 	57 		122 			0 		C 	10 		0 	0 	C 	0 	0 		C 	23 	37 	0 	0 		511 	22719 	1 		0 	25312 
Martinique	0 	0 	0 	0 				0 	0 		0 		0 	0 			0 	0 		0 		0 		0 	0 	0 			0 	0 		0 		0 		0 		0 	0 			0 		0 	0 	0 			0 	0 	0 		0 			0 	0 							0 	0 		0 	0 		0 	0 		C 	0 			0 		0 				0 	0 
Mauritania	0 	0 	0 	0 				0 	0 		0 		0 	0 			0 	0 		0 		0 		0 	0 	0 	C 		0 	0 		0 		0 		0 		0 	0 			0 		0 	0 	0 			0 	0 	19 	0 	0 			0 	0 							0 	0 		0 	0 	C 	0 	0 		C 	0 	2 		0 		0 				0 	22 
Mauritius	0 	0 	C 	7 		1 		0 	0 	10 	3632 		0 	0 	3 		0 	27 	6 	0 		10 	85 	122 	13 	0 	C 	82 	72 	5 		467 		0 		97 	0 	903 	239 		11 	1799 	515 	0 	4 	0 	0 		1 	0 	3551 	61 	C 			0 	233 		17 	0 				0 	0 		0 	0 	C 	0 	0 	930 	C 	292 	249 		0 		5934 	9433 			0 	28812 
Mayotte	0 	0 	0 	0 				0 	0 		0 		0 	0 			0 	0 		0 		0 		0 	0 	0 			0 			0 		0 		0 		0 	0 			0 		0 	0 	0 			0 	0 	0 		0 			0 	0 							0 	0 		0 	0 		0 	0 		C 	0 			0 		0 				0 	0 
Mexico	6 	7 	3040 	896 	1869 	29 	8 	2 	0 	1216 	2803 	2 	27 	18 	5597 	1093 	2190 	260 	81 	268 	15 	3 	2 	3033 	0 	14 	465 	6870 	14472 	114 	11 	306 	1 	4 	0 	0 	0 	14314 	7 	267 	2015 	18092 	345 	1 	982 	0 		11 	5 	6 	38105 	1 	22 	1 		0 	9338 	C 	9120 	3 		230 	C 	9 	143 	C 	0 	2255 	C 	47 	42 	58 	4815 	988 	5293 	248 	4 		24876 	164659 	80 	12 	C 	341112 
Micronesia, Federated States of	0 	0 	0 	0 				0 	0 		0 		0 	0 			0 	0 		0 		0 		0 	0 	0 			0 	0 		0 		0 		0 		0 	0 			0 		0 	0 	0 			0 	0 	0 		0 			0 	0 							0 	0 		0 	0 		0 	0 		C 	0 	0 		0 		0 				0 	0 
Moldova	0 	0 	0 	0 				0 	0 		0 		0 	0 			0 	0 		0 		0 		0 	0 	0 			0 	0 		0 		0 		0 		0 	0 			0 		0 	0 	0 			0 	0 	29 		0 			0 	0 							0 	0 	C 	0 	0 		0 	0 		C 	0 	0 		0 		0 				C 	30 
Monaco	0 	0 	0 	0 				0 	0 	0 	13 		1 	0 			0 	0 		0 		0 		0 	0 	0 			0 	0 		0 		0 		0 		1 	0 		13 	0 		0 	0 	0 			0 	0 	78 		0 			0 	0 		29 					0 	0 		0 	0 	C 	0 	0 		C 	3 			0 		0 	30 			C 	169 
Mongolia	0 	0 	C 	7 				0 	0 	1 	81 		0 	0 			0 	22 		0 		0 	0 	117 	0 	0 	C 	39 	147 	0 		27 		2 		0 		84 	0 		43 	233 		0 	29 	0 		1 	1 	0 	582 		0 				92 		1 				C 	0 	0 		1 	34 	C 	1 	0 		C 	1 	34 		0 		222 				C 	1805 
Montenegro	0 	0 	0 	30 		54 		0 	0 	1 	5 		0 	17 			0 	0 		0 		0 	1 	21 	0 	0 		3 	101 			0 		2 		0 		15 	0 		50 	0 		0 	0 	0 		7 	0 	1 	147 		0 	1 		0 	1 							2 	0 	C 	0 	0 		20 	1 		C 	0 	7 		0 		184 				C 	672 
Montserrat	0 	0 	0 	0 				0 	0 		0 		0 	0 			0 	0 		0 		0 		0 	0 	0 			0 	0 		0 		0 		0 		0 	0 			0 		0 	0 	0 			0 	0 	0 		0 			0 	0 							0 	0 		0 	0 		0 	0 		C 	0 			0 		0 				0 	0 
Morocco	0 	0 	9 	63 		56 		0 	0 	116 	118 		0 	0 	40 		6 	192 		0 		1 		152 	3 	3 	C 	2078 	981 	3 		55 		0 		0 	0 	464 	0 		169 	83 	12 	0 	13 	0 	12 	1 	0 	0 	890 	1 	C 	108 		0 	255 		71 				C 	0 	113 	C 	0 	76 	C 	5 	1 	4 	C 	226 	130 	0 	0 		536 	2295 			C 	9344 
Mozambique	0 	0 	0 	0 				0 	0 		0 		0 	0 			0 	0 		0 		0 		0 	5 	0 			0 	0 		0 		0 		0 		0 	0 			1 		0 	0 	0 			0 	0 	2 		0 	62 		0 	0 		9 			1 		0 	99 		0 	0 		0 	0 	39 	C 	0 	6 		0 		6 				0 	229 
Myanmar	0 	0 	0 	0 				0 	0 		0 		0 	0 			0 	0 		0 		0 		0 	0 	0 			0 	0 		0 		0 		0 		0 	0 			0 		0 	0 	0 			0 	0 	0 		0 			0 	0 							0 	0 		0 	0 	C 	0 	0 		C 	0 	0 		0 		0 				0 	0 
Namibia	0 	0 	0 	6 				0 	0 		1 		0 	0 			0 	C 		0 		0 		9 	0 	0 	8 	8 	104 	0 		10 		0 		0 		12 	0 		9 	4 	11 	0 	0 	0 		0 	0 	0 	141 	0 	0 	1 		0 	16 		0 					0 	0 		0 	0 		0 	0 	158 	C 	0 	4 		0 		25 	136 			C 	665 
Nauru	0 	0 	0 	0 				0 	0 		0 		0 	0 			0 	0 		0 		0 		0 	0 	0 			0 	0 		0 		0 		0 		0 	0 			0 		0 	0 	0 			0 	0 	0 		0 			0 	0 							0 	0 		0 	0 		0 	0 		C 	0 	0 		0 		0 				0 	0 
Nepal	0 	0 	0 	0 			2 	0 	0 		0 		0 	0 			0 	0 		0 		0 		0 	0 	0 			0 	0 		0 		0 		0 	0 	0 	0 			1 		0 	0 	0 			0 	0 	0 		0 			0 	0 							0 	0 		0 	0 		0 	0 		C 	0 	0 		0 		1 				0 	4 
Netherlands	1 	12 	16324 	22539 	51 	385 	53 	148 	3 	52050 	9727 	80 	191 	404 	16545 	212 	1010 	6816 	546 	247 	56 	457 	1825 	14541 	0 	632 	17747 	321826 	260465 	178 	1611 	6911 		100 	277 	4 	1085 	108411 	82 	1542 	49196 	127681 	3671 	1813 	3289 	53 	71 	671 	115 	170 	162191 	196 	1472 	178 	13 	0 		889 	30585 	3 		59 	138 	624 	12490 	179 	4652 	2645 	C 	2271 	1254 	206 	30059 	10200 	75524 	173 	36 	20 	212236 	391890 	256 		122606 	2114869 
Netherlands Antilles																																																																																				
New Zealand	0 	4 	7426 	98 		5 	4 	0 	0 	202 	1029 		1 	0 	842 	15 	42 	576 	30 	16 	0 	0 	1 	101 	0 	1 	95 	550 	1997 	28 	0 	175 		4 	0 	0 		2944 	2 	9 	140 	7802 	126 	12 	367 	0 		0 	1 	0 	2842 	27 	161 	1 		0 	837 		1797 			1 	C 	C 	20 		0 	258 	C 	260 	4 	27 	C 	129 	2009 	4 	0 		5519 	19838 	0 		C 	58377 
Nicaragua	0 	0 	0 	0 				0 	0 		0 		0 	0 			0 	0 		0 		0 		0 	0 	0 			0 	0 		0 		0 		0 		0 	0 			0 		0 	0 	0 			0 	0 	56 		0 			0 	1 					6 		0 	0 		0 	0 		0 	0 		C 	0 	0 		0 		5 			24 	0 	92 
Niger	0 	0 	0 	0 				0 	0 		0 		0 	0 			0 	0 		0 		0 		0 	0 	0 		0 	0 	0 		2 		0 		0 		0 	0 			0 	2 	0 	0 	0 			0 	0 	1 	0 	0 			0 	0 		7 					0 	0 		0 	0 		0 	0 		C 	0 	0 		0 		0 				0 	13 
Nigeria	0 	0 	56 	11 		1 		0 	0 		68 		59 	0 	114 		0 	40 		0 		4 		212 	51 	0 	107 	36 	154 	0 		117 		2 	0 	0 	2 	719 	2 		80 	22 	479 	0 	6 	0 		0 	0 	0 	2996 		0 	908 		0 	302 		99 				C 	0 	0 		0 	116 	C 	0 	0 	558 	C 	29 	60 		0 		1755 				0 	9164 
Niue	0 	0 	0 	0 				0 	0 		0 		0 	0 			0 	0 		0 		0 		0 	0 	0 			0 	0 		0 		0 		0 		0 	0 			0 		0 	0 	0 			0 	0 	0 		0 			0 	0 							0 	0 		0 	0 		0 	0 		C 	0 			0 		0 				0 	0 
Norfolk Island	0 	0 	0 	0 		13 		0 	0 		0 		0 	0 			0 	0 		0 		0 		0 	0 	0 			0 			0 		0 		0 		0 	0 			0 		0 	0 	0 			0 	0 	0 		0 			0 	0 							0 	0 		0 	0 		0 	0 		C 	0 			0 		0 				0 	13 
Norway	0 	4 	C 	4087 	2 	30 	8 	88 	0 	2864 	2708 		9 	0 	3437 	51 	86 	1635 	36 	115 	21 	24 	14 	7167 	0 	39 	7851 	16764 	44231 	28 	76 	3983 		6 	719 	0 	0 	10373 	119 	58 	2899 	22345 	2043 	263 	471 	0 		115 	2 	47 	19595 	28 	330 	136 		0 	10366 	1254 				3 	C 	C 	87 	30 	5 	422 	C 	575 	123 	26 	1425 	23228 	11429 	6 	0 		27439 	73458 	62 		C 	304847 
Oman	0 	0 	C 	0 		179 		0 	0 		17 		0 	0 	3 		0 	16 		0 		0 		32 	0 	3 	C 	10 	108 	25 		1 		0 		1 		79 	0 		0 	0 	8 	0 	0 	0 	113 		14 	0 	314 	1 	0 	1 		0 	1 		71 					0 	0 		0 	199 	C 	0 	1 		C 	0 	17 		0 		147 				0 	1359 
Pakistan	0 	0 	C 	11 		17 	8 	0 	0 		4 		0 	0 	75 	6 	0 	75 		0 		0 		170 	0 	0 	C 	11 	12 	0 		42 		0 		0 	0 	262 	0 		44 	47 	25 	0 	0 	0 	11 	0 	0 	0 	2195 	2 	0 	275 		0 	233 		3 				C 	0 	0 		0 	258 	C 	0 	0 		C 	107 	19 		13 		442 	2611 			0 	6979 
Palau	0 	0 	0 	0 				0 	0 		0 		0 	0 			0 	0 		0 		0 		0 	0 	0 			0 	0 		0 		0 		0 		0 	0 			0 		0 	0 	0 			0 	0 	0 		0 			0 	0 							0 	0 		0 	0 		0 	0 		C 	0 	0 		0 		0 				0 	0 
Panama	0 	1 	179 	46 	31 			24 	0 	81 	437 	2 	97 	0 	432 	106 	109 	152 	0 	409 	177 	0 	4 	437 	0 	0 	30 	93 	1361 	41 		25 	0 	0 	0 	0 		844 	0 		205 	840 	3 	2 	330 	0 		1 	0 	0 	3020 	0 	C 	20 	0 	0 	892 		164 					C 	0 		2 	104 	C 	1 	0 	7 	C 	39 	788 	1 	0 		653 	26571 	10 		C 	38771 
Papua New Guinea	0 	0 	873 	1 				0 	0 	13 	5 		0 	0 	52 		0 	25 	2 	0 		0 		13 	0 	0 	C 	12 	34 	0 		0 		0 	0 	0 		35 	0 		4 	24 	2 	0 	4 	0 			0 	0 	322 	1 	0 			0 	16 	C 						0 	0 		0 	0 	12 	0 	0 		C 	1 	19 		0 		386 	1596 			C 	3453 
Paraguay	0 	0 	C 	7 	30 			0 	0 		59 	6 	44 	0 		3 	7 	0 		0 		0 		97 	0 	0 	C 	5 	159 	0 		4 		0 		0 		194 	0 		10 	12 	97 	0 	0 	0 			0 	0 	454 		0 			0 	134 					5 		0 	0 		0 	0 		0 	0 	21 	C 	0 	11 		0 		9 		1 		0 	1368 
Peru	0 	0 	118 	132 	49 	2 		1 	0 	92 	406 	14 	8 	0 	537 	103 	1082 	19 	0 	311 	4 	0 	1 	598 	0 	0 	C 	124 	1921 	56 		85 		1 		0 	0 	1212 	5 	4 	183 	269 	131 	1 	38 	0 		1 	0 	0 	3975 	0 	C 	0 	1 	0 	1259 	C 	195 			368 		0 	0 		0 	424 	C 	1 	0 	0 	C 	59 	669 	1 	0 		1227 	11313 	34 		C 	27037 
Philippines	0 	1 	6299 	159 	2 	54 		0 	0 	124 	179 		1 	0 	1217 	25 	0 	1066 	0 	0 	2 	0 	1 	904 	0 	0 	271 	679 	2363 	0 		346 		0 	1 	2 	12 	2261 	6 		267 	2652 	48 	0 	166 	0 		1 	0 	0 	8186 	269 	C 	24 		0 	2449 	C 	5253 					0 	0 		0 	834 	9598 	2 	4 	2 	C 	476 	570 	68 	3 		6057 	26384 	0 		C 	79285 
Pitcairn Islands	0 	0 	0 	0 				0 	0 		0 		0 	0 			0 	0 		0 		0 		0 	0 	0 			0 	0 		0 		0 		0 		0 	0 			0 		0 	0 	0 			0 	0 	0 		0 			0 	0 							0 	0 		0 	0 		0 	0 		C 	0 			0 		2 				0 	2 
Poland	0 	1 	978 	5348 		7 	39 	0 	0 	2237 	259 		0 	142 	1081 		75 	63 	17 	0 		28 	1304 	1227 	0 	115 	612 	9243 	25171 	133 	228 	386 		206 	0 	0 	1 	6670 	0 	65 	2151 	8903 	2302 	138 	399 	10 		67 	28 	86 	17003 	0 	36 	4 		0 	4553 	C 	4020 				C 		18 	40 	0 	399 	C 	1012 	232 	19 	C 	462 	3849 	12 	0 		11706 	27099 	4 		C 	140189 
Portugal	0 	0 	253 	1512 	2 	173 	4 	0 	0 	3228 	150 		340 	48 	581 	447 	1 	26 	4 	0 		41 	9 	1644 	0 	22 	C 	24243 	20495 	5 	1539 	115 		1 	0 	0 	1 	8870 	1 	3 	8840 	615 	3429 	1 	60 	0 	1 	15 	1 	9 	14994 	0 	172 	0 		0 	8879 	0 	1349 			0 		59 		4 	8 	141 	C 	193 	159 	5 	15540 	263 	413 	0 	1 		7220 	12761 	0 		C 	138891 
Puerto Rico	0 	0 	5 	5 				0 	0 	5 	17 		22 	0 	89 		0 	0 	0 	8 	0 	0 		9 	0 	0 	C 	32 	0 	0 		0 		0 	0 	0 		90 	0 		2 	72 	12 	0 	13 	0 			0 	0 	0 	0 	0 			0 	32 		57 			13 		0 	0 		0 	0 	C 	0 	0 		C 	9 		0 	0 		15 		0 		C 	510 
Qatar	0 	0 	85 	250 		2797 		0 	0 	51 	670 		0 	0 	67 	7 	2 	401 	169 	0 		2 		116 	95 	10 	11 	159 	770 	9 		140 		0 		1 		1384 	0 		17 	1114 	165 	4 	69 	0 	914 	1 	138 	2 	1545 	41 	C 	0 		0 	419 		385 	20 		1 	C 	0 	0 		0 	6330 	C 	0 	0 		C 	73 	571 	196 	0 		1379 				C 	20582 
Reunion	0 	0 	0 	0 				0 	0 		0 		0 	0 			0 	0 		0 		0 		0 	0 	0 			0 	0 		0 		0 		0 	0 	0 	0 			0 		0 	0 	0 			0 	0 	1 		0 	7 		0 	0 							0 	0 		0 	0 		0 	0 		C 	0 			0 		0 				0 	8 
Romania	0 	1 	C 	1833 				0 	0 	212 	100 		0 	346 	103 		0 	0 	0 	0 		38 	302 	431 	0 	64 	266 	400 	2405 	3 	214 	69 		90 		0 		1225 	0 	1 	559 	237 	267 	0 	34 	0 		61 	0 	99 	4306 		C 	1 		0 	1149 		130 				C 	559 	6 		0 	126 	C 	245 	107 	3 	C 	19 	322 	1 	25 		1706 	4114 	0 		C 	22179 
Russian Federation	0 	2 	1167 	913 	2 	162 	20 	6 	45 	139 	310 	1 	2 	20 	2006 	43 	27 	102 	27 	0 	0 	3022 	224 	1406 	0 	41 	426 	7754 	3824 	31 	18 	735 		121 	1 	0 	0 	6410 	7 	49 	797 	1187 	621 	223 	558 	0 		58 	34 	9 	12388 	540 	C 	4 	16 	1 	5433 	16 	4436 	4 		9 	71 	17 	0 	2 		742 	C 	15 	57 	48 	142 	2385 	1632 	54 	17 		21664 	43543 	3 		C 	125792 
Rwanda	0 	0 	0 	1 				0 	0 		0 		0 	0 			0 	0 		0 		0 		22 	0 	0 		0 	22 	0 		8 		0 		0 		35 	0 		8 	1 	2 	0 	0 	0 			0 	0 	153 		0 	52 		0 	11 		4 					0 	0 		0 	0 	C 	0 	0 	9 	C 	0 	1 		0 		21 				0 	349 
Saint Helena	0 	0 	0 	0 				0 	0 		0 		0 	0 			0 	0 		0 		0 		0 	0 	0 			0 	0 		0 		0 		0 		0 	0 			0 		0 	0 	0 			0 	0 	0 		0 			0 	0 							0 	0 		0 	0 		0 	0 		C 	0 	0 		0 		0 				0 	0 
Saint Pierre and Miquelon	0 	0 	0 	0 				0 	0 		0 		0 	0 			0 	0 		0 		0 		0 	0 	0 			0 	0 		0 		0 		0 		0 	0 			0 		0 	0 	0 			0 	0 	0 		0 			0 	0 							0 	0 		0 	0 		0 	0 		C 	0 			0 		0 				0 	0 
Samoa	0 	0 	0 	0 				0 	0 		0 		0 	0 			0 	39 		0 		0 		0 	0 	0 			0 	0 		0 		0 		0 		0 	0 			0 		0 	0 	0 			0 	0 	0 		0 			0 	0 							0 	0 		0 	0 		0 	0 		C 	0 	0 	10 	0 		0 				0 	49 
San Marino	0 	0 	0 	0 				0 	0 		0 		0 	0 			0 	0 		0 		0 		0 	0 	0 			0 	0 		0 		0 		0 		0 	0 		38 	0 		0 	0 	0 			0 	0 	1 		0 			0 	0 							0 	0 		0 	0 		0 	0 		C 	0 	0 	0 	0 		1 				0 	41 
Sao Tome and Principe	0 	0 	0 	0 				0 	0 		0 		0 	0 			0 	0 		0 		0 		0 	0 	0 			0 	0 		0 		0 		0 		0 	0 			0 		0 	0 	0 			0 	0 	0 		0 			0 	0 							0 	0 		0 	0 		0 	0 		C 	0 	0 		0 		0 				0 	0 
Saudi Arabia	0 	0 	C 	0 		1378 	43 	0 	0 		51 		1 	0 	36 		0 	126 		0 		0 		0 	354 	4 		6195 	0 	0 		47 		0 	0 	0 	2 	34 	0 			117 	56 	0 	5 	0 	1667 		254 	0 	25 	211 	0 	0 		0 	515 		0 	190 				0 	0 		0 		C 	0 	0 		C 	3 	69 	43 	0 		4217 				C 	15644 
Senegal	0 	0 	0 	2 				0 	0 		187 		0 	0 			0 	136 		0 		0 		80 	0 	0 	C 	107 	114 	0 		10 		0 		0 		164 	0 		4 	22 	42 	0 	5 	0 		0 	1 	0 	354 	0 	C 	154 		0 	58 							0 	0 		0 	0 		0 	0 	15 	C 	0 	9 		0 		14 	244 			0 	1723 
Serbia, Republic of	0 	0 	C 	132 		4 		0 	0 	1 	12 		0 	1 	71 		0 	0 		0 		15 		195 	0 	2 	C 	124 	427 			54 		6 		0 		234 	0 		79 	54 	5 	0 	4 	0 	20 	1 	3 	1 	3094 		0 			0 	336 							C 	0 	C 	0 	56 		0 	33 		C 	22 	43 		0 		261 		0 		C 	5290 
Seychelles	0 	0 	0 	6 		164 		0 	0 	0 	6 		0 	0 			0 	0 		0 		0 		9 	0 	0 		0 	16 	0 		0 		0 	0 	0 		27 	0 		41 	0 		0 	0 	0 			0 	0 	16 		0 	65 		0 	0 							C 	0 		0 	0 		0 	0 		C 	0 	40 		0 		0 				0 	390 
Sierra Leone	0 	0 	0 	0 				1 	0 		0 		0 	0 			0 	0 		0 		0 		0 	0 	0 			0 	0 		0 		0 		0 		0 	0 			0 		0 	0 	0 			0 	0 	0 	0 	0 	13 		0 	0 							0 	0 		0 	0 		0 	0 		C 	12 	0 		0 		149 				0 	174 
Singapore	0 	2 	3087 	197 		10 	10 	57 	0 	310 	5479 		12 	0 	5307 	1 	27 	16248 	239 	0 		6 	0 	951 	8 	0 	364 	1579 	2809 	28 	2 	830 		2 	2 	11 	404 	17719 	63 	46 	426 	19430 	410 	809 	2047 	0 	9 	24 	1 	4 	20525 	22992 	14 	3640 		33 	8460 	C 	5309 			1 	41 	2 	10 	C 	1 	1847 		0 	7 	153 	C 	1474 	4156 	615 	1 		23013 	98369 			11880 	281516 
Sint Maarten	0 	1 	0 	0 				0 	0 		0 		0 	0 			0 	0 		0 		0 		0 		0 			0 	0 		0 		0 		0 		0 	0 		1116 	0 		0 	12 	0 			0 	0 	0 		0 			0 	0 							0 	0 		0 	0 		0 	0 		C 	0 	0 		0 		118 				0 	1248 
Slovak Republic	0 	0 	9 	5534 		0 	4 	0 	0 	3369 	3 		0 	68 	37 		0 	0 	2 	0 		7 	3813 	138 	0 	27 	99 	1929 	9543 	0 	13 	7 		42 	0 	0 		2273 	0 	9 	898 	302 	164 	0 	51 	0 		27 	2 	22 	1892 		28 			0 	658 		537 			0 		31 	59 		2 	0 	C 		242 		C 	3 	1412 		0 		220 				C 	33475 
Slovenia	0 	2 	199 	1480 		13 	3 	0 	0 	517 	607 		0 	85 	43 		1 	6 	11 	0 		4 	157 	299 	0 	19 	140 	2244 	4576 	0 	0 	0 		37 	0 	0 		1348 	0 	17 	931 	473 	62 	0 	22 	1 		41 	3 	58 	2212 		C 	6 		0 	444 		708 			47 		67 	69 	51 	0 	0 	C 	361 		0 	183 	2 	130 	3 	0 		1194 	5033 	2 		C 	23910 
Solomon Islands	0 	0 	0 	0 				0 	0 		0 		0 	0 			0 	0 		0 		0 		0 	0 	0 			0 	0 		0 		0 		0 		0 	0 			0 		0 	0 	0 			0 	0 	0 		0 			0 	0 							0 	0 		0 	0 		0 	0 		C 	0 	0 	0 	0 		0 				0 	0 
Somalia	0 	0 	0 	0 				0 	0 		0 		0 	0 			0 	0 		0 		0 		0 	0 	0 			0 	0 		0 		0 		0 		0 	0 			0 		0 	0 	0 			0 	0 	0 		0 			0 	0 							0 	0 		0 	0 		0 	0 		C 	0 	0 		0 		0 				0 	0 
South Africa	0 	3 	2756 	254 		139 	4 	0 	0 	356 	837 		1 	1 	4302 	1 	87 	97 	1 	2 	0 	0 	4 	1950 	0 	1 	334 	1254 	5013 	3 	0 	697 		6 	1 	7 	1 	9516 	11 	42 	653 	6286 	195 	1 	671 	0 		2 	69 	0 	17497 	11 	C 	1045 		0 	8250 	C 	5197 			9 	8 	7 	168 	C 	0 	1290 	C 	1 	19 		C 	1380 	2887 	594 	1 		16000 	82897 	4 		C 	172821 
South Sudan	0 	0 	0 	0 				0 	0 		0 		0 	0 			0 	0 		0 		0 		0 		0 			0 					0 		0 		0 	0 			0 		0 	0 	0 			0 	0 	0 		0 			0 	0 							0 	0 		0 	0 		0 	0 		C 	0 			0 		0 				C 	0 
Spain	129 	4 	4039 	11677 	1 	134 	104 	2 	0 	29144 	1573 	2 	1988 	107 	7327 	22 	787 	493 	119 	169 	1 	72 	222 	6901 	0 	59 	5139 	229264 	166190 	39 	9350 	1002 		8 	14 	0 	3 	63006 	11 	307 	60940 	30654 	676 	169 	1204 	0 	0 	24 	36 	87 	92946 	2 	585 	1 	417 	0 	53717 	41 	23957 			127 	8 	243 	22795 	2 	1 	3470 	C 	1051 	602 	74 		5293 	11741 	32 	25 		84273 	129001 	91 		21999 	1085693 
Sri Lanka	0 	0 	16 	27 		41 	8 	0 	0 	1 	258 		0 	0 	34 		0 	146 		0 		0 		332 	1 	0 	C 	75 	325 	0 		12 		0 		1 	2 	350 	0 		149 	67 	3 	0 	6 	0 		1 	0 	0 	3690 	1 	0 	11 		0 	317 		4 				C 	0 	0 		0 	119 	C 	0 	0 		C 	26 	34 	1 	0 		713 	3771 			C 	10540 
St. Kitts and Nevis	0 	0 	0 	0 		10 		0 	0 		0 		2 	0 			0 	0 		0 		0 		0 	0 	0 			0 	0 		0 		0 		0 		0 	0 			0 		0 	0 	0 			0 	0 	1 		0 			0 	0 							0 	0 		71 	0 		0 	0 		C 	0 			0 		0 				0 	85 
St. Lucia	0 	0 	0 	0 		2 		7 	0 		0 		3 	0 		1 	0 	0 		0 		0 		0 	0 	0 			0 	9 		0 		0 		0 		0 	0 			0 		0 	0 	0 			0 	0 	0 		0 			0 	0 							0 	0 		0 	0 		0 	0 		C 	0 	0 		0 		0 	6 			0 	28 
St. Vincent and the Grenadines	0 	0 	0 	1 				1 	0 		0 		0 	0 			0 	0 		0 		0 		0 	0 	0 		0 	0 	0 		0 		12 		0 		0 	0 			0 		0 	0 	0 			0 	0 	3 		0 			0 	0 							0 	0 		0 	0 	C 	0 	0 		C 	0 	120 		0 		0 				0 	138 
Sudan	0 	0 	0 	0 		4 		0 	0 		0 		0 	0 			0 	0 		0 		0 		0 	4 	0 			0 	0 		3 		0 		0 		0 	0 			0 		0 	0 	0 	25 		4 	0 	0 	0 	0 	1 		0 	0 		3 					0 	0 		0 	0 	C 	0 	0 		C 	0 	0 		0 		0 				0 	44 
Suriname	0 	0 	0 	0 				0 	0 		0 		0 	0 			0 	0 		0 		0 		0 	0 	0 			0 	0 		0 		0 		0 		0 	0 			0 		0 	0 	0 			0 	0 	0 		0 			0 	0 							0 	0 		0 	0 		0 	2 		C 	0 	0 		0 		0 				0 	3 
Swaziland	0 	0 	0 	0 				0 	0 		0 		0 	0 			0 	0 		0 		0 		0 	0 	0 			0 	0 		0 		0 		0 		0 	2 			0 		0 	0 	0 			1 	0 	0 	1 	0 			0 	0 							0 	0 		0 	0 		0 	0 	31 	C 	0 	2 		0 		0 				0 	36 
Sweden	0 	2 	5007 	5241 	1 	31 	33 	64 	0 	4559 	3132 	28 	8 	36 	8618 	51 	125 	1750 	54 	161 	10 	199 	324 	21474 	0 	278 	33895 	40669 	55914 	111 	67 	9586 		8 	110 	0 		42005 	651 	131 	4982 	36962 	4720 	952 	1230 	17 	0 	398 	2 	101 	68127 	38 	358 	10 	17 	0 	21828 	C 	37867 			5 	4 	1538 	669 	1 	0 	1829 	C 	1176 	255 	137 	2346 		22859 	13 	4 		53764 	168586 	194 		32168 	697492 
Switzerland	1 	11 	C 	4720 	707 	87 	11 	61 	0 	4754 	2722 	35 	751 	2 	23807 	14 	1532 	2063 	380 	8 	12 	39 	98 	6855 	32 	18 	3308 	26374 	43369 	123 	199 	4490 	1 	33 	57 	12 	4 	28444 	350 	604 	8956 	25833 	1659 	516 	4162 	0 	108 	18 	156 	2 	73463 	20 	122 	1054 	118 	6 	27165 	182 	42040 			32 	18 	109 	365 	3 	91 	6181 	C 	13 	129 	735 	4665 	22898 		34 	6 	2 	87637 	448522 	8 	514 	5650 	919280 
Syrian Arab Republic	0 	0 	0 	0 				0 	0 		0 		0 	0 			0 	0 		0 		0 		0 	1 	0 			0 	6 		0 		0 		0 		0 	0 			0 		0 	0 	0 	76 		1 	0 	0 		0 			0 	0 							0 	0 		0 	20 		0 	0 		C 	0 	0 		0 		0 				0 	105 
Taiwan Province of China	0 	2 	C 	205 		13 	5 	0 	0 	480 	545 		0 	0 	6098 		10 	6190 	2 	0 		0 	3 	1428 	0 	0 	C 	2042 	2352 	0 		248 		0 	9 	8 	3 	12123 	4 		361 	6746 	258 	0 	1224 	0 		0 	0 	0 	24192 	602 	0 	57 	44 	0 	8714 	41 	8932 				C 	C 	10 		0 	2594 	20218 	0 	28 	13 	C 	2192 	2982 	5 	0 		33053 	114129 	0 		C 	258163 
Tajikistan	0 	0 	0 	0 				0 	0 		0 		0 	0 			0 	0 		0 		0 		0 	0 	0 			0 	0 		0 		0 		0 		0 	0 			0 		0 	0 	0 			0 	0 	157 		0 			0 	4 							0 	0 		0 	0 		0 	0 		C 	0 	0 		0 		0 				C 	161 
Tanzania	0 	0 	0 	0 				0 	0 		46 		0 	0 			0 	4 		0 		0 		12 	0 	0 	C 	1 	21 	0 		0 		0 		0 		28 	0 		5 	1 	42 	0 	0 	0 			0 	0 	268 		0 	44 		0 	18 		17 					0 	0 		0 	0 		0 	0 	36 	C 	0 	5 		0 		60 				0 	608 
Thailand	0 	1 	1474 	192 		51 	2 	0 	0 	200 	506 		0 	0 	2080 	109 	2 	2008 	39 	0 		4 	0 	1046 	0 	0 	180 	391 	2550 	8 		183 		0 	3 	20 	20 	4756 	43 	1 	159 	7070 	176 	0 	613 	0 		0 	0 	0 	16138 	764 	0 	131 		0 	4753 	C 	3178 			0 	126 	0 	0 		0 	1241 	8757 	0 	5 	12 	C 	584 	1041 		0 		8264 	37991 	0 		C 	106872 
Timor-Leste, Dem. Rep. of	0 	0 	C 	0 				0 	0 		0 		0 	0 			0 	0 		0 		0 		0 		0 			0 			0 		0 		0 		0 	0 			0 		0 	0 	0 			0 	0 	1 		0 			0 	0 							0 	0 		0 	0 	C 	0 	0 		C 	0 	0 		0 		0 				0 	1 
Togo	0 	0 	0 	0 				0 	0 		0 		0 	0 			0 	9 		0 		0 		3 	0 	0 	C 	0 	2 	0 		0 		0 		0 		7 	0 			0 	3 	0 	0 	0 			0 	0 	19 	0 	0 			0 	1 							0 	0 		0 	0 		0 	0 		C 	0 	0 		0 		7 				0 	53 
Tokelau Islands	0 	0 	0 	0 				0 	0 		0 		0 	0 			0 	0 		0 		0 		0 	0 	0 			0 	0 		0 		0 		0 		0 	0 			0 		0 	0 	0 			0 	0 	46 		C 			0 	0 							0 	0 		0 	0 		0 	0 		C 	0 			0 		0 				0 	46 
Tonga	0 	0 	0 	0 				0 	0 		0 		0 	0 			0 	0 		0 		0 		0 	0 	0 			0 	0 		0 		0 		0 		0 	0 			0 		0 	0 	0 			0 	0 	0 		0 			0 	0 		3 					0 	0 		0 	0 		0 	0 		C 	0 	0 		0 		0 				0 	3 
Trinidad and Tobago	0 	13 	0 	2 		6 		31 	0 		44 		0 	0 	23 	47 	3 	0 		0 		0 		61 	0 	0 	C 	0 	100 	0 		0 		0 		0 		72 	0 		6 	110 		0 	0 	0 			0 	0 	96 		0 			0 	79 		5 			21 		0 	0 		0 	15 		0 	0 		C 	0 	6 		0 		55 	922 	0 		C 	1718 
Tunisia	0 	0 	C 	52 	2 	106 		0 	0 	8 	69 		0 	0 	1 	26 	0 	6 		0 		10 		20 	0 	0 		375 	203 	0 		3 		0 		0 		186 	0 		101 	1173 	5 	0 	0 	0 	24 	1 	0 	0 	70 	0 	C 			0 	46 		145 					0 	0 		0 	40 		0 	0 	0 	C 	136 	10 		6 		27 	825 			C 	3675 
Turkey	0 	2 	765 	1646 		5947 	49 	0 	0 	473 	710 		1 	156 	1180 	19 	6 	178 	2 	0 	1 	17 	160 	2052 	9 	64 	759 	2478 	7507 	114 	985 	479 		90 	0 	0 	2 	7368 	0 	74 	1471 	5838 	2386 	76 	376 	0 	303 	36 	59 	22 	18077 	263 	18270 	68 		0 	5850 		5620 	13 		11 	C 	1062 	10 	240 	78 	2760 	C 	73 	49 	9 	186 	677 	2193 	3717 			17895 	46126 	1 		C 	167108 
Turkmenistan	0 	0 	0 	0 				0 	0 		0 		0 	0 			0 	0 		0 		0 		0 	0 	0 			0 	2 		0 		0 		0 		0 	0 			0 		0 	0 	0 			0 	0 	0 		0 			0 	0 							0 	0 		0 	0 		0 	0 		C 	0 	0 		0 		9 				C 	11 
Turks and Caicos Islands	0 	0 	0 	0 	2 			1 	0 		0 		259 	0 			0 	0 		0 		0 		0 	0 	0 		2 	0 	0 		0 		0 		0 		8 	0 		2 	3 		0 	0 	0 			0 	0 	7 		0 			0 	0 							0 	0 		0 	0 		0 	0 		C 	0 	38 		0 		0 	455 			0 	777 
Tuvalu	0 	0 	0 	0 				0 	0 		0 		0 	0 			0 	0 		0 		0 		0 	0 	0 			0 	0 		0 		0 		0 		0 	0 			0 		0 	0 	0 			0 	0 	0 		0 			0 	0 							0 	0 		0 	0 		0 	0 		C 	0 	0 		0 		0 				0 	0 
Uganda	0 	0 	0 	0 				0 	0 		0 		0 	0 			0 	7 		0 		0 		0 	0 	0 	C 	7 	0 	0 		19 		0 		0 		27 	0 			0 	23 	0 	0 	0 			0 	0 	65 		0 	98 		0 	1 		2 					0 	0 		0 	0 	C 	0 	0 	35 	C 	0 	0 		0 		67 	228 			0 	578 
Ukraine	0 	0 	C 	41 		17 		0 	0 	2 	251 		1 	6 	190 		0 	5 		0 		35 	1 	156 	0 	4 	C 	168 	83 	0 	72 	158 		0 	0 	0 		246 	0 	1 	74 	34 	19 	0 	9 	0 		7 	1 	15 	2623 		0 	1 		0 	257 		29 				C 	C 	0 	C 	3005 	126 	C 	11 	0 		C 	14 	45 		5 		357 	4811 	0 		C 	12880 
United Arab Emirates	0 	0 	C 	328 		3752 	19 	0 	0 	234 	1339 		1 	4 	535 	3 	5 	1053 	163 	0 		8 	4 	162 	97 	15 	C 	1300 	3145 	78 	0 	817 		0 	0 	3 	1 	3520 	3 		375 	1353 	3342 	0 	198 	0 	2621 	8 	227 	1 	6407 	670 	C 	146 		0 	1427 		766 	29 		2 	C 	C 	38 		1 	8890 	C 	16 	6 	1 	C 	90 	6090 	306 	2 		5334 		0 		C 	54935 
United Kingdom	3 	18 	55422 	17216 		968 	181 	165 	7 	30289 	25324 	120 	265 	1210 	89088 	515 	4401 	62405 	1101 	723 	124 	1228 	453 	25589 	107 	188 	20499 	254987 	215383 	3245 	26024 	37858 		112 	1239 	9 	266 	416179 	20710 	6975 	67411 	183974 	40539 	4492 	14641 	0 	644 	221 	708 	82 	279762 	3748 	3452 	2223 	307 	8 	126927 	1673 	97926 	8 		44 	190 	433 	8816 	387 	3118 	14080 	38025 	2100 	526 	62920 	35073 	46491 	87593 	374 	67 	46 		1295590 	358 	12 	157716 	3903304 
United States	22781 	319 	269917 	28762 	3050 	2672 	316 	3540 	6 	44318 	268424 	799 	12743 	581 	718402 	14532 	62122 	102529 	2826 	19137 	475 	615 	2369 	113600 	1047 	345 	40150 	256233 	292955 	423 	1306 	42285 	16 	1400 	2727 	673 	2462 	635278 	1020 	62287 	75985 	1233568 	33286 	41603 	82666 	29 	1656 	1447 	2291 	136 	847799 	19458 	1215 	2938 	48551 	32 	435963 	3890 	297022 	1 	330 	6063 	2932 	2091 	7707 	266 	1972 	72185 	252297 	726 	1470 	25638 	28189 	147214 	249714 	5010 	195 	62 	970743 		1093 	3444 	2362491 	10306805 
Uruguay	3 	0 	14 	27 	11 	6 		0 	0 	12 	238 		85 	0 	71 	1 	74 	8 		0 	4 	0 		307 	0 	0 	55 	13 	742 	0 		71 		0 		0 		380 	0 		87 	783 	9 	0 	3 	0 		0 	0 	0 	4435 		C 			0 	504 		31 			2 		0 	0 		0 	127 	C 	0 	0 		C 	12 	86 	1 	0 		197 	3204 			C 	11600 
US Pacific Islands	0 	0 	0 	0 		0 		0 	0 		0 		3 	0 			0 	0 		0 		0 		0 	0 	0 			0 	9 		0 		0 		0 			0 			0 	200 	0 	0 	0 			0 	0 	17 		0 	0 		0 	0 		2 					0 	0 		0 	0 		0 	0 		C 	0 			0 		0 				0 	231 
US Virgin Islands	0 	0 	C 	0 		45 		0 	0 		5 		12 	0 			0 	11 	0 	0 	1 	0 		1 	0 	0 	C 	0 	0 	36 		928 		0 		0 		49 	120 	1 		337 		0 	0 	0 			0 	0 	8 	27 	0 	0 		0 	0 		6 					0 	0 		0 	0 	C 	0 	0 	9 	C 	5 			0 		191 				C 	1793 
Uzbekistan	0 	0 	0 	0 				0 	0 		0 		0 	0 			0 	0 		0 		0 		0 	0 	0 			0 	0 		0 		0 		0 		0 	0 	2 		0 		0 	3 	0 			0 	0 	6 		0 			0 	0 							0 	0 		0 	0 		0 	0 		C 	0 	0 		0 		0 				C 	11 
Vanuatu	0 	0 	0 	0 				0 	0 		0 		0 	0 			0 	0 		0 		0 		0 	0 	0 			0 	0 		0 		0 		0 		0 	0 			0 		0 	0 	0 			0 	0 	0 		0 			0 	0 							0 	0 		0 	0 		0 	0 		C 	0 	0 		0 		0 				0 	0 
Vatican	0 	0 	0 	0 				0 	0 		0 		0 	0 			0 	0 		0 		0 		0 	0 	0 			0 	0 		0 		0 		0 		0 	0 			0 		0 	0 	0 			0 	0 	0 		0 			0 	0 							0 	0 		0 	0 		0 	0 		C 	0 	0 		0 		0 				0 	0 
Venezuela, Republica Bolivariana de	0 	1 	C 	98 	11 	0 		22 	0 	12 	263 		7 	0 	239 	130 	2 	26 		4 	10 	0 	0 	596 	0 	1 	18 	273 	529 	11 	7 	89 		1 		0 		1346 	4 	1 	1053 	268 	754 	0 	55 	0 		2 	57 	1 	2157 	0 	6 			0 	798 		266 	3 		158 	C 	C 	78 	0 	4 	254 	C 	5 	0 		C 	8 	509 		12 		778 	7197 	41 		C 	18166 
Vietnam	0 	0 	C 	17 			4 	0 	0 	16 	47 		0 	0 	30 		0 	724 		0 		0 	0 	111 	0 	0 	C 	90 	203 	0 		28 		0 		0 	1 	222 	0 		30 	177 	2 	0 	324 	0 		2 	0 	0 	1075 	24 	0 	1 		0 	95 		169 				C 	C 	0 		0 	62 	719 	0 	0 		C 	25 	53 	16 	0 		1098 	2437 	0 		C 	7804 
Virgin Islands, British	0 	1 	C 	251 		14 		0 	0 	508 	8678 		448 	1 	2262 	506 	1167 	12676 	1213 	2 	0 	6 	2 	414 	0 	13 	820 	1618 	3270 	27 	10 	1421 		3 	0 	4 	1 	4126 	99 	9 	466 	3570 	1530 	12 	993 	0 	4 	27 	6 	4 	15735 	1127 	50 	260 		0 	1853 	C 	681 	12 		12 	222 	21 	697 	C 	104 	35 	3357 	4 	1 	159 	664 	144 		222 	0 		6159 	70601 	6 		C 	148306 
Wallis and Futuna	0 	0 	0 	0 				0 	0 		0 		0 	0 			0 	0 		0 		0 		0 	0 	0 			0 	0 		0 		0 		0 		0 	0 			0 		0 	0 	0 			0 	0 	0 		0 			0 	0 							0 	0 		0 	0 		0 	0 		C 	0 	0 		0 		0 				0 	0 
West Bank and Gaza	0 	0 	0 	0 				0 	0 		0 		0 	0 			0 	0 		0 		0 		0 	0 	0 			0 			0 		0 		0 		0 	0 			0 	22 	0 	0 	0 			0 	0 	74 		0 			0 	0 							0 	0 		0 	0 		0 	0 		C 	0 	0 	0 	0 		0 				0 	96 
Western Sahara	0 	0 	0 	0 				0 	0 		0 		0 	0 			0 	0 		0 		0 		0 	0 	0 			0 	0 		0 		0 		0 		0 	0 			0 		0 	0 	0 			0 	0 	0 		0 			0 	0 							0 	0 		0 	0 		0 	0 		C 	0 			0 		0 				0 	0 
Yemen, Republic of	0 	0 	0 	0 				0 	0 		0 		0 	0 			0 	0 		0 		0 		0 	0 	0 			0 	0 		0 		0 		0 	1 	0 	0 			0 		0 	0 	0 	7 		0 	0 	3 		0 			0 	0 							0 	0 		0 	0 		0 	0 		C 	0 	0 		0 		0 				0 	11 
Zambia	0 	0 	C 	24 				0 	0 		82 		0 	0 			0 	0 		0 		0 		72 	1 	0 	C 	20 	119 	0 		19 		0 		1 		85 	0 		20 	8 		0 	0 	0 		0 	0 	0 	451 		0 	1570 		0 	90 		14 					0 	0 		0 	0 		0 	0 	76 	C 	1 	10 	0 	0 		187 	520 			0 	3370 
Zimbabwe	0 	0 	C 	0 				0 	0 		6 		0 	0 	1 		0 	0 		0 		2 		7 	0 	0 		1 	2 	2 		21 		0 		0 		100 	0 			0 	20 	0 	0 	0 			0 	0 	89 		0 	96 		0 	0 		3 					0 	0 		0 	0 		0 	0 	78 	C 	0 	0 		0 		0 	147 			0 	575 
Not Specified (including Confidential)	28 	54 	88311 	0 		6029 	474 	0 	1 	2508 	1576 	318 	0 	0 	171 		6304 	1787 		0 	7 	0 	0 	530 	11 	41 	5395 	103 	0 	100 				0 	45 	0 	4344 	17940 	14527 	15565 	4033 	24 		0 	466 	0 	812 	0 	11 	0 	320 	104 	84197 	1784 	3249 	7 	26734 	59842 	13746 			53 	206 	269 	767 	35 	2391 	306 	205378 	0 	2 	790 	13773 	0 	6425 	5202 	5 	3 	152698 	149663 	11 	1026 	190864 	1091362 
International Organizations	0 	3 	C 	9907 		72 		270 	29 	14394 	4271 		0 	65 	2121 	35 	0 	6408 	138 	576 		2186 	741 	2887 	139 	228 	3429 	84315 	116960 	6 	974 	1395 	137 	2 	1 	0 		14187 	71 		38098 	95946 	1188 	1654 	399 	0 		501 	0 	103 	26292 		797 	123 	69 	0 	8981 	105 	9827 				C 	136 	1192 	122 	604 	516 		481 	0 	1 	23199 	5089 	29670 		0 		121439 	24953 	167 	0 	305218 	962815 
World	24012 	621 	621521 	339201 	18317 	35416 	2398 	8815 	113 	701841 	516317 	2225 	28241 	6700 	1185959 	41912 	144846 	1170486 	49955 	27504 	1234 	14179 	27901 	432921 	2647 	7441 	345218 	2749080 	3075741 	8233 	141498 	199151 	157 	9671 	10445 	1630 	12172 	2349427 	46115 	106187 	1162588 	3399008 	166164 	77083 	203014 	1548 	16040 	9506 	6348 	4120 	3585648 	67847 	121568 	126592 	57080 	280 	1853676 	77517 	1051939 	381 	330 	10305 	8023 	20325 	142527 	2958 	56630 	200081 	914009 	25683 	15024 	154865 	500048 	538005 	1253541 	37648 	1412 	200 	3917640 	9555911 	4794 	5827 	4722919 	48544099 