COUNTRY	Argentina	Aruba	Austria	Belgium	Brazil	Bulgaria	Canada	Cayman Islands	Chile	China, P.R.: Hong Kong	China, P.R.: Macao	Costa Rica	Cyprus	Czech Republic	Denmark	Estonia	Finland	France	Germany	Greece	Hungary	Iceland	Indonesia	Ireland	Israel	Italy	Japan	Kazakhstan	Korea, Republic of	Kosovo	Kuwait	Latvia	Lebanon	Lithuania	Luxembourg	Malaysia	Malta	Mauritius	Mexico	Netherlands	Pakistan	Philippines	Poland	Portugal	Romania	Russian Federation	Saudi Arabia	Singapore	Slovak Republic	Slovenia	South Africa	Switzerland	Thailand	Turkey	Ukraine	United Kingdom	United States	Venezuela, República Bolivariana de	SEFER + SSIO (**)	Value of Total Investment
Afghanistan, Islamic Republic of	0 	0 	0 		0 	0 			0 	0 		0 	0 		0 	0 			0 		0 		0 	C 			0 	0 	0 	0 			0 		0 					0 			0 	0 		0 	0 			0 		0 		0 		0 			0 	0 
Albania	0 		3 		0 	5 			0 	0 		0 	0 		7 	1 		3 	38 	111 	0 		0 	5 		65 	0 	0 	0 	0 			0 	0 	104 			0 		5 			C 	0 	C 	0 	0 			0 		3 		0 		16 			C 	366 
Algeria	0 		0 		0 	0 			0 	50 		0 	1 		3 	0 		272 	0 		0 		0 	0 			0 	0 	0 	0 	161 		0 		0 			22 		0 			0 	15 		0 	0 			0 		0 		0 		247 			0 	770 
American Samoa	0 		0 		0 	0 			0 	0 		0 	0 		0 	0 			0 		0 		0 	0 			0 	0 	0 	0 			0 		0 					0 			0 	0 		0 	0 			0 				0 		0 			C 	0 
Andorra	0 		0 		0 	0 			0 	0 		0 	0 		0 	0 		1 	0 		0 		0 	0 			16 	0 	0 	0 			0 		16 					0 			0 	0 		0 	0 			0 		0 		0 		1 			0 	34 
Angola	0 		0 		0 	0 			0 	0 		0 	0 		0 	0 			0 		0 		0 	1 			2 	0 	0 	0 			0 		10 			9 		0 			0 	161 		0 	9 			0 	88 	0 		0 		93 			0 	372 
Anguilla	0 		0 		0 	0 			0 	0 		0 	0 		0 	0 		9 	0 		0 		0 	0 	1 		0 	0 	0 	0 			0 		0 					0 			0 	0 		0 	0 			0 				0 		203 			0 	213 
Antigua and Barbuda	0 		0 	0 	0 	0 			0 	0 		0 	0 	0 	0 	0 	C 	0 	1 	0 	0 		0 	1 		1 	0 	0 	0 	0 		22 	0 	0 	2 	0 				0 			0 	0 		0 	0 	C 		0 				0 		0 	52 		0 	81 
Argentina		1 	112 	42 	407 	0 	102 	212 	129 	67 		0 	0 	0 	286 	0 	9 	206 	611 	3 	0 	0 	1 	174 	1 	2985 	330 	0 	11 	0 		2 	66 	0 	2000 			11 	8 	432 		C 	C 	0 		1 	90 	23 		0 	12 	159 		2 		2444 	7748 	103 	C 	18789 
Armenia, Republic of	0 		0 		0 	0 			0 	0 		0 	0 		0 	0 		18 	0 		0 		0 	0 			0 	0 	35 	0 			0 		173 					0 			0 	0 		0 	0 			0 		0 		0 		0 			C 	226 
Aruba	0 		21 		0 	0 	1 	17 	0 	0 		0 	0 		2 	0 			3 		0 		0 	1 		5 	180 	0 	1 	0 			0 		26 					10 			0 	0 		0 	0 	C 		0 		1 		0 		11 	511 		0 	791 
Australia	0 	6 	2260 	4663 	6 	65 	21799 	334 	148 	26305 	425 	5 	3 	23 	1667 	14 	1932 	29507 	27905 	59 	6 	8 	78 	32980 	343 	4320 	132151 	1683 	3334 	0 	0 	26 	43 	10 	41575 	1802 	351 	278 		22129 	7 	187 	1 	471 	0 	0 	1921 	23897 	12 	231 	362 	26670 	2330 	1 		94389 	336732 	313 	80924 	926692 
Austria	0 	1 		13872 	8 	154 	968 	12 	148 	434 	32 	13 	81 	2975 	1849 	114 	2605 	64711 	107548 	752 	791 	2 	0 	8420 	99 	18531 	16292 	688 	131 	46 		22 	5 	28 	28444 	50 	436 	1 		37342 	0 	C 	940 	2271 	557 	258 	256 	1180 	1290 	893 	90 	28224 	3 	4 		14893 	15676 		34529 	408669 
Azerbaijan, Republic of	0 	0 	26 		0 	0 	4 		0 	C 		0 	0 		64 	0 	C 	13 	112 		0 		0 	4 		13 	27 	0 	19 	0 		4 	0 		459 					152 			0 	0 		1 	20 			0 		8 		4 		108 			C 	1037 
Bahamas, The	0 		42 	11 	1187 	0 	133 	74 	16 	106 	21 	0 	0 	0 	284 	1 	C 	45 	76 		1 		0 	152 		32 	1639 	0 	0 	0 	0 	0 	5 	1 	849 	5 		0 		52 		6 	C 	9 	C 	0 	26 	C 		0 		1566 	150 	0 		409 	6227 		C 	13124 
Bahrain, Kingdom of	0 		17 	3 	0 	0 	0 		0 	36 	0 	0 	0 		6 	1 		52 	167 	1 	0 		0 	41 		23 	48 	0 	13 	0 	5225 		377 	1 	196 	139 		15 		115 	10 		0 	0 	C 	0 	1251 	C 		0 		35 	13 	0 		748 			C 	8535 
Bangladesh	0 		0 		0 	0 			0 	576 		0 	0 		98 	0 			0 		0 		2 	14 			0 	0 	5 	0 	33 		0 		132 	0 		8 		3 			0 	0 		0 	0 	C 		0 		11 		0 		418 			0 	1302 
Barbados	0 	1 	37 	2 	0 	0 	54 	2 	0 	0 		0 	0 		5 	0 	2 	11 	16 		0 		0 	31 	1 	6 	23 	0 	0 	0 			0 		292 					20 			0 	0 		0 	0 			0 		12 		0 		119 	1965 		0 	2599 
Belarus	0 		7 	0 	0 	2 			0 	6 		0 	1 	0 	27 	0 	C 	30 	76 		0 	0 	0 	3 		59 	21 	0 	0 	0 		1 	0 	1 	333 					68 			0 	0 		7 	4 	C 		0 		19 		0 		183 	467 		C 	1314 
Belgium	0 	1 	5406 		348 	35 	2011 	1 	73 	601 	10 	10 	270 	2025 	1834 	207 	3501 	109261 	48727 	2460 	184 	2 	0 	17553 	156 	9887 	23285 	93 	411 	101 	109 	9 	77 	19 	54091 	3 	170 	4 		31574 	0 	C 	47 	2186 	0 	6 	975 	C 	307 	504 	29 	7170 	19 	0 		47075 	46463 		29834 	449126 
Belize	0 		3 		3 	0 	3 	1 	0 	0 		2 	0 		20 	0 	C 	6 	1 		0 		0 	0 		1 	0 	0 	180 	0 		17 	0 		19 			2 		3 			0 	0 		0 	1 			0 		2 		0 		3 	187 		0 	452 
Benin	0 		0 		0 	0 			0 	0 		0 	0 		3 	0 		19 	0 		0 		0 	0 			0 	0 	0 	0 			0 		6 			0 		0 			0 	0 		0 	0 			0 		0 		0 		0 			0 	28 
Bermuda	0 	1 	314 	1009 	2976 	2 	12154 	10 	11 	87194 	685 	0 	63 	62 	1477 	2 	1098 	3442 	2613 	13 	5 	17 	1 	6146 	38 	487 	30342 	39 	492 	0 	20 	3 	17 	3 	22280 	327 		1128 		6377 	0 	2 	1 	26 	4 	159 	37 	8984 		2 	14835 	4463 	24 	0 		11409 	193620 	1 	C 	414416 
Bhutan	0 		0 		0 	0 			0 	C 		0 	0 		0 	0 			0 		0 		0 	0 			0 	0 	0 	0 			0 		0 					0 			0 	0 		0 	0 			0 		0 		0 		0 			0 	0 
Bolivia	0 		3 		0 	0 		2 	0 	0 		0 	0 		9 	0 	C 		26 		0 		0 	1 		8 	7 	0 	0 	0 			0 		57 					39 			0 	0 		0 	0 	C 		0 		2 		0 		104 			0 	258 
Bonaire, Sint Eustatius and Saba	0 		0 	8 	0 	0 			0 	0 		0 	0 		0 	0 			0 		0 		0 	0 			0 	0 	0 	0 			0 		131 					0 			0 	0 		0 	0 			0 		161 		0 		0 			0 	300 
Bosnia and Herzegovina	0 		8 		0 	0 	0 		0 	0 		0 	0 		31 	0 	C 	0 	8 		0 	0 	0 	29 		0 	0 	0 	0 	0 	19 		0 	1 	240 					5 			0 	0 		0 	0 			36 		0 		0 		22 	60 		C 	460 
Botswana	0 		0 		0 	0 			0 	0 		0 	0 		7 	0 	C 	4 	0 		0 		0 	17 			0 	0 	0 	0 			0 		29 			1 		1 			0 	0 		0 	0 			0 	70 	0 		0 		23 	65 		0 	218 
Brazil	397 	4 	506 	600 		8 	10360 	22336 	1869 	242 	15 	36 	1 	15 	3102 	2 	532 	8787 	6114 	10 	5 	3 	1 	13444 	150 	1468 	20730 	8 	6658 	0 		3 	7 	1 	52105 	3 	5 	1 	301 	12282 	16 	C 	2 	851 		3 	2464 	C 	7 	92 	430 	4474 	4893 	6 		134101 	179630 	13 	C 	489095 
British Indian Ocean Territory	0 		0 		0 	0 			0 	0 		0 	0 		0 	0 			0 		0 		0 	0 			0 	0 	0 	0 			0 		0 					0 			0 	0 		0 	0 			0 				0 		0 			C 	0 
Brunei Darussalam	0 		0 		1 	0 			0 	0 		0 	0 		0 	0 		22 	0 		0 		2 	0 			0 	0 	0 	0 			0 		0 	0 				0 			0 	0 		0 	0 	C 		0 		0 		0 		0 			0 	25 
Bulgaria	0 		450 	74 	0 		2 		0 	0 		0 	32 	1 	6 	12 	16 	166 	298 	318 	16 	1 	0 	1 		24 	7 	0 	7 	0 		6 	0 	6 	204 	0 				81 			6 	0 	22 	0 	21 	C 	20 	2 		5 		0 		1276 	76 		C 	3157 
Burkina Faso	0 		0 		0 	0 			0 	0 		0 	0 		0 	0 		21 	0 		0 		0 	0 			0 	0 	0 	0 			0 		0 			0 		0 			0 	0 		0 	0 			0 		0 		0 		0 			0 	21 
Burundi	0 		0 		0 	0 	0 		0 	0 		0 	0 	0 	9 	0 		5 	4 		0 		0 	C 		17 	0 	0 	0 	0 			0 		61 					0 			0 	0 		0 	0 			0 		0 		0 		2 			0 	98 
Cambodia	0 		3 		0 	0 			0 	0 		0 	0 		0 	0 			0 		0 		0 	C 			1 	0 	1 	0 			0 		264 	0 				4 			0 	0 		0 	0 			0 		0 	1 	0 		4 			0 	278 
Cameroon	0 		0 		0 	0 			0 	0 		0 	0 		0 	0 		679 	16 		0 		0 	C 			0 	0 	0 	0 			0 		12 	0 		25 		0 			C 	0 		0 	0 			0 		0 		0 		72 			0 	805 
Canada	3 	6 	1687 	2934 	52 	1 		240 	731 	7775 	180 	39 	21 	42 	2591 	7 	1189 	13845 	19729 	51 	19 	308 	0 	22188 	138 	2561 	52134 	2030 	2265 	0 	41 	275 	32 	1 	40450 	39 		151 	28 	14489 		15 	133 	200 	10 	459 	3983 	C 	9 	43 	725 	26239 	81 	4 		28836 	792871 		98840 	1140719 
Cabo Verde	0 		0 		0 	0 			0 	0 		0 	0 		0 	0 			0 		0 		0 	0 			0 	0 		0 			0 		0 					0 			0 	73 		0 	0 			0 		0 		0 		0 			0 	74 
Cayman Islands	0 	3 	4146 	2596 	820 	1 	16105 		651 	209005 	1498 	13 	104 	19 	9990 	34 	12052 	22222 	24751 	377 	12 	24 	462 	30478 	170 	4031 	567251 	38 	4358 	0 	7127 	8 	110 	6 	68085 	1060 		167 	435 	19388 	3 	284 	7 	3668 	0 	47 	1346 	8891 	33 	24 	480 	37597 	849 	219 		102169 	870933 	6 	C 	2034153 
Central African Republic	0 		0 		0 	0 			0 	0 		0 	0 		0 	0 		0 	0 		0 		0 	0 			0 	0 	0 	0 			0 		0 					0 			0 	0 		0 	0 			0 		0 		0 		0 			0 	0 
Chad	0 		0 		0 	0 			0 	0 		0 	0 	0 	0 	0 		0 	0 		0 		0 	0 			0 	0 	0 	0 			0 		0 					0 			0 	0 		0 	0 			0 		0 		0 		0 			0 	0 
Chile	4 	1 	81 	58 	332 	0 	998 	85 		314 	13 	0 	0 	1 	456 	0 	97 	540 	1644 		0 	0 	0 	1052 	1 	130 	995 	0 	237 	0 		0 	2 	4 	6731 	0 		0 	2 	1575 	0 	C 	C 	0 		0 	486 	C 	1 	5 		1195 	48 	0 		3863 	28538 	3 	C 	49492 
China, P.R.: Hong Kong	0 	2 	463 	407 	11 	35 	10391 	42 	38 		11558 	0 	3 	18 	1885 	3 	703 	6107 	3538 	5 	6 	20 	508 	13168 	207 	569 	15316 	1115 	7641 	0 	39 	4 	5 	0 	35364 	2916 		2273 		10405 		243 	1 	34 		1 	4196 	23528 		53 	56 	4662 	1887 	0 		43357 	126406 		C 	329187 
China, P.R.: Macao	0 	0 	0 		0 	0 			0 	598 		0 	0 	0 	0 	0 			0 		0 		0 	0 			48 	2 	6 	0 			0 		53 					0 			0 	321 		0 	0 	C 		0 		0 	76 	0 		55 			C 	1161 
China, P.R.: Mainland	22 	3 	409 	440 	1 	0 	8112 	21 	57 	312941 	16225 	1 	0 	15 	1062 	5 	568 	10375 	3354 	8 	1 	7 	772 	12745 	66 	680 	7951 	11 	5555 	0 	85 	3 	1 	1 	30695 	569 		5396 	6 	8339 	5 	226 	C 	16 		122 	4469 	54135 		95 	257 	2407 	512 	0 		33212 	119181 		C 	641139 
Christmas Island	0 		0 		0 	0 			0 	0 		0 	0 		0 	0 			0 		0 		0 	C 	0 		0 	0 	0 	0 			0 		0 					0 			0 	0 		0 	0 			0 				0 		0 			0 	0 
Cocos (Keeling) Islands	0 		0 		0 	0 			0 	0 		0 	0 		0 	0 			0 		0 		0 	0 			0 	0 	0 	0 			0 		0 					0 			0 	0 		0 	0 			0 				0 		0 			0 	0 
Colombia	0 	2 	73 	43 	7 	0 	524 	156 	418 	6 		19 	0 	0 	612 	0 	56 	549 	1563 	0 	0 		0 	787 		184 	1503 	1 	92 	0 		1 	0 	0 	4803 	0 		15 		1674 		C 	0 	0 		0 	351 	C 		1 		377 	2 	0 		1624 	17727 	6 	C 	33175 
Comoros	0 		0 		0 	0 			0 	0 		0 	0 		0 	0 			0 		0 		0 	0 			0 	0 	0 	0 			0 		0 			0 		0 			0 	0 		0 	0 			0 		0 		0 		0 			0 	0 
Congo, Democratic Republic of	0 		0 	12 	0 	0 			0 	0 		0 	0 		0 	0 		2009 	0 		0 		0 	C 			1 	0 	0 	0 			0 		4 					0 			0 	0 		0 	0 			0 		0 		0 		405 			0 	2431 
Congo, Republic of	0 		0 	0 	0 	0 			0 	0 		0 	0 		7 	0 		32 	5 		0 		0 	7 		0 	1 	0 	0 	0 			0 		38 			1 		7 			0 	0 		0 	0 			0 		0 		0 		33 	242 		0 	372 
Cook Islands	0 		0 		0 	0 			0 	0 		0 	0 		0 	0 		0 	0 		0 		0 	0 			0 	0 	0 	0 			0 		0 					0 			0 	0 		0 	0 	22 		0 				0 		0 			0 	22 
Costa Rica	0 		8 		1 	0 	0 	14 	5 	0 			0 	1 	66 	0 	16 	3 	218 	0 	0 		0 	56 		17 	61 	0 	5 	0 			0 		544 			4 		160 			0 	0 		0 	36 			0 		7 		0 		105 			C 	1327 
Cote d'Ivoire	0 		8 	0 	0 	0 	9 		0 	13 		2 	0 		109 	0 	C 	176 	72 	0 	0 		0 	12 		5 	56 	0 	0 	0 		0 	1 		624 	0 		15 		59 			0 	0 		0 	15 	C 		0 		96 		0 		267 	778 		C 	2316 
Croatia	0 	0 	1028 	39 	0 	166 	38 	12 	0 	4 		0 	2 	14 	332 	10 	54 	1511 	1239 	18 	30 	0 	0 	250 		404 	119 	0 	1 	0 		29 	2 	17 	2123 		4 	1 		487 			3 	0 	37 	0 	91 	C 	161 	51 		107 	0 	0 		589 	2333 		C 	11303 
Cuba	0 		0 		0 	0 			0 	0 		0 	0 		0 	0 		0 	0 		0 	0 	0 	0 			0 	0 	0 	0 			0 		0 					0 			0 	0 		0 	0 			0 		0 		0 		17 	2 	10 	0 	29 
Curacao	0 	16 	562 	2258 	102 	10 	1332 	7 	0 	18 	1 	3 	16 	392 	300 	1 	71 	34591 	1588 	20 	76 		0 	1063 		815 	9034 	67 	2 	0 		1 	0 	4 	3417 	0 				1390 			C 	155 	C 	1 	0 	13 	2 	41 		3127 		0 		57 			C 	60551 
Curacao & St. Maarten																																																												
Cyprus	0 	0 	181 	21 	0 	1 	88 	2 	0 	18 		0 		84 	110 	11 	89 	312 	235 	827 	3 	0 	0 	115 		63 	61 	23 	15 	0 		17 	1 	6 	2148 	34 		92 		229 			101 	7 	4 	2458 	0 	30 	94 	2 	2 	114 		0 	66 	1507 	1884 		C 	11052 
Czech Republic	0 		3768 	2092 	0 	536 	207 		1 	54 		0 	7 		153 	33 	138 	3344 	8038 	8 	111 	1 	0 	835 	1 	1098 	1033 	15 	66 	0 		16 	0 	66 	3470 	0 	28 			2425 			346 	17 	7 	0 	17 	C 	1112 	194 		1106 	1 	0 		4380 	3391 		C 	38111 
Denmark	0 	1 	3080 	2409 	1970 	27 	3300 	5 	147 	502 	92 	0 	15 	23 		90 	28515 	17796 	31143 	16 	4 	67 	0 	8302 	35 	2367 	10423 	801 	294 	0 	10 	32 	6 	118 	18349 	0 	31 	274 		9374 		C 	7 	456 	0 	5 	867 	C 	515 	46 	67 	8009 	5 	1 		19932 	49598 		17682 	236808 
Djibouti	0 		0 		0 	0 			0 	0 		0 	0 		0 	0 			0 		0 		0 	0 			0 	0 	0 	0 			0 		0 					0 			0 	0 		0 	0 			0 		0 		0 		0 			C 	0 
Dominica	0 		0 		0 	0 			0 	0 		0 	0 		0 	0 		1 	0 		0 		0 	0 			0 	0 	0 	0 			0 		3 					0 			0 	0 		0 	0 			0 		0 		0 		0 			0 	4 
Dominican Republic	0 	0 	16 	0 	0 	0 	70 		2 	2 		0 	0 		113 	0 	9 	22 	166 		0 		0 	52 		41 	60 	0 	0 	0 		0 	0 		943 					241 			0 	0 		0 	125 			0 		23 		0 		41 	1542 		0 	3468 
Ecuador	0 		5 		1 	0 			0 	9 		0 	0 		10 	0 	C 	20 	8 	0 	0 		0 	5 		2 	3 	0 	0 	0 		0 	0 		190 	0 				5 			0 	0 		0 	15 	C 		0 		3 		0 		14 	258 		C 	550 
Egypt	0 	0 	17 	19 	0 	0 	153 		3 	21 		0 	26 	0 	109 	0 	31 	393 	78 	13 	1 		1 	281 		32 	43 	0 	18 	0 	509 	0 	8 		730 	1 		48 	1 	112 			0 	0 		0 	51 	C 		0 	135 	54 	5 	0 		1157 	3186 		C 	7239 
El Salvador	0 	0 	13 		0 	0 	12 	16 	0 	5 		16 	0 		102 	0 	9 	24 	260 		0 		0 	24 		39 	78 	0 	0 	0 			0 		444 					178 			0 	0 		0 	70 	C 		0 		5 		0 		143 	933 		0 	2371 
Equatorial Guinea	0 		0 		0 	0 			0 	0 		0 	0 		0 	0 		0 	0 		0 	5 	0 	0 			0 	0 	0 	0 			0 		0 					0 			0 	0 		0 	0 			0 		0 		0 		0 			0 	5 
Eritrea	0 		0 		0 	0 			0 	0 		0 	0 		0 	0 			0 		0 		0 	4 			0 	0 	1 	0 			0 		0 	0 				0 			0 	0 		0 	0 			0 		0 		0 		0 			0 	5 
Estonia	0 		101 	7 	0 	0 			0 	0 		0 	0 	11 	41 		398 	49 	126 	0 	1 	0 	0 	153 		3 	1 	0 	0 	0 		101 	0 	216 	351 					52 			24 	0 		5 	0 		37 	28 		81 		0 		19 	141 		C 	1945 
Ethiopia	0 		0 		0 	0 			0 	0 		0 	0 		0 	0 			0 		0 		0 	0 			0 	0 	0 	0 			0 		0 			37 		0 			0 	0 		0 	0 			0 		0 		0 		0 			0 	37 
Falkland Islands	0 		0 	0 	0 	0 			0 	0 		0 	0 	0 	0 	0 		0 	8 		0 		0 	0 		0 	0 	0 	0 	0 		0 	0 		4 	0 				0 			0 	0 		0 	0 	C 		0 		1 		0 		7 			0 	20 
Faroe Islands	0 		0 	1 	0 	0 			0 	0 		0 	0 		716 	0 	19 	0 	7 		0 	18 	0 	24 		0 	0 	0 	0 	0 		0 	0 		40 					1 			0 	0 		0 	0 	C 		0 		3 		0 		2 			0 	830 
Fiji	0 		0 		0 	0 			0 	0 		0 	0 		0 	0 			0 		0 		0 	0 		0 	0 	0 	0 	0 			0 		161 					0 			0 	0 		0 	0 	C 		0 		0 		0 		6 			0 	167 
Finland	0 	1 	4875 	4269 	3 	12 	1504 	99 	61 	578 	3 	0 	125 	47 	7670 	542 		19455 	35079 	252 	5 	42 	0 	13646 	37 	2788 	10257 	292 	323 	13 	0 	140 	3 	62 	21884 	0 	52 	1 		22386 		C 	C 	806 	5 	2 	552 	C 	652 	130 	4 	8288 	3 	0 		24884 	29412 		28748 	239995 
France	1 	9 	29688 	126790 	125 	157 	28403 	223 	1036 	9625 	349 	11 	1127 	1292 	15625 	444 	19811 		371790 	3677 	126 	533 	5 	129832 	2200 	132736 	208868 	3707 	7317 	58 	164 	189 	587 	406 	301823 	134 	1544 	67 	25 	183787 	8 	198 	209 	12137 	52 	2298 	8382 	C 	2511 	2069 	306 	89308 	335 	7 		254530 	398409 	13 	397575 	2752638 
French Southern Territories	0 		0 		0 	0 			0 	0 		0 	0 		0 	0 			0 		0 		0 	0 			0 	0 	0 	0 			0 		0 					0 			0 	0 		0 	0 			0 				0 		0 			0 	0 
French Territories: French Polynesia	0 		0 		0 	0 			0 	0 		0 	0 		0 	0 		79 	0 		0 		0 	0 			0 	0 	0 	0 			0 		0 					0 			0 	0 		0 	0 			0 		0 		0 		0 			0 	79 
French Territories: New Caledonia	0 		0 		0 	0 			0 	0 		0 	0 		0 	0 		66 	0 		0 		0 	0 			0 	0 	0 	0 			0 		0 					0 			0 	0 		0 	0 	C 		0 		0 		0 		0 			0 	66 
Gabon	0 		3 	4 	0 	0 	2 		0 	0 		0 	0 		19 	0 	1 	2274 	158 		0 		0 	20 		5 	7 	0 	0 	0 		0 	0 		101 					59 			0 	0 		0 	20 	C 		0 		32 		0 		22 			0 	2726 
Gambia, The	0 		0 		0 	0 			0 	0 		0 	0 		0 	0 		0 	0 		0 		0 	0 			0 	0 	0 	0 			0 		20 					0 			0 	0 		0 	0 			0 		0 		0 		11 			0 	31 
Georgia	0 		12 		0 	0 	11 		0 	0 		0 	0 	2 	90 	2 	8 	7 	77 	0 	0 		0 	4 	305 	17 	17 	1 	86 	0 		1 	0 	4 	464 	0 		1 		97 			0 	0 		1 	31 	C 		1 		12 		0 		135 	494 		C 	1878 
Germany	40 	12 	64806 	42490 	151 	569 	20621 	254 	6480 	9401 	462 	33 	289 	801 	60771 	510 	30059 	234363 		3046 	501 	492 	12 	159851 	1599 	69727 	172584 	4141 	3040 	33 	125 	387 	135 	227 	322925 	293 	803 	3 	44 	253463 	9 	239 	436 	9004 	137 	4335 	8944 	C 	1213 	2593 	272 	83206 	133 	54 		327188 	334520 	650 	564290 	2802763 
Ghana	0 	0 	3 		0 	0 			0 	73 		0 	0 		23 	0 	14 	31 	42 		0 		0 	43 		5 	6 	0 	0 	0 		1 	0 		1560 			183 		98 			0 	0 		0 	57 	C 		0 	3 	9 		0 		1061 	622 		0 	3832 
Gibraltar	0 		186 	1 	97 	0 			0 	0 		0 	0 	0 	18 	0 	C 	68 	37 		0 		0 	20 		83 	4 	0 	1 	0 		0 	0 		35 			0 		3 			0 	0 	0 	0 	0 	C 		9 		69 		0 		237 			C 	865 
Greece	0 	0 	1528 	1996 	0 	266 	212 		0 	12 		0 	2066 	3 	113 	2 	C 	9390 	8566 		4 	0 	0 	432 	15 	4193 	219 	1 	3 	0 		2 	12 	6 	1327 	0 	42 		4 	3233 			C 	2562 	27 	12 	7 	26 	121 	211 	6 	428 	3 	41 		3003 	4671 		C 	44765 
Greenland	0 		0 		0 	0 			0 	0 		0 	0 		63 	0 			0 		0 		0 	5 			0 	0 	0 	0 			0 		2 					0 			0 	0 		0 	0 			0 		0 		0 		0 			0 	71 
Grenada	0 		0 	0 	0 	0 			0 	0 		0 	0 		1 	0 		0 	1 		0 		0 	14 		0 	0 	0 	0 	0 			0 		0 					0 			0 	0 		0 	0 			0 		0 		0 		0 			0 	18 
Guadeloupe	0 		0 		0 	0 			0 	C 		0 	0 		0 	0 			0 		0 		0 	0 			0 	0 	0 	0 			0 		0 					0 			0 	0 		0 	0 						0 	0 		0 			0 	0 
Guam	0 		0 	11 	0 	0 			0 	0 		0 	0 	0 	0 	0 		0 	0 		0 		0 	0 			0 	0 	0 	0 			0 		0 					0 			0 	0 		0 	0 			0 				0 		0 			0 	11 
Guatemala	0 		5 		0 	0 	3 	3 	1 	0 		3 	0 		29 	0 	C 	1 	110 		0 		0 	25 		19 	12 	0 	0 	0 			0 		175 			1 		43 			0 	0 		0 	10 			0 		5 	0 	0 		4 			0 	450 
Guernsey	0 		454 	570 	8 	0 	1208 	10 	11 	714 	2 	0 	4 	3 	1097 	1 	2938 	4557 	5830 	46 	5 	114 	0 	1881 	3 	948 	6408 	0 	155 	0 	9 	11 	1 	0 	4486 	1 		25 		4329 			C 	75 		9 	0 	439 	165 	0 	4736 	9415 	10 	0 		22902 	23055 		C 	96634 
Guiana, French	0 		0 		0 	0 			0 	0 		0 	0 		0 	0 			0 		0 		0 	0 			0 	0 	0 	0 			0 		0 					0 			0 	0 		0 	0 							0 		0 			C 	0 
Guinea	0 		0 		0 	0 			0 	0 		0 	0 		0 	0 		0 	0 		0 		0 	0 			0 	0 	0 	0 			0 		0 					0 			0 	0 		0 	0 			0 		0 		0 		0 			0 	0 
Guinea-Bissau	0 		0 		0 	0 			0 	0 		0 	0 		0 	0 			0 		0 		0 	0 			0 	0 	0 	0 			0 		0 	0 				0 			0 	7 		0 	0 			0 		0 		0 		0 			0 	7 
Guyana	0 		0 		0 	0 			0 	0 		0 	0 		0 	0 			0 		0 		0 	0 			0 	0 	0 	0 			0 		0 					0 			0 	0 		0 	0 			0 		0 	3 	0 		4 			0 	7 
Haiti	0 		0 		0 	0 			0 	0 		0 	0 		0 	0 			0 		0 		0 	0 			0 	0 	0 	0 			0 		0 					0 			0 	0 		0 	0 			0 		0 		0 		0 			0 	0 
Honduras	0 		0 		0 	0 			0 	0 		13 	0 		35 	0 		1 	16 		0 		0 	1 		0 	1 	0 	0 	0 			0 		107 				9 	17 			0 	0 		0 	0 			0 		111 	0 	0 		5 			0 	316 
Hungary	0 	0 	4341 	348 	8 	183 	457 		0 	9 		0 	-7 	422 	865 	19 	94 	1503 	6915 	16 		0 	0 	1834 	3 	680 	591 	0 	109 	0 		33 	6 	49 	13711 	55 		0 		2670 			665 	16 	103 	153 	336 	C 	816 	74 		459 		0 		18069 	14030 		C 	69634 
Iceland	0 		98 	124 	0 	1 	48 		0 	9 		0 	0 	9 	162 	1 	3 	598 	1179 	17 	0 		0 	166 	2 	276 	170 	48 	13 	0 		2 	0 	0 	1088 	0 			1 	105 			109 	131 		7 	0 	C 	6 	0 		115 		0 		2511 	1866 		C 	8865 
India	0 	1 	293 	221 	2 	0 	5162 	20 	4 	6692 	17 	0 	26 	4 	1595 	0 	625 	3842 	1262 	1 	0 	2 	41 	3639 	4 	315 	4587 	0 	1924 	0 	199 	3 	5 	0 	29348 	110 		108840 		6196 	3 	C 	C 	0 		1 	1193 	53166 		38 	704 	1872 	123 	0 		23506 	79428 		C 	335018 
Indonesia	0 	2 	341 	170 	0 	3 	2489 	74 	7 	803 	1 	0 	0 	0 	1506 	0 	271 	1172 	2995 		0 	1 		4332 		697 	7631 	0 	559 	0 	155 	1 	11 		21403 	1818 		184 		4399 	8 	879 	C 	0 		0 	1433 	18525 		18 	339 	1044 	34 	1 		8654 	47250 		C 	129213 
Iran, Islamic Republic of	0 		0 		0 	0 			0 	0 	4 	0 	0 		0 	0 	C 	1 	0 	0 	0 		0 	0 			0 	0 	36 	0 			0 		93 	0 		12 		0 			0 	0 		0 	0 	C 		0 		0 	2 	18 		0 			0 	166 
Iraq	0 	0 	7 		0 	0 	20 		0 	0 		0 	0 	8 	78 	0 	15 	11 	29 		0 		0 	8 		26 	96 	0 	300 	0 	186 	0 	0 		352 			6 		143 			C 	0 		0 	0 	C 		0 		19 		0 		450 			0 	1754 
Ireland	0 	9 	12306 	36313 	113 	166 	6371 	600 	6531 	11508 	369 	1 	1538 	736 	14589 	595 	20750 	124841 	134486 	1592 	226 	1256 	0 		1982 	102559 	53230 	1250 	1928 	566 	13 	512 	60 	324 	111629 	251 	1052 	26 	29 	87654 		3 	110 	17065 	71 	13581 	371 	2362 	1702 	362 	6846 	41090 	894 	6 		210158 	218765 		8637 	1259985 
Isle of Man	0 	0 	17 	16 	18 	0 	0 		0 	0 		0 	4 	2 	25 	4 	40 	253 	143 	0 	0 	4 	0 	878 		21 	387 	0 	17 	0 		0 	2 	0 	979 	888 		20 		82 			6 	0 	1 	299 	0 	181 		0 	320 	137 		0 		2406 	2859 		C 	10008 
Israel	0 	0 	307 	187 	3 	0 	1695 		9 	28 		1 	9 	3 	390 	1 	109 	727 	1511 	3 	61 	1 	0 	781 		116 	1740 	10 	139 	0 		0 	0 	0 	3128 	1 		19 		1482 			5 	7 	C 	0 	0 	1069 		10 	0 	776 	93 	0 		4162 	57890 		C 	76474 
Italy	0 	5 	23038 	32773 	40 	131 	5724 	44 	290 	1684 	37 	0 	609 	182 	8593 	359 	6417 	301291 	214423 	10153 	41 	11 	6 	105902 	291 		48099 	66 	604 	130 		11 	35 	33 	147042 	5 	398 	46 	1 	55476 		C 	167 	16353 	61 	6 	1973 	C 	1996 	942 	50 	9704 	63 	2 		83949 	79298 		C 	1158552 
Jamaica	0 		7 	0 	0 	0 	2 	46 	1 	0 		0 	0 		4 	0 	C 	7 	48 	0 	0 		0 	3 		29 	2 	0 	0 	0 			0 		22 					4 			0 	0 		0 	3 	C 		0 		6 		0 		72 	134 		0 	391 
Japan	13 	12 	1162 	1811 	13 	0 	43026 	60 	2288 	23693 	136 	0 	1 	19 	7692 	1 	1085 	113402 	24961 	7 	6 	40 	11 	51983 	215 	3821 		3915 	6556 	0 	3 	6 	10 	0 	77962 	304 	10 	0 	24 	35354 	19 	36 	1 	645 	0 	0 	13002 	C 		36 	551 	21298 	105 	0 		191159 	614034 		209141 	1449628 
Jersey	0 	0 	2781 	2227 	82 	3 	1409 	26 	0 	1209 	16 	0 	3446 	74 	1202 	2 	1652 	16891 	11785 	381 	172 	30 	0 	4884 	13 	6352 	17596 	56 	658 	0 		6 	27 	3 	21527 	33 	285 	37 		8192 		C 	25 	608 	4 	948 	0 	431 	4 	7 	2371 	13601 	0 	0 		48262 	63913 		C 	233229 
Jordan	0 		0 		0 	0 	4 		0 	6 		0 	0 		9 	0 		5 	35 		0 		0 	30 		10 	1 	0 	0 	0 	682 		129 		127 	0 				17 			0 	0 		0 	30 			0 		7 		0 		123 	243 		0 	1457 
Kazakhstan	0 	0 	298 	25 	0 	0 	58 	17 	0 	9 	1 	0 	2 	48 	372 	3 	47 	77 	1286 	3 	35 	0 	0 	60 		197 	149 		117 	0 		29 	20 	9 	2603 	6 				494 	3 	2 	23 	0 	1 	274 	263 	C 		0 		117 	1 	3 		1272 	4356 		C 	12281 
Kenya	0 	0 	0 	0 	0 	0 	4 		0 	16 		0 	0 		59 	0 	C 	9 	1 		0 		0 	148 		0 	3 	0 	3 	0 			0 		697 			312 		8 			0 	0 		0 	0 	C 		0 	146 	2 		0 		166 			0 	1574 
Kiribati	0 		0 		0 	0 			0 	0 		0 	0 		0 	0 			0 		0 		0 	0 			0 	0 	0 	0 			0 		0 					0 			0 	0 		0 	0 			0 		0 		0 		0 			0 	0 
Korea, Democratic People's Rep. of	0 				0 	0 				0 			0 		0 	0 			0 		0 			0 			0 	0 	0 	0 			0 		0 					0 			0 	0 		0 	0 							0 		0 			0 	0 
Korea, Republic of	0 	3 	619 	735 	731 	0 	9929 	5 	88 	17241 	379 	0 	0 	30 	2038 	4 	557 	11858 	7801 	7 	2 	5 	6 	13306 	100 	853 	22110 	1747 		0 	251 	0 	2 	10 	45144 	2257 	12 	56 	30 	10026 	9 	266 	14 	23 		0 	4465 	41613 	1 	55 	70 	9466 	3357 	0 		43145 	151622 		C 	402050 
Kosovo, Republic of	0 		0 		0 	0 			0 	0 		0 	0 		0 	0 			0 		0 		0 	0 			0 	0 	0 				0 		0 					0 			0 	0 		0 	0 							0 		0 			C 	0 
Kuwait	0 		0 		0 	0 			0 	41 		0 	0 		16 	1 	C 	22 	0 	0 	0 		23 	21 			13 	0 	4 	0 			31 		240 	489 		74 		0 		C 	0 	0 		0 	103 			0 		1 	0 	1 		335 			0 	1414 
Kyrgyz Republic	0 		0 		0 	0 			0 	0 		0 	0 		0 	0 			0 		0 		0 	0 	2 		0 	92 	0 	0 			0 		147 	0 				3 			0 	0 		8 	1 			0 		0 		0 		0 			C 	252 
Lao People's Democratic Republic	0 		0 		0 	0 			0 	0 		0 	0 		0 	0 			0 		0 		0 	0 			0 	0 	728 	0 			0 		12 					0 			0 	0 		0 	0 	C 		0 		0 	110 	0 		0 			0 	850 
Latvia	0 	0 	256 	0 	0 	8 	32 		0 	C 		0 	0 		56 	107 	50 	3 	963 	0 	2 		0 	7 		93 	62 	0 	1 	0 			0 	68 	578 					375 			C 	0 		0 	0 		4 	15 		79 	0 	0 		293 	696 		C 	3748 
Lebanon	0 		7 	7 	0 	0 	17 		0 	20 		0 	22 		105 	0 	C 	65 	77 		0 		0 	37 		91 	21 	0 	0 	0 	859 				453 					259 			0 	0 		0 	103 			0 		4 		0 		387 	849 		0 	3382 
Lesotho	0 		0 		0 	0 			0 	0 		0 	0 		0 	0 			0 		0 		0 	0 			0 	0 	0 	0 			0 		0 					0 			0 	0 		0 	0 			0 		0 		0 		7 			0 	7 
Liberia	0 	0 	0 	15 	0 	0 	77 		0 	0 	1 	0 	0 		42 	0 	19 	102 	144 	4 	0 		0 	29 		12 	104 	3 	1 	0 		0 	0 		434 	0 				153 			0 	0 		0 	0 	C 		0 		42 		0 		54 	4599 		C 	5834 
Libya	0 		0 		0 	0 			0 	C 		0 	0 		0 	0 			0 		0 		0 	0 			0 	0 	0 	0 			0 		0 					0 			0 	54 		0 	0 			0 	312 	0 		0 		0 			0 	365 
Liechtenstein	0 		1589 	1 	0 	0 	11 		0 	0 		0 	0 	0 	3 	0 	C 	10 	1797 		3 		0 	1 		42 	0 	0 	0 	0 			0 		252 	0 				0 			0 	0 		0 	0 	C 		3 				0 		26 			C 	3739 
Lithuania	0 	1 	464 	81 	0 	69 	84 		0 	0 		0 	4 	10 	186 	96 	57 	145 	2187 	0 	1 	3 	0 	34 	19 	142 	134 	1 	6 	0 		229 	6 		1864 		4 			463 			84 	0 	C 	3 	49 	C 	72 	37 		321 	3 	0 		547 	2083 		C 	9491 
Luxembourg	682 	3 	35213 	153275 	184 	391 	5454 	315 	42634 	48212 	1347 	107 	881 	3581 	31631 	961 	37656 	218271 	470229 	72644 	2656 	1375 	1172 	52792 	6737 	349858 	100144 	290 	8164 	402 	90 	919 	226 	1032 		572 	617 	898 	687 	88744 		43 	4275 	14949 	565 	14740 	861 	17660 	602 	960 	16585 	160772 	1845 	97 		112945 	116140 		C 	2204085 
Macedonia, FYR	0 		47 	0 	0 	1 			0 	0 		0 	0 		7 	0 	C 	0 	24 	67 	0 		0 	8 		11 	0 	0 	0 	0 		0 	0 	1 	44 					0 			0 	0 		0 	0 			16 		1 		0 		3 			C 	230 
Madagascar	0 		0 		0 	0 			0 	0 		0 	0 		0 	0 		32 	0 		0 		0 	0 			0 	0 	0 	0 			0 		2 			46 		0 			0 	0 		0 	0 			0 	31 	0 		0 		0 			0 	111 
Malawi	0 		0 		0 	0 			0 	0 		0 	0 		0 	0 			0 		0 		0 	C 			0 	0 	0 	0 			0 		3 			7 		0 			0 	0 		0 	0 			0 	16 	0 		0 		0 	2 		0 	28 
Malaysia	0 	1 	352 	265 	1 	0 	2228 		16 	11307 	204 	0 	0 		1199 	0 	324 	1590 	2585 	0 	0 	1 	8 	5692 		243 	6012 	0 	964 	0 	682 	4 	1 	2 	24366 			1322 	7 	4065 	11 	50 	C 	0 		1 	1903 	29770 		13 	15 	1198 	190 	0 		13132 	47381 		C 	157105 
Maldives	0 		0 		0 	0 			0 	0 		0 	0 		0 	0 			0 		0 		0 	0 			0 	0 	0 	0 			0 		0 			1 		0 			0 	0 		0 	0 	C 		0 		0 		0 		0 			0 	1 
Mali	0 		0 		0 	0 			0 	0 		0 	0 		0 	0 			0 	0 	0 		0 	0 			0 	0 	0 	0 			0 		0 					0 			0 	0 		0 	0 			0 		0 		0 		4 			0 	5 
Malta	0 		37 	97 	0 	0 	0 		0 	0 		0 	0 	65 	6 	1 	68 	263 	56 	0 	0 		0 	235 		378 	2 	0 	0 	0 	15 	24 	0 	3 	961 			7 		18 			0 	31 		0 	3 	C 	12 	0 	952 	307 		0 		289 	298 		C 	4129 
Marshall Islands, Republic of	0 	0 	5 	31 	0 	0 	143 		0 	0 		0 	0 	1 	56 	0 	71 	22 	25 		0 	0 	0 	37 		19 	74 	0 	82 	0 		0 	0 	0 	419 	1 				47 			C 	0 		0 	0 	C 		0 		44 	1 	0 		98 	14914 		C 	16088 
Martinique	0 		0 		0 	0 			0 	0 		0 	0 		0 	0 			0 		0 		0 	0 			0 	0 	0 	0 			0 		0 					0 			0 	0 		0 	0 							0 		0 			0 	0 
Mauritania	0 		0 		0 	0 			0 	0 		0 	0 		0 	0 	C 	0 	0 		0 		0 	0 			2 	0 	0 	0 			0 		1 	0 				0 			0 	0 		0 	0 			0 	1 	8 		0 		0 			0 	13 
Mauritius	0 		1 	7 	0 	0 	7 		0 	47 	3 	0 	0 	95 	104 	0 	220 	71 	20 		3 		218 	806 		7 	2103 	0 	5 	0 	56 		0 		3246 	43 				199 	0 		0 	0 		0 	0 	1295 		0 	539 	199 	0 	0 		503 	6925 		C 	16720 
Mayotte	0 		0 		0 	0 			0 	0 		0 	0 		0 	0 			0 		0 		0 	0 			0 	0 	0 	0 			0 		0 					0 			0 	0 		0 	0 							0 		0 			0 	0 
Mexico	0 	6 	808 	707 	348 	6 	5520 	466 	1145 	337 	33 	12 	5 	1 	2667 	5 	395 	4631 	8548 	3 	3 	1 	0 	9941 	11 	1000 	14964 	1 	1120 	0 		3 	3 	3 	37114 	1 	7 	1 		8205 	11 	C 	C 	60 		0 	1836 	C 	1 	57 	32 	4366 	164 	2 		23712 	142165 	4 	C 	270431 
Micronesia, Federated States of	0 		0 		0 	0 			0 	0 		0 	0 		0 	0 			0 		0 		0 	0 			0 	0 	0 	0 			0 		0 					0 			0 	0 		0 	0 			0 		0 		0 		0 			0 	0 
Moldova	0 		0 		0 	0 			0 	0 		0 	0 		0 	0 		0 	0 		0 		0 	0 			0 	0 	0 	0 		0 	0 		42 					0 			0 	0 	C 	0 	0 			-6 		0 		0 		0 			C 	37 
Monaco	0 		0 	0 	1 	0 			0 	0 		0 	0 		0 	0 			0 		0 		0 	C 		13 	0 	0 	0 	0 			0 		49 					0 			0 	0 		0 	0 	C 						0 		1 	17 		0 	81 
Mongolia	0 		8 		0 	0 			0 	29 		0 	0 	0 	71 	0 	C 	6 	178 		1 		0 	27 		37 	17 	0 	1 	0 		1 	0 		613 					133 			0 	0 		0 	18 	6 		0 		31 		0 		586 			C 	1764 
Montenegro	0 		17 	2 	0 	10 			0 	0 		0 	0 		14 	0 		2 	34 		2 		0 	16 		22 	0 	0 	0 	0 		0 	0 	1 	90 					8 			C 	0 		0 	0 		1 	4 		6 		0 		0 			C 	229 
Montserrat	0 		0 		0 	0 			0 	0 		0 	0 		0 	0 			0 		0 		0 	0 			0 	0 	0 	0 			0 		0 					0 			0 	0 		0 	0 			0 				0 		0 			0 	0 
Morocco	0 		34 	1 	0 	0 	64 		0 	73 		0 	1 		50 	2 	36 	1912 	505 		0 		0 	136 		79 	65 	0 	37 	0 	13 	2 	1 		335 	0 		106 		229 			0 	110 		0 	17 	C 		1 		53 	1 	0 		323 	1044 		C 	5230 
Mozambique	0 		0 		0 	0 			0 	0 		0 	0 		0 	0 			0 		0 		0 	0 			0 	0 	0 	0 			0 		2 			142 		0 			0 	80 		0 	0 			0 	175 	0 		0 		14 			0 	413 
Myanmar	0 		0 		0 	0 			0 	0 		0 	0 		0 	0 			0 		0 		0 	0 			0 	0 	0 	0 			0 		0 					0 			0 	0 		0 	0 	C 		0 		0 		0 		0 			0 	0 
Namibia	0 		4 		0 	0 			0 	0 		0 	0 		11 	0 	12 	2 	92 		0 		0 	3 		4 	6 	0 	0 	0 			0 		114 	0 		2 		16 			0 	0 		0 	0 			0 	581 	2 		0 		67 	129 		C 	1044 
Nauru	0 		0 		0 	0 			0 	0 		0 	0 		0 	0 			0 		0 		0 	0 			0 	0 	0 	0 			0 		0 					0 			0 	0 		0 	0 			0 		0 		0 		0 			0 	0 
Nepal	0 		0 		0 	0 			0 	11 		0 	0 		0 	0 			0 		0 		0 	0 			0 	0 	0 	0 			0 		0 					0 			0 	0 		0 	0 			0 		0 		0 		7 			0 	17 
Netherlands	1 	8 	23120 	82463 	80 	316 	11955 	236 	419 	6003 	586 	31 	474 	2131 	13239 	578 	16367 	317923 	266676 	2347 	115 	408 	1182 	71070 	649 	55492 	129488 	1930 	2477 	20 	49 	286 	203 	182 	152955 	128 	1312 	179 	12 			C 	707 	12348 	225 	5117 	3258 	C 	1936 	1304 	380 	74109 	348 	146 	14 	233534 	323977 		125741 	1946231 
Netherlands Antilles																																																												
New Zealand	0 	3 	126 	124 	0 	0 	952 	15 	26 	507 	63 	0 	0 	3 	42 	0 	54 	543 	1301 	1 	0 	0 	0 	1597 	3 	91 	7331 	1 	114 	0 		0 	1 		2055 	1 		0 		611 		1 	0 	0 		0 	248 	C 	141 	0 	409 	2103 	3 	0 		5537 	16512 		C 	40521 
Nicaragua	0 		0 		0 	0 			0 	0 		0 	0 		0 	0 			0 		0 		0 	4 			0 	0 	0 	0 			0 		42 					0 			0 	0 		0 	0 			0 		0 		0 		19 		141 	0 	206 
Niger	0 		0 		0 	0 			0 	0 		0 	0 		0 	0 		0 	0 		0 		0 	0 			0 	0 	45 	0 			0 		1 	0 		0 		0 			0 	0 		0 	17 	C 		0 		0 		0 		0 			0 	64 
Nigeria	0 	0 	5 	0 	31 	0 	61 		0 	43 		0 	4 		226 	1 	92 	93 	191 		3 	0 	1 	1014 		47 	104 	0 	12 	0 		0 	0 		4237 			950 		551 			0 	0 		0 	101 	C 		0 	390 	19 		0 		2643 			0 	10819 
Niue	0 		0 		0 	0 			0 	0 		0 	0 		0 	0 			0 		0 		0 	0 			0 	0 	0 	0 			0 		0 					0 			0 	0 		0 	0 			0 				0 		0 			0 	0 
Norfolk Island	0 		0 		0 	0 			0 	0 		0 	0 		0 	0 			0 		0 		0 	0 			0 	0 	0 	0 			0 		0 					0 			0 	0 		0 	0 			0 				0 		0 			0 	0 
Norway	0 	2 	3831 	2375 	9 	33 	3126 	109 	29 	1775 	26 	0 	25 	14 	5424 	81 	8535 	16806 	38810 	38 	2 	571 	0 	10246 	146 	2181 	27639 	212 	442 	0 		70 	0 	12 	19072 	28 	146 	111 	3 	11440 		C 	25 	148 	30 	0 	398 	C 	572 	161 	8 	10213 	6 	0 		36300 	73862 		C 	275093 
Oman	0 	0 	3 		0 	0 	1 		0 	0 		0 	0 		29 	2 	C 	24 	111 		0 		0 	78 		0 	2 	0 	1 	0 	184 		17 		165 	1 		2 		5 			0 	0 		0 	70 	C 		1 		7 		0 		131 			0 	836 
Pakistan	0 		3 		0 	0 	58 	6 	0 	22 		0 	0 		72 	0 	C 	2 	21 		0 		0 	58 		18 	17 	0 	16 	0 	13 	1 	0 		1438 	0 		113 		120 			0 	0 		0 	270 	C 		0 		4 		8 		352 	1225 		0 	3839 
Palau	0 		0 		0 	0 			0 	0 		0 	0 		0 	0 			0 		0 		0 	0 			0 	0 	0 	0 			0 		0 					0 			0 	0 		0 	0 			0 		0 		0 		0 			0 	0 
Panama	0 	1 	105 	48 	97 	0 	665 	56 	18 	273 		55 	0 	0 	360 	0 	45 	89 	883 		0 	0 	0 	322 		98 	852 	2 	360 	0 		1 	0 		2622 	0 		20 		785 			0 	0 		0 	92 	47 		0 		405 	1 	0 		281 	23189 	2 	C 	31774 
Papua New Guinea	0 		1 	2 	0 	0 	75 		0 	20 	1 	0 	0 		7 	0 	C 	10 	30 		0 	0 	0 	99 		1 	26 	0 	7 	0 			0 		265 	2 				22 			0 	0 		0 	0 	1 		0 		22 		0 		505 	1551 		C 	2648 
Paraguay	0 		3 		34 	0 		6 	1 	42 		0 	0 		15 	0 			50 		0 		0 	7 		8 	7 	0 	0 	0 			0 		257 					18 			C 	0 		0 	0 			0 	6 	2 		0 		0 			0 	454 
Peru	0 	0 	76 	53 	4 	0 	356 	107 	627 	14 		4 	0 	0 	502 	0 	99 	142 	1492 	0 	1 		0 	451 		115 	483 	1 	53 	0 		1 	0 		4487 	0 			1 	1042 			C 	0 		0 	365 	C 		0 		205 	3 	0 		1266 	10363 		C 	22314 
Philippines	0 	1 	148 	70 	2 	0 	1038 	35 	2 	766 		8 	0 		864 	0 	165 	694 	1724 	0 	0 	0 	1 	1434 		237 	3047 	0 	196 	0 		1 	1 		9678 	249 		114 		2093 			0 	0 		0 	1302 	6096 	2 	5 		400 	63 	0 		5822 	23903 		C 	60163 
Pitcairn Islands	0 		0 		0 	0 			0 	0 		0 	0 		0 	0 			0 		0 		0 	0 			0 	0 	1 	0 			0 		0 					0 			0 	0 		0 	0 			0 				0 		0 			0 	1 
Poland	0 	4 	7548 	2079 	0 	72 	1146 		31 	36 	5 	0 	28 	996 	1486 	114 	714 	7425 	24007 	157 	400 	0 	0 	6242 	8 	1990 	8057 	119 	473 	6 		44 	25 	65 	19836 	0 	35 	1 		5092 		0 		33 	29 	5 	431 	C 	903 	216 		3832 	10 	0 		8013 	29095 		C 	130811 
Portugal	0 		1640 	4492 	617 	13 	488 	1648 	1 	38 	17 	0 	78 	2 	738 	35 	1028 	32644 	22245 	668 	0 	1 	1 	50053 	2 	7157 	1217 	3 	58 	0 	1 	5 	0 	10 	8501 	0 	345 			18523 			80 		C 	0 	161 	C 	935 	150 	1 	383 		0 		11474 	8388 		C 	173841 
Puerto Rico	0 		0 	1 	11 	0 	55 		0 	0 		0 	0 		15 	0 	C 	8 	0 		0 	0 	0 	20 		2 	2 	0 	7 	0 			0 	0 	0 	0 				34 			0 	0 		0 	0 	C 					0 	0 		16 			C 	170 
Qatar	0 	1 	268 	6 	0 	0 	79 	1 	0 	320 	79 	0 	0 		194 	12 	7 	142 	661 		0 		0 	531 		25 	1171 	4 	32 	0 	2307 	1 	167 	3 	1480 	88 		0 		917 	30 	C 	0 	0 		0 	5663 	C 		0 		308 	140 	0 		1470 			C 	16107 
Reunion	0 		0 		0 	0 			0 	0 		0 	0 		0 	0 			0 		0 		0 	4 			0 	0 	0 	0 			0 		0 					0 			0 	0 		0 	0 							0 		0 			0 	4 
Romania	0 	0 	2460 	136 	0 	356 	60 		0 	0 		0 	246 	142 	290 	36 	57 	221 	1492 	313 	9 		0 	348 		294 	108 	0 	8 	0 		28 	0 	85 	3966 			1 		802 		C 	357 	0 		2 	63 	C 	74 	33 		134 	1 	0 		1133 	3204 		C 	16460 
Russian Federation	0 	4 	1772 	270 	9 	9 	2835 	67 	15 	223 	18 	0 	3259 	353 	2207 	120 	1772 	10322 	4649 	65 	110 	3 	0 	3763 	18 	849 	2234 	332 	1649 	0 		94 	55 	18 	25286 	1010 		5 		12672 	15 	C 	163 	0 	0 		1798 	C 	30 	80 	55 	3971 	633 	5 		18491 	63626 		C 	164937 
Rwanda	0 		4 		0 	0 			0 	0 		0 	27 		5 	0 		2 	18 		0 		0 	9 		7 	1 	0 	0 	0 			0 		72 			71 		14 			0 	0 		0 	0 	C 		0 		1 		0 		3 			0 	234 
Saint Helena	0 		0 		0 	0 			0 	0 		0 	0 		0 	0 			0 		0 		0 	0 			0 	0 	0 	0 			0 		0 	0 				0 			0 	0 		0 	0 			0 		0 		0 		0 			0 	0 
Saint Pierre and Miquelon	0 		0 		0 	0 			0 	0 		0 	0 		0 	0 			0 		0 		0 	0 			0 	0 	0 	0 			0 		0 					0 			0 	0 		0 	0 							0 		0 			0 	0 
Samoa	0 		0 		0 	0 			0 	0 		0 	0 		0 	0 			0 		0 		0 	0 			0 	0 	0 	0 			0 		0 					0 			0 	0 		0 	0 			0 		0 		0 		0 			0 	0 
San Marino	0 		0 		0 	0 			0 	0 		0 	0 		0 	0 			0 		0 		0 	0 		42 	0 	0 	0 	0 			0 		0 					0 			0 	0 		0 	0 			0 		0 		0 		0 			0 	42 
Sao Tome and Principe	0 		0 		0 	0 			0 	0 		0 	0 		0 	0 			0 		0 		0 	0 			0 	0 	0 	0 			0 		0 					0 			0 	0 		0 	0 			0 		0 		0 		0 			0 	0 
Saudi Arabia	0 		0 		0 	0 	18 		0 	125 		0 	0 		0 	0 		937 	0 	0 	0 	0 	26 	31 			3 	0 	19 	0 	6254 		210 		35 	309 				0 	152 		0 	0 		0 		C 		0 		56 	22 	0 		2081 			C 	10278 
Senegal	0 		1 		0 	0 	6 		0 	0 	1 	0 	1 		45 	0 		107 	77 		0 		0 	85 		3 	11 	0 	29 	0 		0 	0 		216 	0 		28 		43 			0 	0 		0 	0 	C 		0 	13 	7 		0 		85 	116 		0 	875 
Serbia, Republic of	0 		98 		0 	1 	32 		0 	0 		0 	30 	0 	162 	3 	22 	194 	247 	9 	2 		0 	44 		42 	74 	0 	4 	29 	23 	1 	0 	2 	2445 					152 			C 	0 	C 	0 	37 			38 		14 		0 		96 			C 	3803 
Seychelles	0 		4 	0 	0 	0 			0 	0 		0 	0 		8 	0 		1 	12 	0 	0 	0 	0 	14 		424 	0 	0 	0 	0 		0 	0 		15 			91 		0 			C 	0 		10 	0 	C 		0 		37 		0 		4 			0 	620 
Sierra Leone	0 		0 		0 	0 			0 	0 		0 	0 		0 	0 			0 		0 		0 	0 			0 	0 	0 	0 			0 		0 	0 		10 		68 			0 	0 		0 	0 			0 		0 		0 		220 			0 	298 
Singapore	0 	1 	204 	222 	6 	0 	4981 	3 	49 	17430 	401 	0 	3 	1 	661 	2 	331 	1778 	2573 	0 	1 	2 	535 	9711 	32 	219 	14106 	750 	1757 	0 	1 	10 	4 	2 	21589 	17346 		2317 		7657 		72 	C 	9 		2 	2330 			5 	181 	3524 	737 	0 		20275 	82864 		9629 	224311 
Sint Maarten	0 		0 		0 	0 			0 	0 		0 	0 		0 	0 			0 	0 	0 		0 	0 		1202 	0 	0 	0 	0 			0 		0 					0 			0 	0 		0 	0 			0 		0 		0 		0 			0 	1202 
Slovak Republic	0 	0 	5399 	2517 	0 	48 	30 		0 	0 	32 	0 	2 	3364 	60 	28 	105 	1542 	7960 	7 	85 	0 	0 	611 	1 	750 	323 	0 	76 	0 		12 	2 	39 	1019 	0 	45 			904 			78 	77 		3 	0 			259 		1120 		0 		261 			C 	26759 
Slovenia	0 	0 	1491 	697 	1 	107 	8 		0 	0 		0 	0 	198 	117 	30 	103 	1915 	2535 	0 	73 	0 	0 	136 	14 	594 	139 	0 	63 	5 		43 	0 	82 	2083 					294 			272 	83 	37 	9 	0 	C 	288 			109 	1 	0 		4812 	2489 		C 	18829 
Solomon Islands	0 		0 		0 	0 			0 	0 		0 	0 		0 	0 			0 		0 		0 	0 			0 	0 	0 	0 			0 		0 					0 			0 	0 		0 	0 			0 		0 	0 	0 		0 			0 	1 
Somalia	0 		0 		0 	0 			0 	0 		0 	0 		0 	0 			0 		0 		0 	0 			0 	0 	0 	0 			0 		0 					0 			0 	0 		0 	0 			0 		0 		0 		0 			0 	0 
South Africa	0 	3 	233 	280 	4 	2 	3752 		50 	82 	26 	0 	1 	2 	1669 	1 	204 	1089 	4101 	3 	4 	1 	1 	7928 	60 	468 	4769 	32 	652 	0 		6 	63 		16762 	0 	2 	990 		6146 	4 	1 	2 	168 	C 	0 	1021 	C 		22 		2011 	592 	0 		16496 	71351 		C 	141054 
South Sudan	0 		0 		0 	0 			0 	0 		0 	0 		0 	0 			0 		0 		0 	0 			0 	0 	0 	0 			0 		0 					0 			0 	0 		0 	0 			0 				0 		0 			0 	0 
Spain	124 	3 	9955 	25816 	170 	42 	5205 	10 	218 	879 	39 	3 	190 	383 	6620 	82 	5317 	190318 	156061 	3734 	5 	12 	3 	34453 	124 	49648 	23175 	84 	882 	0 		7 	74 	13 	73391 	10 	320 	1 	211 	58821 		C 	26 	21954 	200 	1 	1195 	3967 	3409 	254 	26 	9791 	29 	3 		55100 	90612 	2 	16634 	849605 
Sri Lanka	0 	0 	22 		0 	0 	32 	5 	0 	243 		0 	0 		111 	0 	22 	47 	205 		0 		2 	89 		60 	72 	0 	3 	0 		0 	0 		2983 	0 		26 		269 			0 	0 		0 	52 	266 		0 		20 	0 	0 		487 	2917 		C 	7936 
St. Kitts and Nevis	0 		0 		0 	0 			0 	0 		0 	0 		0 	0 			0 		0 		0 	0 		0 	0 	0 	0 	0 			0 		0 					0 			0 	0 		115 	0 			0 				0 		0 			0 	115 
St. Lucia	0 		0 		1 	0 			0 	0 		0 	0 		0 	0 			0 		0 		0 	0 			0 	0 	0 	0 			0 		0 					0 			0 	0 		0 	0 			0 		0 		0 		0 	18 		0 	19 
St. Vincent and the Grenadines	0 		1 	0 	0 	0 			0 	0 		0 	0 		0 	0 		1 	0 		13 		0 	0 			0 	0 	0 	0 		0 	0 		6 					0 			0 	0 		0 	0 			0 		216 		0 		0 			0 	236 
Sudan	0 		0 		0 	0 			0 	0 		0 	0 		0 	0 			0 		0 		0 	0 			0 	0 	0 	0 	24 		4 		11 					0 			0 	0 		0 	0 	C 		0 		0 		0 		3 			0 	41 
Suriname	0 		0 		0 	0 			0 	0 		0 	0 		0 	0 			0 		0 		0 	0 			0 	0 	0 	0 			0 		0 					0 			0 	0 		0 	0 			2 		0 		0 		0 			0 	2 
Swaziland	0 		0 		0 	0 			0 	0 		0 	0 		0 	0 			0 		0 		0 	C 			0 	0 	49 	0 			1 		4 	0 		0 		0 			0 	0 		0 	123 			0 	244 	0 		0 		6 			C 	428 
Sweden	0 	2 	5669 	4868 	8 	59 	7153 	33 	159 	1935 	175 	27 	258 	181 	15381 	237 	38800 	50003 	53102 	89 	3 	40 	0 	31914 	61 	4971 	40539 	803 	941 	0 	0 	168 	4 	89 	84239 	11 	186 	7 	0 	23150 		C 	606 	805 	7 	0 	1700 	C 	1060 	299 	25 	21891 	60 	0 		46007 	146965 		32020 	616715 
Switzerland	1 	5 	4405 	3983 	610 	17 	19347 	17 	51 	1639 	23 	0 	28 	75 	5499 	12 	2660 	26937 	37010 	118 	59 	76 	3 	21765 	360 	7122 	22545 	409 	3794 	0 	103 	7 	150 	1 	51563 	16 	87 	77 	3 	29677 		35 	44 	341 	3 	93 	5382 	C 	68 	123 	610 		25 	2 		79385 	393254 	441 	7628 	727692 
Syrian Arab Republic	0 		0 		0 	0 			0 	0 		0 	0 		0 	0 			0 		0 		0 	20 			0 	0 	0 	0 	13 		2 		0 					0 			0 	0 		0 	66 			0 		0 		0 		0 			0 	101 
Taiwan Province of China	0 	1 	175 	258 	0 	0 	5728 		29 	3736 	2 	0 	0 	2 	1029 	1 	419 	1459 	1826 		0 	2 	7 	7818 		407 	2786 	0 	893 	0 		0 	0 	0 	19408 	366 		649 	13 	6002 		C 	C 	11 		0 	3138 	17109 		16 	8 	2281 	2 	0 		25339 	93320 		C 	194244 
Tajikistan	0 		0 		0 	0 			0 	0 		0 	0 		0 	0 			0 		0 		0 	0 			0 	0 	0 	0 			0 		123 					1 			0 	0 		0 	0 			0 		0 		0 		0 			C 	124 
Tanzania	0 		0 		0 	0 			0 	0 		0 	1 		12 	0 		1 	21 		0 		0 	C 		4 	9 	0 	0 	0 			0 		255 			31 		14 			0 	0 		0 	0 	C 		0 	1 	4 		0 		32 			0 	385 
Thailand	0 	1 	242 	180 	0 	0 	2333 		5 	3754 	24 	0 	10 	0 	1048 	0 	245 	603 	1679 	0 	0 	1 	5 	4650 		205 	3902 	0 	661 	0 	1 	0 	0 		20838 	769 		639 		4595 		110 	C 	0 		0 	1731 	12213 		14 	13 	1078 		0 		8310 	38644 		C 	108504 
Timor-Leste, Dem. Rep. of	0 		0 		0 	0 			0 	0 		0 	0 		0 	0 			0 		0 		0 	0 			0 	0 	0 	0 			0 		0 					0 			0 	0 		0 	0 	C 		0 		0 		0 		0 			0 	0 
Togo	0 		0 		0 	0 			0 	4 		0 	1 		0 	0 	C 		0 		0 		0 	3 			0 	0 	0 	0 			0 		57 	0 				0 			0 	0 		0 	0 			0 		0 		0 		2 			0 	66 
Tokelau Islands	0 		0 		0 	0 			0 	0 		0 	0 		0 	0 		0 	0 		0 		0 	351 			0 	0 	0 	0 			0 		0 					0 			0 	0 		0 	0 			0 				0 		0 			0 	351 
Tonga	0 		0 		0 	0 			0 	0 		0 	0 		0 	0 			0 		0 		0 	0 			0 	0 	0 	0 			0 		0 					0 			0 	0 		0 	0 			0 		0 		0 		0 			0 	0 
Trinidad and Tobago	0 	10 	22 		0 	0 	28 	25 	2 	0 		0 	0 		62 	0 			115 		0 		0 	14 		6 	145 	0 	6 	0 			0 		132 					14 			0 	0 		0 	28 			0 		3 		0 		42 	1072 		C 	1727 
Tunisia	0 		59 	8 	0 	0 	2 		0 	4 		2 	12 		10 	0 		429 	256 	0 	0 		0 	207 		103 	740 	0 	0 	0 	171 	1 	0 		29 	0 		21 		52 			0 	0 		0 	36 			0 		3 		0 		188 	524 		C 	2857 
Turkey	0 	2 	1325 	762 	0 	59 	1618 	36 	4 	257 	2 	3 	0 	119 	2043 	43 	745 	4046 	5106 	476 	55 	0 	2 	5543 	28 	1058 	6462 	0 	388 	0 	1668 	16 	21 	9 	18423 	6 	14155 	121 		6520 	16 	9 	639 	0 	7 	2 	2190 	C 	24 	41 	10 	1488 	373 			28276 	46616 		C 	150815 
Turkmenistan	0 		0 		0 	0 			0 	0 		0 	0 		0 	0 			0 		0 		0 	0 			0 	0 	0 	0 			0 		0 					0 			0 	0 		0 	0 			0 		0 		0 		3 			C 	3 
Turks and Caicos Islands	0 		0 		216 	0 			0 	0 		0 	0 		0 	0 		8 	0 		0 		0 	8 		2 	3 	0 	0 	0 			0 		9 					0 			0 	0 		0 	0 			0 		46 		0 		4 	112 		0 	406 
Tuvalu	0 		0 		0 	0 			0 	0 		0 	0 		0 	0 			0 		0 		0 	0 			0 	0 	0 	0 			0 		0 					0 			0 	0 		0 	0 			0 		0 		0 		0 			0 	0 
Uganda	0 		0 		0 	0 			0 	C 		0 	0 		0 	0 	C 		0 		0 		0 	17 			0 	0 	0 	0 			0 		20 			67 		1 			0 	0 		0 	0 	C 		0 	5 	0 		0 		33 	163 		0 	307 
Ukraine	0 	1 	184 	1 	2 	10 	235 	24 	0 	13 		0 	1030 	2 	384 	4 	24 	323 	555 	4 	0 	1 	0 	47 		240 	151 	0 	18 	0 		31 	2 	32 	4078 			1 		849 			56 	0 	C 	94 	286 	C 	12 	0 		61 	0 	8 		1105 	5716 		C 	15584 
United Arab Emirates	0 	0 	226 	210 	1 	3 	330 	3 	1 	816 	26 	0 	5 	1 	231 	11 	83 	1170 	1859 	12 	1 	0 	2 	2235 		273 	755 	2 	91 	0 	3174 	0 	385 	1 	4743 	792 		241 		1201 	62 	C 	C 	16 		5 	4544 	C 		8 		1767 	1007 	0 		4048 			C 	30342 
United Kingdom	21 	23 	17964 	33932 	217 	1401 	76010 	247 	3346 	64384 	908 	100 	676 	509 	26368 	114 	19938 	206467 	214908 	33923 	104 	1162 	366 	332896 	3581 	63131 	183278 	4330 	9730 	0 	2038 	190 	611 	39 	229796 	2029 	2689 	534 	102 	124226 	21 	266 	C 	10842 	339 	4784 	11214 	34786 	1825 	638 	68962 	67436 	351 	69 	41 		1183614 	914 	173082 	3221473 
United States	20427 	391 	25128 	36957 	10705 	521 	562492 	18362 	51148 	77863 	1137 	427 	429 	1888 	88312 	195 	31207 	221476 	236056 	1233 	1145 	2279 	1124 	649882 	54880 	69674 	1042140 	34481 	51770 	79 	2547 	580 	2252 	134 	648830 	16299 	895 	3349 	47017 	361468 	3 	2274 	709 	8785 	318 	1565 	53145 	213876 	823 	1203 	26968 	181081 	3483 	190 	42 	929229 		5607 	2360309 	8166791 
Uruguay	3 	1 	38 	0 	52 	0 	48 		3 	7 		7 	0 		174 	0 	33 	10 	437 	0 	0 		0 	39 		54 	944 	0 	0 	0 			0 		4879 			0 		398 			0 	0 		0 	101 	C 		0 	11 	50 		0 		117 	2774 		0 	10178 
US Pacific Islands	0 		0 		2 	0 			0 	0 		0 	0 		0 	0 			0 		0 		0 	0 			0 	0 	0 	0 			0 		21 			3 		0 			0 	0 		0 	0 	C 		0 				0 		0 			0 	25 
US Virgin Islands	0 		0 		25 	0 			0 	35 		0 	0 		0 	0 	C 	0 	0 		0 		0 	141 	15 	0 	642 	0 	0 	0 			0 		0 	4 		11 		0 			0 	0 		0 	0 	C 		0 				0 		70 			C 	943 
Uzbekistan	0 		0 		0 	0 			0 	0 		0 	0 		0 	0 			0 		0 		0 	7 			0 	0 	4 	0 			0 		0 	0 				0 			0 	0 		0 	0 			0 		0 		0 		0 			C 	10 
Vanuatu	0 		0 		0 	0 			0 	0 		0 	0 		0 	0 			0 		0 		0 	0 			0 	0 	0 	0 			0 		0 					0 			0 	0 		0 	0 			0 		0 		0 		0 			0 	0 
Vatican	0 		0 		0 	0 			0 	0 		0 	0 		0 	0 			0 		0 		0 	0 			0 	0 	0 	0 			0 		0 					0 			0 	0 		0 	0 			0 		0 		0 		0 			0 	0 
Venezuela, Republica Bolivariana de	0 	2 	184 	62 	0 	0 	241 	36 	2 	10 		3 	0 	0 	883 	1 	42 	489 	1567 	9 	0 		0 	203 	2 	1416 	514 	0 	67 	0 		6 	65 	2 	4030 					1147 	3 		C 	45 	C 	65 	436 	C 	4 	0 		762 	0 	9 		1579 	12607 		C 	26495 
Vietnam	0 		12 	13 	0 	0 	21 		0 	729 		0 	0 	0 	94 	0 	93 	96 	128 		0 		1 	88 		28 	306 	0 	267 	0 		2 	0 		973 	9 		34 		72 			0 	0 		0 	27 	335 		0 		33 	8 	0 		1018 	1976 		C 	6363 
Virgin Islands, British	0 	1 	317 	400 	933 	0 	1860 	277 	2095 	9508 	682 	0 	0 	6 	267 	11 	523 	1749 	1707 	22 	6 	0 	95 	1959 	13 	587 	3628 	11 	201 	0 	11 	1 	3 	4 	12203 	1192 		1341 		1016 	12 	110 	10 	102 		118 	32 	2470 		2 	1267 		73 	0 		3447 	71424 		C 	121694 
Wallis and Futuna	0 		0 		0 	0 			0 	0 		0 	0 		0 	0 			0 		0 		0 	0 			0 	0 	0 	0 			0 		0 					0 			0 	0 		0 	0 			0 		0 		0 		0 			0 	0 
West Bank and Gaza	0 		0 		0 	0 			0 	0 		0 	0 		0 	0 			0 		0 		0 	9 			0 	0 	0 	0 			0 		62 					0 			0 	0 		0 	0 			0 		0 		0 		0 			0 	71 
Western Sahara	0 		0 		0 	0 			0 	0 		0 	0 		0 	0 			0 		0 		0 	0 			0 	0 	0 	0 			0 		0 					0 			0 	0 		0 	0 							0 		0 			0 	0 
Yemen, Republic of	0 		0 		0 	0 			0 	0 		0 	0 		0 	0 			0 		0 		0 	0 			0 	0 	0 	0 	9 		0 		0 					0 			0 	0 		0 	0 			0 		0 		0 		0 			0 	10 
Zambia	0 		8 	3 	0 	0 			0 	0 		0 	0 	0 	11 	0 	5 	25 	67 		0 		0 	22 		14 	7 	0 	0 	0 		0 	0 		138 			9 		42 			0 	0 		0 	0 	C 		0 	56 	2 		0 		228 	161 		0 	798 
Zimbabwe	0 	0 	0 		0 	0 	1 		0 	0 		0 	1 		9 	0 		1 	3 	0 	0 		0 	84 			0 	0 	0 	0 			0 		86 			258 		0 			0 	0 		0 	0 	C 		0 	126 	15 		0 		3 	178 		0 	764 
Not Specified (including Confidential)	26 			2182 	0 	0 	134 		0 	294 	7 	0 	187 	0 	2166 	0 	610 	1900 	1 		0 	36 	7562 	150093 	8125 	5006 	0 	0 	315 	0 	868 		6 		990 	131 	873 	449 	5511 	25390 	2 	654 	2861 	403 	34 	18 	117 	225266 		0 	351 	120258 	2584 	3 		129954 	122449 	932 	466944 	1285693 
International Organizations	0 	4 	7702 	12741 	0 	39 	2624 	11 	0 	5760 	366 	2 	284 	687 	1576 	88 	2847 	76454 	96568 	1315 	1 	6 	0 	8905 		39190 	121120 	1478 	402 	0 		169 	0 	70 	29832 		581 	0 	51 	3774 		C 	138 	1399 	146 	2082 	1050 		386 	100 	7 	25097 		0 		97430 	58435 	56 	C 	600974 
World	21765 	589 	333057 	657404 	24007 	6133 	948146 	47238 	123379 	989875 	38763 	1018 	18087 	24221 	371246 	6054 	310422 	2583814 	2801263 	141528 	7330 	8995 	14249 	2153537 	83067 	1045054 	3224840 	67221 	145890 	1489 	36340 	4897 	6412 	3650 	3139747 	55011 	27520 	135289 	54565 	1682725 	445 	6212 	14519 	143231 	3044 	54303 	173380 	803677 	25973 	14976 	153735 	1152606 	28930 	919 	163 	3758317 	8282806 	9217 	4662185 	40634476 