COUNTRY	Argentina	Aruba	Australia	Austria	Bahamas, The	Bahrain, Kingdom of	Barbados	Belgium	Bermuda	Brazil	Bulgaria	Canada	Cayman Islands	Chile	China, P.R.: Hong Kong	China, P.R.: Macao	Colombia	Costa Rica	Cyprus	Czech Republic	Denmark	Egypt	Estonia	Finland	France	Germany	Gibraltar	Greece	Guernsey	Hungary	Iceland	India	Indonesia	Ireland	Isle of Man	Israel	Italy	Japan	Jersey	Kazakhstan	Korea, Republic of	Kuwait	Latvia	Lebanon	Lithuania	Luxembourg	Malaysia	Malta	Mauritius	Mexico	Netherlands	Netherlands Antilles	New Zealand	Norway	Pakistan	Panama	Philippines	Poland	Portugal	Romania	Russian Federation	Singapore	Slovak Republic	Slovenia	South Africa	Spain	Sweden	Switzerland	Thailand	Turkey	Ukraine	United Kingdom	United States	Uruguay	Venezuela, República Bolivariana de	SEFER + SSIO (**)	Value of Total Investment
Afghanistan, Islamic Republic of	0 		0 	0 			0 	0 	0 		0 			0 	0 				0 		0 	0 		0 		0 			0 	0 			0 	0 	0 			0 		0 	0 				0 	0 				0 	0 		0 	6 				0 	0 		0 			0 		0 	0 	0 	0 	0 		0 	0 	0 	0 	0 	6 
Albania	0 		C 	0 			0 	0 	0 		0 			0 	0 				0 		0 	0 		0 	3 	1 		78 	0 	0 			0 	33 	0 		63 	0 		0 	0 				0 	25 				0 	6 		0 					0 	0 		0 			0 		0 	0 	0 	0 	0 		0 	6 	0 	0 	C 	215 
Algeria	0 		0 	0 			0 	0 	0 	0 	0 			0 	0 				0 		0 	1 		0 	48 	0 			0 	0 			0 	0 	0 			0 	6 	0 	0 	160 			0 	0 			114 	0 	0 	0 	0 	0 				0 	0 		0 			0 		0 	0 	0 	0 	0 		115 	0 	0 	0 	0 	444 
American Samoa	0 		0 	0 			0 	0 	0 		0 			0 	0 				0 		0 	0 		0 		0 			0 	0 			0 	0 	0 			0 		0 	0 				0 	0 				0 	0 		0 					0 	0 		0 			0 		0 	0 		0 	0 		0 	0 	1 	0 	0 	1 
Andorra	0 		0 	0 			0 	0 	0 		0 			0 	0 				0 		0 	0 		0 	1085 	0 			0 	0 			0 	0 	0 			0 		0 	0 				0 	1 				0 	0 		0 			0 		0 	0 		2 	C 		0 		0 	105 	201 	0 	0 		-60 	0 	1 	0 	0 	1335 
Angola	0 		0 	0 			0 	0 	0 	0 	0 		11 	0 	0 				0 		0 	0 		0 		0 			25 	0 			0 	1 	0 			0 		0 	0 				0 	0 			21 	0 	0 		0 	0 		0 		0 	237 		0 			0 		0 	0 	0 	0 	2 		66 	6 	0 	0 	0 	369 
Anguilla	0 		0 	0 			0 	0 	0 	0 	0 			0 	C 				0 		0 	0 		0 	9 	0 			0 	0 			0 	0 	0 	1 		0 		0 	0 				0 	0 				0 	0 		0 	1 		0 		0 	0 		0 			0 		0 	0 		0 	0 		0 	1 	0 	0 	0 	12 
Antigua and Barbuda	0 		0 	0 			1 	2 	0 	0 	0 			2 	3 				0 	0 	0 	0 		0 	0 	1 	13 		0 	0 			0 	0 	0 		2 	0 		0 	0 				0 	1 	0 			0 	1 		0 			0 		0 	0 		0 	C 		0 		C 	0 		0 	0 		0 	114 	0 	0 	0 	140 
Argentina		0 	48 	131 	112 		47 	102 	17 	195 	0 	54 	354 	410 	21 	0 	5 	14 	4 	0 	619 	0 		C 	391 	766 		1 	277 	1 	1 		0 	729 	0 	1 	2794 	673 	31 	0 	8 		52 	2 	0 	2586 	0 		0 	1 	679 	1699 	0 	38 		10 	0 	0 	15 		2 	17 		3 	0 	145 	12 	158 	0 	0 		-330 	7296 	63 	298 	C 	20555 
Armenia, Republic of	0 		0 	0 			0 	0 	0 		0 			0 	0 				0 		0 	0 		0 	11 	0 			0 	0 			0 	0 	0 			0 		0 	0 				0 	54 				0 	1 		0 			0 		0 	0 		1 			0 		0 	0 	0 	0 	0 		0 	0 	0 	0 	C 	67 
Aruba	0 		0 	10 			0 	0 	6 	0 	0 		20 	0 	1 				10 		0 	0 		0 	20 	58 			0 	0 			0 	14 	0 		0 	804 	5 	0 	0 				0 	119 				0 	169 	236 	0 	29 		0 		0 	0 		0 	C 		0 		0 	0 	36 	0 	0 		1 	848 	0 	0 	C 	2387 
Australia	15 	2 		2625 	2 	250 	2322 	4767 	6974 	3 	0 	13643 	327 	328 	41533 	722 	21 	21 	534 	86 	1425 	0 	3 	1237 	26247 	19795 	11 	53 	1689 	2 	31 	4 	153 	34190 	172 	365 	3796 	107951 	2230 	851 	1446 	2 	1 	15 	38 	40741 	460 	251 	203 	16 	23479 	36 	10198 	12454 		9 	92 	0 	1019 		617 	27522 		173 	105 	3759 	6392 	16981 	1120 	0 		90430 	276431 	1 	3 	32360 	820738 
Austria	1 		805 		21 	9 	116 	14688 	818 	194 	64 	1004 	25 	22 	563 	23 	7 	28 	340 	2078 	1144 	0 	182 	2936 	69716 	96810 	10 	598 	1611 	787 	4 		0 	9800 	32 	199 	22680 	16402 	3833 	114 	33 		2 	0 	130 	27958 	36 	454 	1 	0 	22926 	1 	22 	4317 		0 		910 	1615 	366 	16 	C 	1621 	974 	4 	10830 	880 	37156 	99 	22 		9507 	14974 	28 	0 	27040 	409585 
Azerbaijan, Republic of	0 		0 	0 			0 	0 	0 		0 	1 		0 	0 				0 		0 	0 		0 		0 			3 	0 			0 	0 	0 			0 	8 	0 	0 		2 		0 	87 				0 	4 		0 	1 		0 		0 	0 		0 			0 		0 	0 	0 	0 	0 		112 	0 	0 	0 	C 	219 
Bahamas, The	0 		C 	43 		2 	0 	38 	1227 	1095 	0 	239 	622 	113 	108 	9 			15 	0 	176 	1 	1 	63 	804 	13 			1120 	0 			0 	285 	2 		38 	1966 	353 	34 	0 	141 	0 	0 	0 	1413 	19 			59 	78 	332 	0 	53 		0 	0 	0 	38 		2 	C 		0 	1 	C 	77 	1789 	0 	0 		301 	2171 	10 	0 	C 	14852 
Bahrain, Kingdom of	0 		0 	14 			0 	8 	0 		0 	8 	3 	0 	72 	6 		1 	20 		21 	109 		0 	62 	66 		1 	116 	0 			0 	95 	0 		7 	11 	188 	0 	2 	7266 		150 	0 	46 	91 		2 	0 	61 	0 	0 		0 	0 	0 	0 	0 		0 	C 		2 		0 	0 	54 	8 	6 		610 	0 	0 	0 	C 	9106 
Bangladesh	0 		0 	0 			0 	0 	0 		0 			0 	168 			25 	0 		101 	0 		0 		1 			0 	0 		0 	0 	3 	0 			0 		0 	0 	19 			0 	9 			38 	0 	0 		0 			0 		0 	0 		0 	C 		0 		0 	0 	0 	0 	0 		31 	13 	0 	0 	0 	410 
Barbados	0 		0 	16 				7 	1 		0 	40 	15 	0 	0 			5 	32 	0 	8 	0 		0 	0 	14 			44 	0 			0 	111 	0 		2 	11 	5 	0 	0 				0 	151 				0 	19 	2 	0 	3 		0 		0 	0 		0 			1 		0 	0 	8 	22 	0 		41 	1365 	0 	0 	C 	1923 
Belarus	0 		0 	0 			0 	0 	0 		0 			0 	0 				0 		0 	0 	0 	0 		0 			0 	0 	0 		0 	0 	0 			0 		0 	0 		2 		0 	0 				0 	0 		0 			0 		0 	0 		2 			0 		0 	1 	0 	0 	0 		0 	0 	0 	0 	C 	5 
Belgium	0 		4653 	5604 		149 	0 		990 	163 	9 	1860 	2 	299 	968 	43 	1 	40 	335 	225 	1591 	19 	177 	3064 	104961 	32853 	8 	97 	918 	173 	7 	0 	0 	18803 	10 	121 	13290 	20421 	1211 	292 	134 	20 	3 	12 	101 	61147 	1 	226 	114 	0 	27870 	5 	21 	4892 	0 	0 	0 	0 	1991 	3 	18 	C 	133 	878 	21 	19416 	1354 	7402 	13 	0 		26541 	36751 	4 	0 	45580 	448009 
Belize	0 		0 	3 			0 	0 	0 	5 	0 	4 	1 	0 	C 				0 		15 	0 		0 	0 	1 			0 	0 			0 	3 	0 		1 	0 		0 	0 				0 	14 	4 			0 	9 		0 			0 		0 	0 		34 	C 		0 		0 	0 	3 	0 	0 		0 	76 	0 	0 	0 	173 
Benin	0 		0 	0 			0 	0 	0 		0 			0 	0 				0 		1 	0 		0 		0 			0 	0 			0 	0 	0 			0 	5 	0 	0 				0 	0 				0 	0 		0 			0 		0 	0 		0 			0 		0 	0 	0 	0 	0 		0 	0 	0 	0 	0 	5 
Bermuda	0 	2 	3705 	478 	22 	74 	14 	712 		2813 	0 	7736 	8 	0 	88864 	549 		0 	19 	79 	1192 	0 	0 	1449 	7890 	2017 		12 	3027 	4 	1 		9 	6406 	706 	36 	819 	13871 	330 	3 	833 	166 	0 	9 	1 	17015 	138 		839 	0 	5059 	77 	0 	3797 	0 	1 	0 	0 	117 		108 	6625 		6 	10475 	423 	2381 	3248 	16 	0 		11696 	147962 	6 	0 	C 	353847 
Bhutan	0 		0 	0 			0 	0 	0 		0 			0 	0 				0 		0 	0 		0 		0 			0 	0 			0 	0 	0 			0 		0 	0 				0 	0 				0 	0 		0 			0 		0 	0 		0 			0 		0 	0 	0 	0 	0 		0 	0 	0 	0 	0 	0 
Bolivia	0 		0 	0 			0 	0 	0 	55 	0 		3 	0 	0 				0 		0 	0 		0 		0 			0 	0 			0 	17 	0 			0 		0 	0 				0 	49 				0 	3 		0 			0 		0 	0 		0 			0 		0 	0 	0 	0 	0 		11 	0 	0 	0 	0 	139 
Bonaire, Sint Eustatius and Saba																																																																													
Bosnia and Herzegovina	0 		0 	16 			0 	0 	0 	0 	0 		7 	0 	0 				0 		101 	0 	1 	0 	0 	3 			15 	0 	0 		0 	19 	0 		2 	0 		0 	3 	27 			2 	378 				0 	14 		0 			0 		0 	0 		0 		0 	89 		0 	0 	0 	0 	0 		4 	110 	0 	0 	C 	793 
Botswana	0 		0 	0 			0 	0 	0 		0 			0 	0 				0 		0 	0 		0 	0 	12 			3 	0 			0 	4 	0 			0 	5 	0 	0 				0 	0 			261 	0 	0 	0 	0 			0 		0 	0 		0 			0 	51 	0 	0 	0 	0 	0 		3 	40 	0 	0 	0 	379 
Brazil	572 	1 	2752 	429 	6394 	471 	16 	580 	229 		0 	12103 	16425 	3435 	94 	2 	129 	41 	2 	13 	2309 	16 	6 	C 	8733 	2947 	5 	79 	1060 	9 	12 	0 	0 	9040 	4 	22 	2723 	25701 	390 	0 	4207 		0 	14 	0 	54429 	19 	5 	0 	194 	8922 	91 	98 	6599 		564 	0 	0 	3827 		0 	C 	5 	35 	576 	10500 	1977 	2501 	3 	139 		35920 	212809 	902 	36 	C 	441118 
British Indian Ocean Territory	0 		0 	0 			0 	0 	0 		0 			0 	0 				0 		0 	0 		0 		0 			0 	0 			0 	0 	0 			0 		0 	0 				0 	0 				0 	0 		0 			0 		0 	0 		0 			0 		0 	13 		0 	0 		0 	0 	0 	0 	0 	13 
Brunei Darussalam	0 		0 	0 		1 	0 	0 	0 		0 			0 	0 				0 		0 	0 		0 	13 	0 			0 	0 			0 	0 	0 			0 		0 	0 				0 	0 	0 			0 	0 		0 			0 		0 	0 		0 	4 		0 		0 	0 	0 	0 	0 		0 	0 	0 	0 	0 	19 
Bulgaria	0 		C 	461 			0 	5 	0 	0 				0 	0 				67 	0 	15 	0 	8 	0 	18 	388 		637 	209 	30 	0 		0 	174 	0 		29 	11 	2 	0 	0 		2 	0 	3 	153 	1 			0 	82 		0 	16 		0 	0 	0 	0 	16 	0 	C 	0 	6 		0 	11 	11 	0 	0 		39 	215 	0 	0 	C 	2612 
Burkina Faso	0 		C 	0 			0 	0 	0 		0 			0 	0 				0 		0 	0 		0 		0 			0 	0 			0 	81 	0 			0 		0 	0 				0 	0 				0 	0 		0 			0 		0 	0 		0 			0 		0 	0 	0 	0 	0 		0 	0 	0 	0 	0 	81 
Burundi	0 		0 	0 			0 	0 	0 		0 			0 	0 				0 	0 	0 	0 		0 		0 			0 	0 			0 	0 	0 			0 		0 	0 				0 	0 			1 	0 	0 		0 			0 		0 	0 		0 			0 		0 	0 	0 	0 	0 		0 	0 	0 	0 	0 	1 
Cambodia	0 		0 	0 			0 	0 	0 		0 			0 	C 				0 		0 	0 		0 		0 			61 	0 			0 	1 	0 			0 		0 	0 				0 	74 	0 		1 	0 	6 		0 	1 		0 		0 	0 		0 			0 		0 	0 	0 	3 	0 		0 	0 	0 	0 	0 	146 
Cameroon	0 		0 	0 			0 	0 	0 		0 			0 	0 				0 		0 	0 		0 	87 	0 			0 	0 			0 	0 	0 			0 		0 	0 				0 	0 			8 	0 	0 		0 			0 		0 	0 		0 			0 		0 	0 	1 	0 	0 		4 	0 	0 	0 	0 	100 
Canada	10 	8 	9559 	2710 	1 	156 	1035 	3879 	22086 	54 	2 		408 	635 	7997 	217 	78 	8 	679 	40 	1913 	0 	5 	634 	25780 	26017 	83 	150 	1067 	5 	212 	0 	37 	22612 	70 	107 	2909 	51662 	1121 	44 	890 	7 	2 	27 	22 	36798 	19 	141 	5 	18 	12804 	95 	545 	14369 		45 	0 	0 	206 	1 	4 	C 	104 	101 	63 	1529 	5187 	20137 	37 	1 		40436 	540255 	9 	0 	30980 	888821 
Cabo Verde	0 		0 	0 			0 	0 	0 		0 			0 	0 				0 		0 	0 		0 		0 			0 	0 			0 	0 	0 			0 		0 	0 				0 	0 			2 	0 	0 		0 			0 		0 	61 		0 			0 		0 	0 	0 	0 	0 		0 	0 	0 	0 	0 	63 
Cayman Islands	0 	0 	C 	6877 	323 	1444 	387 	5906 	40679 	1810 	6 	11849 		50 	159875 	823 	82 	22 	306 	161 	5430 	42 	30 	8737 	61430 	28959 	32 	1207 	27317 	1 	102 	28 	203 	34187 	2395 	449 	5436 	403704 	10219 	2 	6609 	6740 	2 	120 	2 	59567 	384 	204 	567 	192 	20501 	3397 	1 	4649 		31 	0 	0 	17523 		108 	7268 	29 	15 	42 	16936 	3864 	37788 	214 	83 		114526 	373316 	46 	13 	C 	1495250 
Central African Republic	0 		0 	0 			0 	0 	0 		0 			0 	0 				0 		0 	0 		0 	0 	0 			0 	0 			0 	0 	0 			0 		0 	0 				0 	0 			248 	0 	0 		0 			0 		0 	0 		0 			0 		0 	0 	0 	0 	0 		0 	0 	0 	0 	0 	248 
Chad	0 		0 	0 			0 	0 	0 		0 			0 	0 				0 		0 	0 		0 		0 			0 	0 			0 	0 	0 			0 		0 	0 				0 	0 				0 	0 		0 			0 		0 	0 		0 			0 		0 	0 	0 	0 	0 		0 	0 	0 	0 	0 	0 
Chile	40 		230 	56 			97 	27 	87 	76 	0 	283 	44 		55 	2 	10 	1 	24 		228 	0 		C 	526 	275 			53 	0 	1 	2 	0 	624 	0 	1 	31 	402 	8 	0 	42 				0 	1635 	1 			0 	608 	9 	3 	352 		86 	0 	0 	0 		0 	C 	1 	1 	0 	372 	103 	83 	46 	0 		1120 	15308 	67 	7 	C 	23029 
China, P.R.: Hong Kong	0 	1 	6576 	343 	6 	61 	47 	446 	4507 	3 	0 	6032 	12 	39 		2940 	1 	0 	1 	19 	1639 	3 	3 	376 	5129 	2589 	2 	10 	438 	3 	22 	79 	178 	10745 	172 	330 	567 	16457 	408 	6 	7027 	31 	0 	2 	0 	21678 	2345 		269 	0 	8204 	30 	0 	2708 		1 	78 	0 	31 		12 	11146 	1 	69 	35 	3400 	2537 	1895 	231 	0 		31887 	92886 	0 	0 	C 	246693 
China, P.R.: Macao	0 		C 	0 			0 	0 	0 		0 			0 	53 				0 		0 	0 		0 		0 			0 	0 			0 	0 	0 			11 		0 	0 				0 	1 				0 	0 		0 			0 		0 	131 		0 	C 		0 		0 	1 	0 	0 	0 		34 	13 	0 	0 	C 	244 
China, P.R.: Mainland	44 	0 	2352 	434 		4 	2 	523 	4648 	1 	0 	5593 	38 	97 	152388 	2550 			34 	9 	1381 	1 	1 	125 	9129 	2942 	2 	7 	535 	14 	12 	29 	0 	12308 	44 	81 	877 	13122 	2653 	0 	12342 	262 	0 	2 	0 	35928 	240 		10569 	0 	5136 	15 	0 	3659 	1 	2 	0 	0 	23 		3 	31780 	1 	107 	29 	C 	1406 	1174 	54 	0 		24365 	102303 	2 	0 	C 	441380 
Christmas Island	0 		0 	0 			0 	0 	0 		0 			0 	0 				0 		0 	0 		0 		0 			0 	0 			0 	0 	0 			0 		0 	0 				0 	0 				0 	0 		0 			0 		0 	0 		0 			0 		0 	0 		0 	0 		0 	0 	0 	0 	0 	0 
Cocos (Keeling) Islands	0 		0 	0 			0 	0 	0 		0 			0 	0 				0 		0 	0 		0 		0 			0 	0 			0 	0 	0 			0 		0 	0 				0 	0 				0 	0 		0 			0 		0 	0 		0 			0 		0 	0 		0 	0 		11 	0 	0 	0 	0 	11 
Colombia	0 		57 	73 	72 		56 	10 	8 	5 	0 	222 	91 	505 	2 			14 	0 		512 	0 		C 	234 	650 		0 	120 	0 			0 	379 	0 		163 	1412 	16 	0 	5 		0 		0 	1739 	0 			0 	909 	13 	0 	4 		726 	0 	0 	0 		0 	C 	1 	1 		C 	25 	75 	1 	0 		-68 	7952 	12 	17 	0 	16016 
Comoros	0 		C 	0 			0 	0 	0 		0 			0 	0 				0 		0 	0 		0 		0 			0 	0 			0 	0 	0 			0 	2 	0 	0 				0 	0 			6 	0 	0 		0 			0 		0 	0 		0 			0 		0 	0 	0 	0 	0 		0 	0 	0 	0 	0 	7 
Congo, Democratic Republic of	0 		C 	0 			0 	45 	0 		0 			0 	0 				0 		0 	0 		0 	25 	0 			0 	0 			0 	0 	0 			0 		0 	39 				0 	0 				0 	0 		0 			0 		0 	0 		0 			0 		0 	0 	0 	0 	0 		381 	0 	0 	0 	0 	490 
Congo, Republic of	0 		0 	0 			0 	0 	0 		0 			0 	0 				0 		14 	0 		0 	0 	0 			0 	0 			0 	4 	0 			0 		0 	0 				0 	7 			14 	0 	0 		0 			0 		0 	0 		0 			0 		0 	0 	0 	0 	0 		9 	128 	0 	0 	0 	177 
Cook Islands	0 		0 	0 			0 	0 	0 		0 			0 	C 				0 		0 	0 		0 		0 			0 	0 			0 	30 	0 			0 		0 	0 				0 	0 				0 	0 		0 			0 		0 	0 		0 	C 		0 		0 	0 		0 	0 		0 	1 	0 	0 	0 	31 
Costa Rica	0 		0 	0 			1 	0 	15 		0 		14 	0 	0 				0 		17 	0 		C 	8 	23 		0 	0 	0 			0 	12 	0 		3 	11 		0 	23 				0 	10 			2 	0 	1 	4 	0 			51 		0 	0 		0 			0 		0 	0 	3 	0 	0 		102 	171 	0 	0 	0 	470 
Cote d'Ivoire	0 		0 	9 			0 	0 	184 		0 	14 	30 	0 	C 				0 		51 	0 		0 	82 	4 			14 	0 			0 	35 	0 		7 	11 	5 	0 	0 			0 	0 	51 	19 		311 	0 	26 	0 	0 			0 		0 	0 		0 	C 		0 		0 	0 	380 	0 	0 		158 	264 	0 	0 	0 	1655 
Croatia	0 		6 	1350 			0 	35 	3 		43 	2 		0 	0 				42 	19 	80 	0 	5 	24 	230 	1262 		39 	44 	61 	0 		0 	360 	0 		303 	109 	10 	0 	0 		3 	7 	12 	1136 		1 		0 	611 		0 	89 		0 	0 	0 	45 		2 	C 	108 	114 		C 	39 	108 	2 	3 		1379 	780 	0 	0 	C 	8466 
Cuba	0 		0 	0 			0 	4 	0 		0 			0 	0 				0 		0 	0 		0 		0 			1 	0 	0 		0 	0 	0 			0 	3 	0 	0 				0 	0 				0 	0 	0 	0 			0 		0 	0 		0 			0 		0 	7 	1 	0 	0 		87 	0 	0 	10 	0 	114 
Curacao																																																																													
Curacao & St. Maarten																																																																													
Cyprus	0 		0 	4075 		97 	0 	157 	0 	5 	3 	79 		0 	612 					149 	71 	0 	7 	99 	459 	1442 	13 	2782 	356 	0 	0 		0 	235 	0 		151 	76 	408 	0 	3 		2 	0 	2 	2192 	11 	17 	388 	0 	475 		0 	428 		0 		22 	79 	9 	2840 	C 	69 	31 		C 	85 	119 	34 	0 		643 	882 	0 	0 	C 	19609 
Czech Republic	0 		108 	3476 			0 	1381 	16 	0 	249 	120 		0 	8 	0 			65 		126 	0 	52 	78 	2037 	4957 		7 	122 	356 	4 		0 	1157 	6 		662 	869 	607 	22 	24 		0 		32 	3653 	1 	4 		0 	2096 	0 	0 	385 		0 		0 	14 	2 	106 	14 	552 	128 	0 	C 	168 	671 	1 	0 		1162 	4744 	0 	0 	C 	30243 
Denmark	1 	0 	1272 	3718 		47 	356 	5618 	876 	1759 	54 	1616 	60 	0 	2234 	56 	18 	28 	90 	62 		0 	59 	14103 	13281 	27600 	40 	66 	5050 	3 	124 	19 	0 	7552 	221 	25 	3103 	12698 	2225 	0 	725 	14 	17 	0 	250 	27788 	1 	30 	3 	0 	7916 	15 	63 	20664 	0 	0 		35 	778 	20 	11 	C 	181 	105 	9 	1832 	24014 	7615 	43 	0 		11822 	37582 	7 	0 	C 	245576 
Djibouti	0 		0 	0 			0 	0 	0 		0 			0 	0 				0 		0 	0 		0 		0 			0 	0 			0 	0 	0 			0 	5 	0 	0 				0 	0 			92 	0 	0 		0 			0 		0 	0 		0 			0 		0 	0 	5 	0 	0 		0 	0 	0 	0 	0 	102 
Dominica	0 		0 	0 			0 		0 		0 			0 	0 				0 		0 	0 		0 		0 			0 	0 		0 	0 	0 	0 			0 		0 	0 				0 	0 				0 	0 		0 			0 		0 	0 		0 			0 		0 	0 	0 	0 	0 		0 	0 	0 	0 	0 	0 
Dominican Republic	1 		C 	9 	7 		1 	1 	0 	0 	0 	20 	6 	0 	2 			0 	0 		62 	0 		0 	6 	49 			5 	0 			0 	20 	0 		7 	43 	2 	0 	0 			0 	0 	209 				0 	101 	1 	0 			48 		0 	0 		4 			0 		0 	0 	2 	0 	0 		337 	622 	0 	0 	0 	1565 
Ecuador	0 		0 	4 	3 		0 	0 	0 	0 	0 		1 	126 	6 			0 	0 		16 	0 		0 	6 	6 		0 	20 	0 			0 	26 	0 		14 	22 		0 	0 			0 	0 	90 	0 			0 	17 		0 	0 		56 		0 	0 		0 			0 		0 	0 	1 	0 	0 		8 	318 	2 	0 	0 	743 
Egypt	0 	0 	C 	22 		41 	0 	4 	132 		0 	167 	2 	0 	20 				12 	0 	99 		0 	C 	763 	117 		238 	314 	0 			0 	294 	6 		14 	174 	337 	0 	32 	912 		355 	0 	1403 	2 		36 	0 	225 	0 	0 	242 		0 		0 	0 		0 	C 		1 	124 	C 	40 	32 	0 	0 		-3216 	5778 	0 	0 	C 	8723 
El Salvador	0 		C 	26 			2 	0 	0 		0 		2 	0 	C 			43 	0 		119 	0 		C 	40 	98 			37 	0 			0 	22 	0 		23 	87 	5 	0 	0 				0 	268 			1 	18 	167 		0 			42 		0 	0 		0 			0 		C 	0 	5 	0 	0 		66 	739 	0 	0 	0 	1810 
Equatorial Guinea	0 		0 	0 			0 	0 	0 		0 			0 	0 				0 		0 	0 		0 		0 			0 	0 	0 		0 	0 	0 			0 		0 	0 				0 	0 				0 	0 		0 			0 		0 	0 		0 			0 		0 	0 	0 	0 	0 		0 	0 	0 	0 	0 	0 
Eritrea	0 		0 	0 			0 	0 	0 		0 			0 	0 				0 		0 	0 		0 		0 			0 	0 			0 	0 	0 			0 		0 	0 				0 	0 	1 			0 	0 		0 			0 		0 	0 		0 			0 		0 	0 	0 	0 	0 		0 	0 	0 	0 	0 	1 
Estonia	0 		C 	72 			0 	10 	0 	0 	0 			0 	0 				14 		26 	0 		161 	15 	14 		0 	1 	0 	1 		0 	163 	0 		0 	0 		0 	0 		89 		134 	138 				0 	27 		0 	23 		0 		17 	0 		72 			1 		0 	378 	2 	0 	0 		6 	98 	0 	0 	C 	1465 
Ethiopia	0 		0 	0 			0 	0 	0 	0 	0 			0 	0 				0 		1 	49 		0 		0 			0 	0 			0 	0 	0 			0 		0 	0 				0 	0 			31 	0 	0 		0 			0 		0 	0 		0 			0 		0 	0 	0 	0 	0 		0 	0 	0 	0 	0 	80 
Falkland Islands	0 		0 	0 			0 	0 	0 		0 			0 	0 				0 		0 	0 		0 		7 			0 	0 			0 	4 	0 		0 	0 		0 	1 				0 	11 				0 	1 		0 	1 		0 		0 	0 		0 			0 		0 	0 	2 	0 	0 		25 	3 	0 	0 	0 	57 
Faroe Islands	0 		0 	0 			0 	0 	0 		0 			0 	0 				0 		830 	0 		0 		17 			0 	0 	33 		0 	4 	0 		0 	0 		0 	0 				0 	2 				0 	0 		0 	97 		0 		0 	0 		0 			0 		0 	0 	1 	0 	0 		0 	3 	0 	0 	0 	988 
Fiji	0 		0 	0 			0 	0 	0 		0 		8 	0 	0 				0 		0 	0 		0 		0 			0 	0 			0 	7 	0 		1 	0 		0 	0 				0 	62 			1 	0 	1 	0 	0 			0 	0 	0 	0 		0 			0 		0 	0 	0 	0 	0 		0 	21 	0 	0 	0 	101 
Finland	3 	0 	C 	3246 		25 	1 	5413 	131 	1 	0 	2275 	1 	11 	586 	55 	0 	10 	196 	31 	6247 	0 	488 		30745 	18983 	2 	27 	1045 	7 	49 		0 	10480 	201 	19 	4783 	12470 	565 	47 	95 		22 	2 	139 	21195 	3 	23 	3 	0 	10081 	29 	161 	9586 		0 		0 	573 		0 	C 	159 	105 	13 	3691 	23100 	7710 	0 	0 		18902 	34797 	1 	0 	16030 	244563 
France	9 	4 	15645 	30338 	19 	456 	1446 	108830 	13309 	96 	232 	23947 	611 	1387 	17580 	639 	59 	62 	1915 	1133 	24676 	73 	834 	22900 		272188 	57 	2426 	20938 	306 	207 	19 	31 	134617 	175 	2766 	149407 	155714 	10977 	1588 	1966 	379 	133 	404 	701 	292489 	76 	629 	162 	40 	182507 	77 	588 	43285 		13 	0 	327 	19601 	97 	105 	C 	1860 	2362 	250 	94413 	16648 	102613 	210 	23 	0 	193691 	356616 	18 	20 	350967 	2680884 
French Southern Territories	0 		0 	0 			0 	0 	0 		0 			0 	0 				0 		0 	0 		0 		0 			0 	0 			0 	0 	0 			0 		0 	0 				0 	0 				0 	0 		0 			0 		0 	0 		0 			0 		0 	0 		0 	0 		0 	0 	0 	0 	0 	0 
French Territories: French Polynesia	0 		0 	3 			0 	0 	0 		0 			0 	0 				0 		0 	0 		0 	26 	0 	2 		0 	0 			0 	0 	0 			0 		0 	0 				0 	0 				0 	0 		0 			0 		0 	0 		0 	C 		0 		0 	0 	0 	0 	0 		0 	0 	0 	0 	0 	30 
French Territories: New Caledonia	0 		0 	0 			0 	0 	0 		0 			0 	0 				0 		0 	0 		0 	1 	0 			0 	0 			0 	0 	0 			0 		0 	0 				0 	0 				0 	0 		0 			0 		0 	0 		0 	C 		0 		0 	0 	0 	0 	0 		0 	0 	0 	0 	0 	1 
Gabon	0 		0 	4 			0 	2 	0 	0 	0 			0 	0 				0 		45 	0 		0 	152 	66 			0 	0 			0 	48 	0 		8 	33 		0 	0 		0 	0 	0 	111 			2 	0 	76 		0 			0 		0 	0 		0 	C 		0 		0 	0 	21 	0 	0 		-6 	0 	0 	0 	0 	564 
Gambia, The	0 		0 	0 			0 	0 	0 		0 			0 	0 				0 		0 	0 		0 		0 			0 	0 			0 	0 	0 			0 		0 	0 				0 	0 				0 	0 		0 			0 		0 	0 		0 			0 		0 	0 	0 	0 	0 		0 	0 	0 	0 	0 	0 
Georgia	0 		0 	9 			0 	0 	0 		0 		4 	0 	0 				0 		32 	0 	1 	23 	1 	14 		4 	42 	0 			0 	14 	0 		2 	11 	19 	0 	7 		1 	0 	3 	87 	2 		18 	0 	39 	1 	0 	0 		0 		7 	0 		0 	C 		0 		0 	27 	4 	0 	0 		31 	117 	0 	0 	C 	522 
Germany	213 	3 	17430 	78632 		1176 	451 	55004 	12321 	51 	504 	20864 	412 	5620 	12010 	294 	385 	76 	1512 	1424 	48665 	63 	359 	27755 	337545 		141 	2406 	7072 	1021 	193 	3 	24 	133081 	265 	1369 	111693 	202672 	14974 	1789 	1171 	226 	99 	33 	550 	357911 	286 	1401 	1201 	35 	173474 	1597 	607 	57600 		12 	13 	2390 	15504 	89 	976 	C 	1248 	3062 	161 	60960 	25753 	105532 	222 	223 		250641 	289476 	57 	0 	473646 	2925631 
Ghana	0 		C 	6 			0 	0 	0 		0 			0 	17 				0 		29 	0 		C 	3 	19 			45 	0 		0 	0 	22 	0 		3 	54 	5 	0 	0 		0 	0 	0 	111 			139 	0 	43 	5 	0 	9 		0 		0 	0 		0 			0 	14 	0 	0 	4 	0 	0 		135 	229 	0 	0 	0 	891 
Gibraltar	0 		0 	105 			0 	1 	9 	561 	0 		25 	0 	C 				0 	58 	1 	0 		0 	92 	56 			0 	26 			0 	73 	0 		0 	0 	2 	0 	7 				0 	39 				0 	12 		0 	25 		0 		0 	88 		82 	C 		0 		C 	4 	72 	0 	0 		1159 	104 	0 	0 	C 	2601 
Greece	0 	0 	402 	6997 		19 	0 	18797 	631 	0 	38 	743 	29 	8 	120 	7 		1 	13010 	1289 	3097 	0 	75 	3913 	82475 	39493 	39 		165 	26 	3 		0 	11783 	25 	6 	17820 	9114 	692 	263 	40 	0 	1 	3 	100 	19964 	3 	879 	0 	0 	22110 	2 	1 	3221 		0 	25 	96 	6506 	7 	2 	1023 	112 	622 	6 	8772 	1171 	3278 	7 	45 		3661 	11474 	0 	0 	5058 	299268 
Greenland	0 		0 	0 			0 	0 	0 		0 			0 	0 				0 		40 	0 		0 		0 			0 	0 			0 	0 	0 			0 		0 	0 				0 	0 				0 	0 		0 			0 		0 	0 		0 			0 		0 	0 	0 	0 	0 		0 	0 	0 	0 	0 	40 
Grenada	0 		0 	0 			3 	2 	0 		0 		2 	0 	0 			0 	0 		0 	0 		0 	11 	0 			0 	0 			0 	4 	0 		0 	0 		0 	0 				0 	0 				0 	1 		0 	0 		0 		0 	0 		0 			2 		0 	0 	1 	0 	0 		2 	10 	0 	0 	0 	40 
Guadeloupe	0 		0 	0 			0 	0 	0 		0 			0 	0 				0 		0 	0 		0 		0 			0 	0 			0 	4 	0 			0 		0 	0 				0 	0 				0 	0 		0 			0 		0 	0 		0 					0 	0 		0 	0 		0 	0 	0 	0 	0 	4 
Guam	0 		0 	0 		23 	0 	0 	0 		0 			0 	0 			0 	0 		0 	0 		0 		0 			33 	0 			0 	0 	3 			0 		0 	0 				0 	0 				0 	0 		0 			0 		0 	0 		0 			0 		0 	0 		0 	0 		0 	0 	0 	0 	0 	59 
Guatemala	0 		0 	1 	282 		71 	0 	0 	0 	0 			0 	2 			34 	0 		8 	0 		0 	8 	12 			0 	0 			0 	12 	0 		2 	0 		0 	0 				0 	21 			1 	0 	1 		0 			107 		0 	0 		0 			0 		0 	0 	1 	0 	0 		-6 	48 	0 	0 	0 	605 
Guernsey	0 		C 	916 	21 	58 	14 	663 	1 	9 	11 	663 		0 	178 	4 			40 	31 	689 	0 		1531 	5951 	5127 		128 		31 	37 		0 	951 	1153 		1664 	4986 	220 	1 	18 			1 	15 	3133 		8 	13 	0 	3246 	186 	0 	555 		0 		1 	255 		0 	144 		0 	1787 	764 	312 	9231 	16 	0 		9785 	12271 	0 	0 	C 	66821 
Guiana, French	0 		0 	0 			0 	0 	0 		0 			0 	0 				0 		0 	0 		0 		0 			0 	0 			0 	0 	0 			0 		0 	0 				0 	0 				0 	0 		0 			0 		0 	0 		0 					0 	0 		0 	0 		0 	0 	0 	0 	0 	0 
Guinea	0 		0 	0 			0 	0 	0 		0 			0 	0 				0 		0 	0 		0 		0 			0 	0 			0 	0 	0 			0 	6 	0 	0 				0 	0 			18 	0 	0 		0 			0 		0 	0 		0 			0 		0 	0 	0 	0 	0 		0 	2 	0 	0 	0 	27 
Guinea-Bissau	0 		0 	0 			0 	0 	0 		0 			0 	0 				0 		0 	0 		0 		0 			0 	0 			0 	0 	0 			0 		0 	0 				0 	0 	0 			0 	0 		0 			0 		0 	0 		0 			0 		0 	0 	0 	0 	0 		0 	0 	0 	0 	0 	0 
Guyana	0 		0 	0 			0 	0 	0 		0 			0 	0 				0 		0 	0 		0 		0 	2 		0 	0 			0 	0 	0 			0 		0 	0 				0 	0 				0 	0 		0 			0 		0 	0 		0 			0 		0 	0 	0 	0 	0 		114 	0 	0 	0 	0 	116 
Haiti	0 		0 	0 			0 	0 	0 		0 			0 	0 				0 		0 	0 		0 		0 			0 	0 			0 	0 	0 			0 		0 	0 				0 	0 				0 	0 		0 			0 		0 	0 		0 			0 		0 	0 	0 	0 	0 		0 	0 	0 	0 	0 	0 
Honduras	0 		C 	0 			4 	0 	0 		0 			0 	C 			4 	0 		0 	0 		0 	3 	0 			0 	0 			0 	0 	0 			22 		0 	0 				0 	3 				0 	0 		0 			34 		0 	0 		0 			0 		0 	0 	23 	0 	0 		2 	29 	0 	0 	0 	123 
Hungary	0 		104 	6287 			0 	1013 	14 	16 	89 	191 	1 	0 	C 				226 	307 	392 	0 	45 	133 	2882 	11447 		179 	172 		0 		0 	3977 	0 	2 	828 	1271 	11 	0 	83 		9 	0 	55 	8290 	1 	28 	1 	0 	3312 	0 	0 	937 		0 	0 	776 	74 	53 	196 	C 	696 	135 	0 	635 	190 	762 	2 	0 		1601 	6800 	0 	0 	C 	54222 
Iceland	0 		C 	268 			0 	173 	5 	0 	1 	63 	7 	0 	106 			0 	61 	12 	122 	14 	1 	9 	669 	2172 	5 	20 	0 	0 			0 	648 	0 	1 	651 	196 	40 	50 	0 		0 	0 	13 	572 	0 			1 	308 	0 	0 	147 		0 		0 	173 		0 	C 	2 	7 		500 	431 	188 	15 	0 		8326 	1451 	0 	0 	C 	17431 
India	0 	1 	1899 	490 	30 	435 	0 	276 	194 	0 	0 	3429 	30 	0 	6470 	45 		0 	80 	2 	1360 	2 	1 	0 	6673 	971 	112 	20 	386 	22 	3 		861 	4289 	24 		585 	5171 	368 	0 	3359 	260 	0 	3 	1 	29060 	157 		140733 	0 	3512 	9 	56 	3097 		5 	0 	0 	0 		75 	25806 	2 	38 	16 	1643 	756 	629 	34 	0 		16835 	65495 	1 	0 	C 	325809 
Indonesia	0 	0 	585 	205 	2 		0 	45 	133 		0 	1153 	59 	0 	490 	1 			0 	0 	907 	0 		C 	831 	987 			683 	0 	1 	6 		1579 	2 		555 	2455 	134 	0 	397 	41 	0 	0 	0 	9388 	550 		2913 	0 	2472 	8242 	0 	626 		3 	0 	0 	0 		0 	10588 	2 	2 	2 	C 	114 	217 	29 	0 		4353 	22741 	0 	0 	C 	73493 
Iran, Islamic Republic of	0 		0 	0 			0 	12 	0 		0 			0 	C 	7 			0 		26 	0 		0 	10 	0 		0 	0 	0 			0 	0 	0 			0 	130 	0 	0 	8 			0 	0 				0 	0 		0 	8 		0 		0 	0 		0 			0 		0 	0 	10 	0 	0 		240 	0 	0 	0 	0 	451 
Iraq	0 		0 	12 			0 	0 	1 		0 	6 		0 	0 				0 	18 	70 	0 		0 	10 	10 			89 	0 			0 	3 	0 		20 	98 		0 	324 	117 	0 		0 	331 				0 	167 		0 			0 		0 	0 		0 		1 	0 		0 	0 	18 	0 	0 		38 	0 	0 	0 	0 	1332 
Ireland	3 	8 	1686 	17083 	5 	171 	145 	38061 	5747 	119 	70 	5129 	799 	4583 	12621 	304 	253 	8 	1523 	848 	12958 	0 	246 	14798 	136973 	160906 	71 	1119 	5972 	613 	733 	32 	15 		3531 	568 	74856 	51097 	13095 	163 	1167 	273 	115 	72 	286 	75331 	137 	1049 	39 	65 	53131 	57 	0 	11995 		40 	0 	92 	43785 	60 	9139 	2700 	2766 	340 	5017 	32160 	16312 	28955 	815 	33 		190019 	120020 	7 	0 	24624 	1187514 
Isle of Man	0 		C 	17 			1 	5 	11 	1 	0 	34 		0 	11 				23 		19 	0 	1 	50 	16 	109 		0 	203 	0 	2 		0 	76 			-3 	1217 	19 	0 	1 		0 		0 	551 	716 		9 	0 	144 	0 	0 	6 		0 		0 	0 		0 	C 		0 	81 	C 	3 	120 	0 	0 		1305 	1301 	0 	0 	0 	6052 
Israel	0 	1 	371 	146 			7 	73 	143 	3 	0 	1643 	88 	0 	17 	2 			110 	1 	318 	0 	0 	97 	611 	673 	2 	0 	619 	61 	2 	0 	0 	1021 	1 		156 	1162 	74 	4 	21 		0 		0 	3210 	0 		9 	0 	1392 	3 	18 	1010 		1 		0 	0 		0 	C 	1 	16 	7 	C 	121 	338 	133 	0 		4007 	58804 	6 	0 	C 	76501 
Italy	3 	1 	3624 	21294 		22 	111 	69001 	2796 	35 	34 	7912 	67 	53 	1166 	53 	1 	5 	1177 	1147 	5436 	86 	219 	9090 	336750 	188461 	8 	1017 	1159 	30 	20 		31 	163762 	29 	144 		75907 	2309 	1042 	437 	10 	4 	3 	62 	174794 	12 	638 	35 	0 	97130 	17310 	81 	20633 		2 		0 	14547 	11 	10 	7305 	2003 	880 	35 	91414 	5842 	9001 	55 	0 		130003 	78505 	24 	2 	72993 	1617782 
Jamaica	0 	0 	C 	9 			0 	3 	0 	0 	0 	11 	30 	0 	C 			0 	0 	0 	5 	0 		0 	9 	79 		0 	3 	0 			0 	3 	0 		6 	22 	6 	0 	0 				0 	22 				0 	1 	4 	0 			1 		0 	0 		0 			0 		C 	0 	13 	0 	0 		296 	382 	0 	0 	C 	905 
Japan	40 	8 	20783 	1157 		116 	460 	2628 	4041 	5 	0 	29459 	1 	479 	18068 	85 	24 	0 	42 	10 	8492 	0 	2 	668 	104235 	16676 	11 	3 	1153 	11 	107 	0 	290 	41746 	108 	99 	4120 		2034 	1620 	3228 	49 	0 	2 	0 	64037 	110 	38 	43 	0 	23956 	18 	1753 	26030 		0 	106 	0 	331 		0 	C 	2 	28 	252 	540 	10575 	16820 	181 	0 		142578 	405121 	0 	0 	191335 	1145917 
Jersey	0 		C 	6146 	34 	83 	313 	4071 	138 	2 	12 	1196 	97 	0 	987 	0 		0 	151 	159 	1255 	0 	0 	964 	18880 	22946 		2713 	1072 	49 	21 		0 	10276 	360 	2 	5749 	19629 		0 	302 	137 	2 	10 	6 	18384 	0 	337 	50 	0 	8059 	71 	0 	880 		0 	0 	22 	2800 	0 	83 	757 		0 	3274 	7588 	610 	30481 	0 	0 		35756 	45956 	1 	0 	C 	252868 
Jordan	0 		0 	0 		295 	0 	0 	0 		0 	3 		0 	1 				21 		4 	15 		0 	0 	0 			63 	0 		0 	0 	26 	0 			0 	121 	0 	3 	669 		126 	0 	21 	0 			0 	9 	0 	0 			0 		0 	0 		0 	C 		0 		0 	0 	1 	0 	0 		54 	91 	0 	0 	0 	1522 
Kazakhstan	0 		11 	88 		39 	0 	4 	0 	2 	0 	81 	171 	0 	18 				10 	41 	110 	2 	7 	0 	54 	49 		0 	313 	59 	12 		0 	48 	0 		14 	152 	36 		45 		8 	2 	7 	672 			0 	0 	55 		0 	25 		1 	0 	0 	21 		41 	25 		1 		0 	35 	38 	0 	6 		5721 	1422 	0 	0 	C 	9443 
Kenya	0 		C 	0 			0 	0 	0 		0 	1 		0 	10 				0 		19 	0 		0 	1 	0 			6 	0 		1 	0 	23 	0 		0 	0 	47 	0 	2 				0 	101 			324 	0 	0 	0 	0 	22 		0 		0 	0 		0 	C 		0 	81 	0 	2 	2 	0 	0 		38 	103 	0 	0 	0 	783 
Kiribati	0 		0 	0 			0 	0 	0 		0 			0 	0 				0 		0 	0 		0 		0 			0 	0 			0 	0 	0 			0 		0 	4 				0 	0 				0 	0 		0 			0 		0 	0 		0 			0 		0 	0 	1 	0 	0 		0 	1 	0 	0 	0 	6 
Korea, Democratic People's Rep. of	0 		0 				0 				0 				0 				0 		0 	0 		0 		0 				0 				0 	0 			0 	3 	0 	0 			0 	0 	0 				0 	0 		0 			0 		0 	0 		0 					0 	0 		0 	0 			0 	0 	0 	0 	3 
Korea, Republic of	10 	1 	3334 	534 	1 	53 	0 	734 	1264 	916 	0 	7236 	279 	245 	17852 	306 			337 	4 	1553 	6 		73 	11498 	4365 		16 	557 	92 	10 	31 	11 	12251 	12 	12 	841 	12992 	1381 	18 		1 	0 	1 	3 	26692 	1907 		20 	114 	7081 	2 	0 	5735 		34 	183 	0 	24 		22 	31224 	4 	25 	9 	C 	1409 	4243 	15121 	0 		39184 	104826 	1 	0 	C 	316691 
Kosovo, Republic of			0 																																						0 				0 	0 					0 					0 											0 		0 						0 		0 
Kuwait	0 		C 	56 		948 	0 	5 	0 		0 	8 	9 	0 	161 	17 			43 		12 	19 		0 	43 	88 		0 	76 	0 			0 	4 	0 		0 	33 	53 	0 	10 			67 	0 	167 	208 		66 	0 	26 	0 	0 			0 		0 	0 		0 	C 		0 		0 	0 	0 	0 	1 		686 	0 	0 	0 	0 	2809 
Kyrgyz Republic	0 		0 	0 			0 	0 	0 		0 			0 	0 				0 		0 	0 		0 		0 			0 	0 			0 	0 	0 	6 		0 		30 	0 				0 	48 				0 	0 		0 			0 		0 	0 		0 			0 		0 	0 	0 	0 	0 		2 	0 	0 	0 	C 	87 
Lao People's Democratic Republic	0 		0 	0 			0 	0 	0 		0 			0 	0 				0 		0 	0 		0 		0 			0 	0 			0 	0 	0 			0 		0 	0 				0 	0 				0 	0 		0 			0 		0 	0 		0 			0 		0 	0 	0 	0 	0 		1 	0 	0 	0 	0 	1 
Latvia	0 		0 	169 			0 	8 	0 		0 			0 	0 				0 		0 	0 	67 	24 	4 	756 		1 	53 	4 			0 	82 	0 		62 	0 	2 	0 	0 				50 	53 				0 	0 		0 	221 		0 		0 	0 		28 	C 	34 	4 		0 	198 	8 	0 	0 		-13 	10 	0 	0 	C 	1827 
Lebanon	0 		0 	17 		17 	0 	6 	0 	3 	0 	3 		0 	7 				501 		98 	25 		0 	74 	61 			14 	0 			0 	1 	0 		29 	65 	186 	0 	1 	95 			0 	194 				0 	117 	0 	0 			0 		0 	0 		0 			0 		C 	0 	9 	0 	0 		1372 	304 	0 	0 	0 	3199 
Lesotho	0 		0 	0 			0 	0 	0 		0 			0 	0 				0 		0 	0 		0 		0 			0 	0 			0 	0 	0 			0 		0 	0 				0 	17 			18 	0 	0 		0 			0 		0 	0 		0 			0 	304 	0 	0 	0 	0 	0 		11 	0 	0 	0 	0 	350 
Liberia	0 		0 	17 			0 	1 	53 	0 	0 	94 		0 	8 			0 	1 	1 	49 	0 		C 	133 	135 		4 	1 	0 			0 	85 	0 		178 	87 	23 	0 	2 				0 	264 	0 		912 	0 	94 		0 	439 		0 		0 	0 		0 	C 		0 		C 	12 	101 	0 	0 		82 	4121 	0 	0 	C 	6898 
Libya	0 		0 	0 		10 	0 	0 	0 		0 			0 	0 				0 		0 	0 		0 		0 			0 	0 			0 	0 	0 			0 	19 	0 	0 	4 			0 	0 				0 	0 		0 			0 		0 	0 		0 			0 	7 	0 	0 	0 	0 	0 		0 	0 	0 	0 	0 	41 
Liechtenstein	0 		0 	958 			0 	2 	0 	2 	0 	4 		0 	0 				0 	0 	0 	0 	3 	0 	40 	1456 	2 		17 	0 			0 	6 	1 		-10 	0 		0 	0 				0 	264 				0 	81 		0 			0 		0 	0 		0 	C 		5 		C 	1 		0 	0 		27 	216 	0 	0 	0 	3075 
Lithuania	0 		C 	537 			0 	95 	12 		4 	29 		0 	C 				38 		74 	0 	117 	108 	433 	2123 		27 	0 	0 	3 		0 	326 	0 		98 	43 		1 	2 		100 	1 		865 		7 		0 	258 	0 	0 	45 		0 	0 	4 	0 		16 			37 		C 	310 	130 	1 	0 		320 	792 	0 	0 	C 	6953 
Luxembourg	1312 	42 	6738 	25970 	11 	57 	496 	150844 	2387 	281 	182 	2372 	304 	26237 	21980 	630 	709 	2 	793 	5578 	15714 	55 	465 	18448 	143334 	435614 	272 	9048 	7657 	4391 	1961 	590 	85 	45415 	4612 	2629 	264671 	80621 	6324 	172 	3392 	21 	269 	215 	552 		721 	608 	891 	610 	81973 	280 	239 	10932 		32 	0 	2755 	12639 	246 	10454 	3573 	573 	435 	5556 	47507 	63950 	141762 	426 	323 		89362 	94376 	49 	5 	6748 	1870480 
Macedonia, FYR	0 		0 	61 			0 	0 	0 		3 			0 	0 				7 		1 	0 	0 	0 	0 	40 		7 	0 	0 			0 	35 	0 		5 	0 		0 	0 				0 	79 				0 	17 		0 			0 		0 	0 		1 			57 		0 	0 	4 	0 	0 	2 	15 	1 	0 	0 	C 	337 
Madagascar	0 		0 	0 			0 	0 	0 		0 			0 	1 				0 		0 	0 		0 	0 	0 			0 	0 			0 	0 	0 			0 		0 	0 				0 	0 			95 	0 	0 		0 	1 		0 		0 	0 		0 			0 		0 	0 	0 	0 	0 		0 	0 	0 	0 	0 	97 
Malawi	0 		0 	0 			0 	0 	0 		0 			0 	0 				0 		0 	0 		0 		0 			2 	0 			0 	0 	0 			0 	2 	0 	0 				0 	0 			82 	0 	0 		0 			0 		0 	0 		0 			0 	7 	0 	0 	1 	0 	0 		0 	0 	0 	0 	0 	93 
Malaysia	0 		632 	183 		84 	3 	62 	94 	1 	0 	850 	3 	0 	5144 	114 			58 		545 	7 		C 	2592 	972 	2 	0 	127 	0 	0 	1 	8 	1703 	1 		139 	3096 	207 	0 	348 	691 	0 		1 	6175 			282 	0 	2700 	4141 	23 	931 		2 	56 	0 	0 		1 	12462 	1 	1 	2 	C 	161 	299 	133 	1 		6347 	18917 	0 	0 	C 	70304 
Maldives	0 		0 	0 			0 	0 	0 		0 			0 	0 				0 		0 	0 		0 		0 			0 	0 			0 	0 	0 			0 		0 	0 				0 	0 			11 	0 	0 		0 			0 		0 	0 		0 			0 	2 	0 	0 	0 	2 	0 		0 	0 	0 	0 	0 	15 
Mali	0 		0 	0 			0 	0 	0 		0 			0 	0 				0 		0 	0 		0 		0 		0 	0 	0 			0 	0 	0 			0 		0 	0 			0 	0 	0 				0 	0 		0 			0 		0 	0 		0 			0 		0 	0 	0 	0 	0 		4 	0 	0 	0 	0 	4 
Malta	0 		0 	115 			0 	4 	0 		0 	62 		0 	0 				21 	23 	50 	0 	0 	0 	178 	37 		0 	131 	0 			0 	222 	5 		272 	22 	73 	0 	0 	56 	0 		0 	311 			3 	0 	17 		0 	6 		0 		0 	0 		0 	C 		0 	4 	C 	137 	146 	0 	0 		80 	82 	0 	0 	0 	2059 
Marshall Islands, Republic of	0 		0 	7 			0 	4 	31 	9 	0 	83 		0 	7 				0 	2 	1 	0 		0 	10 	3 			1 	0 	0 		0 	6 	0 		3 	33 		0 	0 		0 		0 	32 	1 			0 	4 	0 	0 	27 		0 		0 	0 		0 	C 		0 		C 	2 	194 	0 	0 		6 	7221 	0 	0 	C 	7686 
Martinique	0 		0 	0 			0 	0 	0 		0 			0 	0 				0 		0 	0 		0 		0 			0 	0 			0 	0 	0 			0 		0 	0 				0 	0 				0 	0 		0 			0 		0 	0 		0 					0 	0 		0 	0 		0 	0 	0 	0 	0 	0 
Mauritania	0 		C 	0 			0 	0 	0 		0 			0 	0 				0 		0 	0 		0 		0 			0 	0 			0 	0 	0 			0 		0 	0 	5 			0 	26 			50 	0 	1 		0 			0 		0 	0 		0 			0 		0 	0 	0 	0 	0 		0 	0 	0 	0 	0 	82 
Mauritius	0 		C 	1 		8 	0 	1 	0 		0 	1 		0 	52 	4 			0 	54 	36 	0 		92 	122 	20 			256 	0 			190 	373 	109 		1 	684 	165 	0 	4 	6 			0 	3563 	81 			0 	167 	8 	0 	2 	0 	0 		0 	0 		0 	C 		0 	177 	0 	31 	124 	0 	0 		445 	1484 	0 	0 	0 	8261 
Mayotte	0 		0 	0 			0 	0 	0 		0 			0 	0 				0 		0 	0 		0 		0 			0 	0 			0 	0 	0 			0 		0 	0 				0 	0 			8 	0 	0 		0 			0 		0 	0 		0 					0 	0 		0 	0 		0 	0 	0 	0 	0 	8 
Mexico	25 	3 	1077 	403 	659 	31 	0 	214 	202 	5 	0 	3404 	2180 	676 	45 	1 	1 	6 	93 	0 	1686 	0 		0 	2784 	2956 		88 	464 	1 	1 		0 	3679 	1 	3 	950 	6246 	126 	0 	291 		0 	1 	2 	13803 	4 		4 		4356 	10 	29 	1478 		91 	0 	0 	17 		0 	C 	3 	20 		2989 	490 	1517 	93 	0 		8101 	87654 	20 	11 	C 	148997 
Micronesia, Federated States of	0 		0 	0 			0 	0 	0 		0 			0 	0 				0 		0 	0 		0 		0 			0 	0 			0 	0 	0 			0 		0 	0 				0 	0 				0 	0 		0 			0 		0 	0 		0 			0 		0 	0 	0 	0 	0 		0 	0 	0 	0 	0 	0 
Moldova	0 		0 	0 			0 	0 	0 		0 			0 	0 				0 		0 	0 		0 		0 			1 	0 			0 	0 	0 			0 		0 	0 		0 		0 	85 				0 	0 		0 			0 		0 	0 		0 			9 		0 	0 	0 	0 	0 		0 	0 	0 	0 	C 	94 
Monaco	0 		0 	0 			0 	0 	0 	1 	0 			0 	0 				0 		0 	0 		0 		0 			0 	0 			0 	3 	0 		-18 	0 	15 	0 	0 				0 	2 				0 	0 		0 	0 		0 		0 	0 		0 				1 	0 	0 		0 	0 		9 	12 	0 	0 	0 	26 
Mongolia	0 		0 	1 			0 	0 	0 		0 			0 	0 				0 		2 	0 		0 		6 			12 	0 			0 	0 	0 			0 		0 	18 				0 	66 				0 	7 	0 	0 			0 		0 	0 		0 	C 		0 		0 	0 	0 	0 	0 		4 	0 	0 	0 	C 	117 
Montenegro	0 		0 	3 			0 	0 	0 		0 			0 	0 				0 		0 	0 	0 	0 		0 			0 	0 			0 	0 	0 			0 		0 	0 				0 	64 				0 	0 		0 			0 		0 	0 		1 			9 		0 	0 	4 	0 	0 		0 	0 	0 	0 	C 	80 
Montserrat	0 		0 	0 			0 	0 	0 		0 			0 	0 				0 		0 	0 		0 		0 			0 	0 			0 	0 	0 			0 		0 	0 				0 	0 				0 	0 		0 			0 		0 	0 		0 			0 		0 	0 		16 	0 		0 	0 	0 	0 	0 	16 
Morocco	0 		3 	0 			0 	1 	0 		0 	8 	2 	0 	5 				15 		1 	0 		0 	264 	102 			4 	0 			0 	99 	0 		38 	33 	277 	0 	2 	21 	0 	1 	0 	57 			14 	0 	43 	0 	0 	56 		0 		0 	146 		0 	C 		0 		734 	8 	170 	0 	0 		107 	293 	0 	0 	0 	2503 
Mozambique	0 		C 	0 			0 	0 	0 	0 	0 			0 	0 				0 		0 	0 		0 		0 			0 	0 			0 	0 	0 			0 		0 	0 				0 	1 			130 	0 	0 		0 	7 		0 		0 	85 		0 			0 		0 	0 	0 	0 	0 		2 	0 	0 	0 	0 	224 
Myanmar	0 		0 	0 			0 	0 	0 		0 			0 	0 				0 		0 	0 		0 		0 			0 	0 			0 	0 	0 			0 		0 	0 				0 	0 				0 	0 		0 			0 		0 	0 		0 	C 		0 		0 	0 	0 	0 	0 		0 	0 	0 	0 	0 	0 
Namibia	0 		0 	0 			0 	0 	0 		0 			0 	0 				0 		0 	0 		0 		0 			0 	0 			0 	0 	0 			0 		0 	0 				0 	39 			310 	0 	0 		0 	2 		0 		0 	0 		0 			0 	136 	0 	1 	0 	0 	0 		1 	4 	0 	0 	0 	493 
Nauru	0 		0 	0 			0 	0 	0 		0 			0 	0 				0 		0 	0 		0 		0 			0 	0 			0 	0 	0 			0 		0 	0 				0 	0 				0 	0 		0 			0 		0 	0 		0 			0 		0 	0 	0 	0 	0 		0 	0 	0 	0 	0 	0 
Nepal	0 		0 	0 			0 	0 	15 		0 			0 	0 				0 		0 	0 		0 	3 	0 			0 	0 			0 	0 	0 			0 		0 	0 				0 	0 			35 	0 	0 		0 			0 		0 	0 		0 			0 		0 	0 	0 	0 	0 		4 	0 	0 	0 	0 	57 
Netherlands	9 	12 	14889 	23950 	42 	483 	637 	109076 	7862 	79 	141 	10506 	727 	505 	13200 	677 	125 	92 	1740 	1810 	8712 	17 	515 	14325 	291997 	228259 	49 	1641 	3438 	410 	105 	5 	440 	70391 	149 	793 	91220 	83728 	12347 	1517 	1548 	214 	49 	107 	363 	143176 	90 	564 	234 	35 		215 	877 	20126 		4 	138 	836 	11880 	91 	3433 	C 	2351 	1224 	65 	66991 	10026 	69252 	140 	7 		164526 	232918 	46 	9 	97752 	1825905 
Netherlands Antilles	0 	42 	C 	899 	23 	3 	1 	1683 	9 	8 	12 	1040 	87 	0 	427 	1 			53 	207 	117 	0 	1 	572 	46494 	2770 	5 	99 	527 	5 	16 		3 	654 	14 	2 	676 	13491 	118 	7 	2 			27 	9 	4484 	1 		1 	1 	2074 		0 	600 		0 		0 	273 		1 	98 		42 		1446 	64 	3655 	0 	0 		630 	57311 	5 	0 	C 	140790 
New Zealand	0 	0 	4980 	48 	10 	27 	7 	14 	271 	0 	0 	717 	52 	0 	971 	2 	4 	2 	18 		18 	2 		0 	169 	171 	21 	0 	145 	0 	0 	0 	0 	661 	1 	128 	12 	4388 	146 	0 	7 	1 		0 	0 	2361 	8 		78 	0 	229 	2 		415 		1 		0 	0 		0 	1004 		2 	10 	C 	242 	783 	16 	0 		4089 	15643 	0 	0 	C 	37876 
Nicaragua	0 		0 	0 			0 	0 	0 		0 			0 	0 				0 		13 	0 		0 		0 			0 	0 			0 	4 	0 		12 	0 		0 	0 				0 	55 				0 	1 		0 			0 		0 	0 		0 			0 		0 	0 	0 	0 	0 		23 	27 	0 	0 	0 	136 
Niger	0 		0 	0 			0 	0 	0 		0 			0 	0 				0 		0 	0 		0 		0 			0 	0 			0 	0 	0 			0 		0 	0 				0 	0 	1 			0 	0 		0 			0 		0 	0 		0 			0 		0 	0 	0 	0 	0 		9 	3 	0 	0 	0 	13 
Nigeria	0 		C 	0 			0 	0 	0 		0 	15 	2 	0 	52 				0 		22 	16 		0 	2 	9 			267 	0 	0 	0 	0 	73 	0 		2 	0 	241 	0 	4 			1 	0 	178 			623 	0 	48 	0 	0 			15 		0 	20 		0 	C 		0 	184 	0 	9 	0 	0 	0 		-1331 	0 	0 	0 	0 	452 
Niue	0 		0 	0 			0 	0 	0 		0 			0 	0 				0 		0 	0 		0 		0 			0 	0 			0 	0 	0 			0 		0 	0 			0 	0 	0 				0 	0 		0 			0 		0 	0 		0 			0 		0 	0 		0 	0 		0 	0 	0 	0 	0 	1 
Norfolk Island	0 		0 	0 			0 	0 	3 		0 			0 	0 				0 		0 	0 		0 		0 			0 	0 			0 	0 	0 			0 		0 	0 				0 	0 				0 	0 		0 			0 		0 	0 		0 			0 		0 	0 		0 	0 		0 	0 	0 	0 	0 	3 
Norway	0 	1 	1358 	3189 		139 	157 	1898 	761 	5 	31 	2078 	25 	0 	2644 	40 	33 	25 	416 	110 	5679 	0 	33 	4113 	11775 	23329 	32 	59 	1114 	7 	413 	2 	0 	7919 	104 	74 	2408 	42733 	12224 	72 	123 	1 	17 	0 	39 	14733 	9 	85 		3 	7397 	29 	573 			2 	0 	0 	646 	30 	0 	C 	509 	45 	15 	2147 	19401 	8390 	41 	1 		20032 	52354 	21 	0 	C 	251645 
Oman	0 		0 	17 		37 	0 	0 	0 		0 	2 		0 	12 				0 		30 	3 	0 	0 	33 	65 			2 	0 			0 	30 	0 		0 	0 	113 	0 	4 	184 		4 	0 	68 			9 	0 	0 	0 	0 			0 		0 	0 		0 	C 		0 		0 	0 	1 	0 	0 		55 	0 	0 	0 	0 	671 
Pakistan	0 		12 	9 		160 	0 	0 	0 		0 	11 	15 	0 	31 				0 		45 	3 		0 	6 	14 			66 	0 			0 	35 	0 		2 	22 	8 	0 	1 	36 		0 	0 	625 	0 		1184 	0 	72 	0 	0 	4 		0 	0 	0 	0 		0 	C 		0 	0 	0 	0 	4 	0 	2 		180 	784 	0 	0 	0 	3330 
Palau	0 		0 	0 			0 	0 	0 		0 			0 	0 				0 		0 	0 		0 		0 			0 	0 			0 	0 	0 			0 		0 	0 				0 	0 				0 	0 		0 			0 		0 	0 		0 			0 		0 	0 	0 	0 	0 		0 	0 	0 	0 	0 	0 
Panama	1 	0 	39 	63 	26 		4 	29 	21 	57 	0 	546 	20 	690 	81 		33 	47 	0 	0 	412 	0 		C 	109 	462 			94 	0 	0 		0 	264 	0 		82 	489 	16 	1 	8 		0 	0 	0 	1246 	0 		51 	0 	558 		0 	166 				0 	0 		31 	1 	1 	0 	0 	C 	17 	991 	0 	0 		485 	20530 	2 	4 	C 	27678 
Papua New Guinea	0 		658 	9 			0 	1 	9 		0 	198 		0 	9 	2 			0 	0 	6 	0 		0 	74 	62 			6 	0 	0 		0 	290 	0 		2 	43 	2 	0 	3 				0 	778 	2 			0 	59 		0 	102 		0 		0 	0 		0 	4 		0 		0 	17 	50 	0 	0 		398 	2802 	0 	0 	C 	5587 
Paraguay	0 		0 	0 			0 	0 	0 	43 	0 			157 	C 				0 		0 	0 		0 		0 			0 	0 			0 	0 	0 			0 		0 	0 				0 	9 				0 	0 		0 			0 		0 	0 		0 	C 		0 	1 	0 	0 	0 	0 	0 		0 	5 	0 	0 	0 	215 
Peru	2 		36 	73 			0 	6 	4 	1 	0 	122 	26 	1107 	7 		41 	1 	0 	1 	471 	0 		C 	133 	681 		0 	122 	0 			0 	177 	0 		109 	543 	11 	0 	13 		0 		0 	1772 	0 			0 	717 	20 	0 	104 		77 	0 	0 	0 		0 	C 	1 	1 	1 	C 	21 	127 	1 	0 		1259 	4978 	2 	0 	C 	12771 
Philippines	0 	0 	1111 	147 	3 	2 	0 	10 	135 	0 	0 	503 		2 	919 	0 		2 	0 		771 	0 		C 	999 	700 		3 	902 	0 	0 	0 	5 	1055 	11 	4 	288 	1640 	36 	0 	123 	0 	1 	0 	0 	2580 	212 		9 	0 	1141 	474 	0 	2790 		0 		0 	0 		0 	2426 	2 	1 	1 	C 	28 	664 	31 	0 		1594 	9326 	0 	0 	C 	30651 
Pitcairn Islands	0 		0 	0 			0 	0 	0 		0 			0 	0 				0 		0 	0 		0 		0 			0 	0 			0 	0 	0 			0 		0 	0 				0 	0 				0 	0 		0 			0 		0 	0 		0 			0 		0 	0 		0 	0 		0 	0 	0 	0 	0 	0 
Poland	0 		309 	7125 		11 	0 	1277 	46 	0 	33 	467 	2 	0 	53 	16 			279 	1208 	741 	4 	101 	444 	6697 	13788 		1396 	1135 	691 	1 		0 	6055 	0 	7 	1040 	6691 	1258 	24 	131 		7 	0 	81 	10748 	7 	28 	1 	0 	3512 	2 	8 	937 		0 	0 		117 	36 	22 	290 	465 	183 	0 	744 	1379 	2199 	10 	0 		4418 	13968 	0 	0 	C 	90190 
Portugal	0 		201 	3532 	8 	37 	0 	13699 	449 	169 	0 	572 	208 	0 	94 	41 			255 	43 	780 	0 	10 	1883 	79341 	41241 		101 	46 	0 	1 		0 	62659 	37 	3 	12382 	8017 	1276 	174 	27 	11 	0 	1 	24 	17127 	0 	124 		0 	16864 	2 	1 	3030 		0 		0 			0 	562 	1655 	80 	4 	19047 	451 	1844 	0 	1 		10680 	6178 	0 	200 	9823 	314993 
Puerto Rico	0 		0 	0 			0 	0 	3 	7 	0 	14 		0 	2 			0 	0 		0 	0 		0 	5 	0 			0 	0 	0 		0 	6 	0 		1 	0 	2 	0 	0 		0 	0 	0 	0 	0 			0 	1 	0 	0 			0 		0 	0 		0 					0 	0 		0 	0 		-1 	0 	0 	0 	C 	43 
Qatar	0 		C 	75 		1135 	0 	14 	161 	1 	0 	39 	16 	0 	123 	1 			256 		241 	81 	3 	C 	183 	461 			16 	0 			0 	529 	0 		38 	282 	104 	0 	28 	2897 		175 	0 	1079 	5 		498 	0 	232 	1 	1 	67 	1 	2 	0 	0 	0 		0 	188 		0 	0 	0 	2 	289 	116 	0 		1357 	0 	0 	0 	C 	10699 
Reunion	0 		0 	0 			0 	0 	0 		0 			0 	0 				0 		0 	0 		0 		0 			0 	0 			0 	0 	0 			0 		0 	0 				0 	0 			32 	0 	3 		0 			0 		0 	0 		0 	C 				0 	0 		0 	0 		0 	1 	0 	0 	0 	36 
Romania	0 	0 	C 	1343 			0 	17 	3 		52 	3 		0 	C 				274 	13 	3 	0 	15 	C 	110 	860 		1171 	64 	2 			0 	228 	0 		153 	0 	157 	0 	1 		1 	0 	24 	909 				0 	230 		0 	2 		0 	0 	0 	0 		0 		36 	26 		C 	52 	66 	0 	0 		182 	184 	0 	0 	C 	6182 
Russian Federation	4 	0 	1058 	1935 		32 	1 	328 	175 	5 	5 	2221 	204 	0 	63 	13 	0 	0 	2027 	225 	1827 	0 	159 	2426 	2745 	4721 		526 	2776 	73 	16 		0 	2136 	17 	3 	944 	2911 	2102 	361 	1753 		37 	24 	59 	24082 	1227 		10 	0 	4568 	4 	35 	3963 		10 	0 	0 	47 	0 		1296 	65 	112 	9 	C 	6054 	2727 	65 	8 	0 	10791 	50814 	3 	0 	C 	139806 
Rwanda	0 		0 	0 			0 	0 	0 		0 			0 	0 				0 		0 	0 		0 		0 			0 	0 			0 	0 	0 			0 		0 	0 				0 	0 			2 	0 	0 		0 			0 		0 	0 		0 			0 		0 	0 	0 	0 	0 		0 	0 	0 	0 	0 	2 
Saint Helena	0 		0 	0 			0 	0 	0 		0 			0 	0 				0 		0 	0 		0 		0 			0 	0 			0 	0 	0 			0 		0 	0 		0 		0 	0 	0 			0 	0 		0 			0 		0 	0 		0 			0 		0 	0 	0 	0 	0 		0 	0 	0 	0 	0 	0 
Saint Pierre and Miquelon	0 		0 	0 			0 	0 	0 		0 			0 	0 				0 		0 	0 		0 		0 			0 	0 			0 	0 	0 			0 		0 	0 				0 	0 				0 	0 		0 			0 		0 	0 		0 					0 	0 		0 	0 		0 	0 	0 	0 	0 	0 
Samoa	0 		0 	0 			0 	0 	0 	3 	0 			0 	0 				0 		0 	0 		0 		0 			0 	0 			0 	0 	0 			0 		0 	0 				0 	0 				0 	0 		0 			0 		0 	0 		0 			0 		0 	0 	0 	0 	0 		0 	0 	0 	0 	0 	3 
San Marino	0 		0 	0 			0 	0 	0 		0 			0 	0 				0 		0 	0 		0 		0 			0 	0 			0 	0 	0 		8 	0 		0 	0 				0 	1 				0 	0 		0 			0 		0 	0 		0 			0 		0 	0 	0 	0 	0 		0 	0 	0 	0 	0 	9 
Sao Tome and Principe	0 		0 	0 			0 	0 	0 		0 			0 	0 				0 		0 	0 		0 		0 			0 	0 			0 	0 	0 			0 		0 	0 				0 	0 				0 	0 		0 			0 		0 	0 		0 			0 		0 	0 	0 	0 	0 		-44 	0 	0 	0 	0 	-44 
Saudi Arabia	0 		C 	89 		1252 	0 	71 	1 		0 	5 		0 	320 	18 			103 		9 	307 		0 	986 	95 		0 	74 	0 	0 		0 	33 	17 		5 	33 	149 	0 	3 	3810 		209 	0 	65 	199 			0 	0 	0 	0 		89 	0 	0 	0 	0 		0 	177 		0 	0 	C 	0 	1 	1 	0 		653 	0 	0 	0 	C 	8773 
Senegal	0 		C 	7 			0 	0 	0 		0 		10 	0 	0 				2 		16 	0 		0 	10 	6 			1 	0 			0 	1 	0 		0 	11 	117 	0 	0 				0 	89 	1 		130 	0 	0 	0 	0 			0 		0 	0 		1 			0 		0 	0 	14 	5 	0 		45 	11 	0 	0 	0 	476 
Serbia, Republic of	0 		0 	66 			0 	0 	0 		1 	4 		0 	0 				280 		15 	0 	1 	0 	223 	50 		421 	60 	0 			0 	24 	0 		13 	65 	2 	0 	0 	57 	0 		1 	315 				0 	61 		0 			0 		0 	0 		0 		1 	90 		0 	25 	0 	0 	0 		95 	0 	0 	0 	C 	1869 
Seychelles	0 		0 	3 			0 	0 	0 	3 	0 		1 	0 	0 				0 		0 	0 		0 	0 	4 		0 	0 	0 	0 		6 	0 	0 		2 	0 		0 	0 			1 	0 	0 			20 	0 	0 		0 			0 		0 	0 		23 			0 		C 	0 	24 	0 	0 		0 	2 	0 	0 	0 	90 
Sierra Leone	0 		0 	0 			0 	0 	3 		0 			0 	0 				0 		0 	0 		0 		0 			0 	0 			0 	0 	0 			0 	2 	0 	0 				0 	29 	0 		2 	0 	40 		0 			0 		0 	0 		0 			0 		0 	0 	0 	0 	0 		18 	0 	0 	0 	0 	94 
Singapore	0 	0 	3228 	169 		57 	3 	256 	1622 	3 	0 	3578 	43 	832 	9788 	119 			1 	1 	472 	19 	1 	225 	2489 	1855 		0 	908 	0 	10 	14 	268 	4088 	18 	44 	259 	10048 	444 	3 	748 	5 	0 	0 	2 	10748 	2888 		4827 	0 	5271 	5 	80 	1851 		0 	0 	0 	0 		0 			1 	128 	C 	808 	1518 	331 	0 		14213 	52104 	1 	0 	C 	136392 
Sint Maarten																																																																													
Slovak Republic	0 		C 	2394 			0 	652 	0 	1 	7 			0 	0 				107 	809 	4 	0 	9 	48 	532 	3345 	2 	0 	11 	0 	1 		0 	530 	0 		382 	11 		0 	0 		0 		45 	488 		27 		0 	229 		0 	117 		0 		0 	115 		0 	C 		69 		C 	2 	75 	0 	0 		386 	31 	0 	0 	C 	10429 
Slovenia	0 		0 	1831 			0 	1745 	0 	0 	18 		6 	0 	0 				88 	28 	24 	0 	14 	254 	1261 	2036 		1 	56 	2 	0 		0 	91 	0 		1160 	22 	19 	0 	0 		2 		25 	849 		43 		0 	444 		0 	96 		0 		0 	61 	5 	0 		191 			159 	52 	234 	0 	2 		31 	222 	0 	0 	C 	11073 
Solomon Islands	0 		62 	0 			0 	0 	0 		0 			0 	0 				0 		0 	0 		0 		0 			0 	0 			0 	0 	0 			0 		0 	0 				0 	0 			0 	0 	0 	1 	0 			0 		0 	0 		0 			0 		0 	0 	0 	0 	0 		15 	0 	0 	0 	0 	78 
Somalia	0 		0 	0 			0 	0 	0 		0 			0 	0 				0 		0 	0 		0 		0 			0 	0 			0 	0 	0 			0 		0 	0 				0 	0 				0 	0 		0 			0 		0 	0 		0 			0 		0 	0 	0 	0 	0 		0 	0 	0 	0 	0 	0 
South Africa	0 	1 	1153 	392 		17 	0 	353 	105 	14 	0 	2661 	32 	0 	97 	3 			120 	1 	820 	0 	1 	497 	2174 	3806 		24 	971 	1 	1 	11 	0 	3384 	134 	2 	576 	3585 	214 	0 	285 		0 	27 	10 	12272 	4 	23 	3118 	0 	3754 	3 	46 	2007 		0 	0 	10 	186 		0 	C 	1 	14 		151 	370 	1023 	148 	0 		11080 	53519 	2 	0 	C 	109204 
South Sudan																																																																													
Spain	677 	1 	3490 	14003 		128 	207 	52069 	2415 	1205 	18 	7460 	189 	405 	1418 	43 	7 	13 	801 	567 	6569 	0 	177 	7501 	284813 	230346 	5 	619 	684 	14 	23 	1 	0 	72925 	20 	116 	41290 	38247 	2382 	565 	329 		4 	4 	61 	99337 	13 	512 	0 	207 	72775 	273 	122 	32206 		4 	0 	0 	20459 	6 	2 	C 	4481 	950 	26 		9617 	14626 	6 	0 		89014 	113469 	44 	0 	70088 	1300050 
Sri Lanka	0 		C 	4 			0 	0 	0 		0 	11 		0 	130 				0 		28 	10 		0 	34 	13 			7 	0 		0 	0 	36 	0 		7 	33 		0 	0 	0 		6 	0 	863 	1 		40 	0 	40 	0 	0 	1 	21 	0 		0 	0 		0 	318 		0 		0 	2 	16 	0 	0 		336 	1025 	0 	0 	0 	2983 
St. Kitts and Nevis	0 		0 	0 			0 	0 	0 	0 	0 			0 	0 				0 		0 	0 		0 		0 			0 	0 			0 	0 	0 		0 	0 		0 	0 				0 	0 				0 	0 		0 			0 		0 	0 		6 			0 		0 	0 		0 	0 		0 	0 	0 	0 	0 	6 
St. Lucia	0 		0 	12 			4 	0 	1 		0 		8 	0 	0 				7 		0 	0 		0 		0 			0 	0 			0 	0 	0 			0 		0 	0 				0 	0 				0 	0 		0 			0 		0 	0 		0 			0 		0 	0 	0 	0 	0 		0 	15 	0 	0 	0 	47 
St. Vincent and the Grenadines	0 		0 	0 			0 	0 	0 		0 			0 	0 				0 		0 	0 		0 	1 	0 			0 	0 			0 	0 	0 			0 		0 	0 				0 	5 			3 	0 	0 		0 			0 		0 	0 		0 			0 		0 	0 	250 	0 	0 		36 	10 	0 	0 	0 	305 
Sudan	0 		0 	0 		25 	0 	0 	0 		0 			0 	0 				0 		0 	90 		0 		0 			3 	0 			0 	0 	0 			0 	16 	0 	0 	62 		4 	0 	0 			35 	0 	0 		0 			0 		0 	0 		0 	C 		0 		0 	0 	0 	0 	0 		3 	0 	0 	0 	0 	239 
Suriname	0 		0 	0 			0 	0 	0 	0 	0 			0 	0 				0 		0 	0 		0 		0 			0 	0 			0 	0 	0 			0 		0 	0 				0 	0 				0 	0 	2 	0 			0 		0 	0 		0 			0 		0 	0 	0 	0 	0 		0 	0 	0 	0 	0 	2 
Swaziland	0 		0 	0 			0 	0 	3 		0 			0 	0 			0 	0 		0 			0 		0 			0 	0 			0 	0 	0 			0 		0 	0 				0 	0 	1 		87 	0 	0 		0 	2 		0 		0 	0 		0 			0 	2 	0 	0 	0 	0 	0 		5 		9 	0 	0 	109 
Sweden	0 	0 	2583 	4486 		131 	488 	4090 	1832 	2 	30 	3874 	87 	442 	1542 	50 	62 	33 	425 	28 	17727 	0 	70 	32543 	36320 	37229 	8 	131 	5736 	16 	161 		0 	18456 	1889 	129 	6148 	34271 	2923 	28 	108 	3 	47 	3 	163 	63217 	3 	81 	5 	0 	13769 	32 	79 	27552 		0 		7 	1962 	10 	34 	2445 	720 	83 	33 	4301 		16098 	130 	5 		29707 	75744 	3 	0 	C 	450315 
Switzerland	5 	6 	6111 	3192 	142 	68 	198 	3576 	1594 	572 	2 	16115 	197 	954 	2542 	30 	9 	1 	219 	47 	7422 	128 	14 	2017 	23940 	30647 	87 	458 	3042 	57 	146 	52 	318 	18028 	84 	245 	5619 	22789 	3516 	37 	810 	168 	0 	183 	12 	42489 	19 	138 	1358 	23 	20240 	20 	441 	19169 		30 	0 	0 	566 	1 	55 	C 	14 	98 	348 	2827 	15133 		6 	4 		60487 	305011 	0 	252 	13131 	637261 
Syrian Arab Republic	0 		0 	0 			0 	0 	0 		0 			0 	0 				0 		0 	9 		0 		0 			0 	0 			0 	0 	0 			0 	76 	0 	0 	82 		29 	0 	0 				0 	0 		0 			0 		0 	0 		0 			0 		0 	0 	0 	0 	0 		0 	0 	0 	0 	0 	196 
Taiwan Province of China	8 	1 	2751 	111 			0 	165 	622 	0 	0 	4336 	2 	15 	5039 	6 			0 	3 	922 	0 	0 	298 	4470 	1539 			168 	0 	5 	19 	0 	6906 	0 		489 	2911 	368 	0 	401 		0 	0 	0 	16785 	779 		66 	0 	5185 	3 	0 	2820 		0 	0 	0 	11 		0 	9118 	1 	8 	9 	C 	1025 	942 	0 	0 		19550 	76858 	0 	0 	C 	164717 
Tajikistan	0 		0 	0 			0 	0 	0 		0 			0 	0 				0 		0 	0 		0 		0 			0 	0 			0 	0 	0 			0 		0 	0 				0 	29 				0 	0 		0 			0 		0 	0 		3 			0 		0 	0 	0 	0 	0 		0 	0 	0 	0 	C 	32 
Tanzania	0 		0 	0 			0 	0 	0 		0 			0 	0 				0 		0 	0 		0 		0 			0 	0 			0 	0 	0 			0 		0 	0 				0 	0 			665 	0 	0 		0 			0 		0 	0 		0 			0 	5 	0 	0 	0 	0 	0 		35 	0 	0 	0 	0 	705 
Thailand	0 		C 	118 			0 	34 	117 	0 	0 	1280 		2 	1053 	26 			5 	0 	395 	9 		0 	559 	740 	3 	0 	604 	1 	1 	5 	39 	1282 	10 	2 	191 	1771 	92 	0 	259 	2 			0 	6202 	334 		1052 	0 	1958 	7170 	0 	642 		1 	20 	0 	0 		0 	4054 		0 	2 	C 	170 	254 		0 		4346 	14222 	0 	0 	C 	49029 
Timor-Leste, Dem. Rep. of	0 		C 	0 			0 	0 	0 		0 			0 	0 				0 		0 	0 		0 		0 			0 	0 			0 		0 			0 		0 	0 				0 	0 				0 	0 		0 			0 		0 	0 		0 	C 				0 	0 	0 	0 	0 		0 	0 	0 	0 	0 	0 
Togo	0 		0 	0 			0 	0 	0 		0 			0 	0 				0 		0 	0 		0 		0 			0 	0 			0 	0 	0 			0 	18 	0 	0 				0 	5 			33 	0 	0 		0 			0 		0 	0 		0 			0 		0 	0 	0 	0 	0 		0 	1 	0 	0 	0 	57 
Tokelau Islands	0 		0 	0 			0 	0 	0 		0 			0 	C 				0 		0 	0 		0 		0 			0 	0 			0 	393 	0 			0 		0 	0 				0 	0 				0 	0 		0 			0 		0 	0 		0 			0 		0 	0 		0 	0 		0 	0 	0 	0 	0 	393 
Tonga	0 		0 	0 			0 	0 	0 		0 			0 	0 				0 		0 	0 		0 		0 			0 	0 			0 	0 	0 			0 		0 	0 				0 	0 			0 	0 	0 		0 			0 		0 	0 		0 			0 		0 	0 	0 	0 	0 		0 	0 	0 	0 	0 	0 
Trinidad and Tobago	0 	1 	C 	1 			3 	0 	0 		0 	35 	89 	0 	1 		1 		27 		71 	0 		0 	9 	40 			28 	0 			0 	30 	0 		0 	141 		0 	0 				0 	174 				0 	37 	10 	0 	5 		7 		0 	0 		0 			0 		0 	0 	2 	0 	0 		200 	1403 	0 	0 	C 	2317 
Tunisia	0 		0 	186 		103 	0 	9 	0 		0 			0 	C 				64 		50 	37 		0 	160 	655 		0 	12 	1 			0 	307 	0 		73 	1217 	53 	0 	0 	103 		1 	1 	112 			150 	0 	150 	0 	57 	3 		0 		0 	0 		0 	C 		0 		0 	0 	3 	7 	0 		206 	463 	0 	0 	C 	4184 
Turkey	0 	0 	409 	939 		7092 	0 	225 	13 		36 	878 	77 	5 	75 		0 	3 	13 	47 	960 	11 	46 	56 	1631 	2847 		655 	723 	7 	5 	4 	0 	2324 	0 	5 	864 	2259 	589 	0 	190 	605 	0 	15 	5 	8735 	0 	6094 		1 	3384 	0 	8 	1524 		0 	0 	447 	0 		3 	C 	5 	19 	34 	C 	885 	536 	0 			14073 	28526 	2 	0 	C 	87893 
Turkmenistan	0 		0 	0 			0 	0 	0 		0 			0 	0 				0 		0 	0 		0 		0 			0 	0 			0 	0 	0 			0 	5 	0 	1 				0 	0 				0 	0 		0 			0 		0 	0 		6 			0 		0 	2 	0 	0 	0 		0 	0 	0 	0 	C 	14 
Turks and Caicos Islands	0 		0 	0 			0 	0 	0 	76 	0 			0 	0 				0 		0 	0 		0 		765 			0 	0 			0 	0 	0 		0 	0 		0 	0 				0 	0 				0 	0 		0 			0 		0 	0 		0 			0 		0 	0 	0 	0 	0 		0 	0 	0 	0 	0 	841 
Tuvalu	0 		0 	0 			0 	0 	0 		0 			0 	0 				0 		0 	0 		0 		0 			0 	0 			0 	0 	0 			0 		0 	0 				0 	0 				0 	0 		0 			0 		0 	0 		0 			0 		0 	0 	0 	0 	0 		0 	0 	0 	0 	0 	0 
Uganda	0 		0 	0 			0 	0 	0 		0 			0 	0 				0 		0 	0 		0 		0 			3 	0 			0 	0 	0 			0 	2 	0 	0 				0 	0 	0 		152 	0 	0 		0 	5 		0 		0 	0 		0 			0 	9 	0 	0 	0 	0 	0 		15 	6 	0 	0 	0 	191 
Ukraine	0 		C 	156 			0 	1 	1 		3 	89 	135 	0 	12 				23 	0 	151 	5 	5 	C 	60 	99 		540 	203 	1 	11 		0 	377 	0 		41 	130 	10 	11 	0 		13 	0 	7 	493 			1 	0 	442 		0 	0 		0 	0 	8 	0 		23 	C 	1 	0 		0 	7 	26 	0 	1 		1977 	960 	1 	0 	C 	6025 
United Arab Emirates	0 		27 	291 		2978 	0 	305 	138 	0 	0 	115 	21 	846 	1076 	64 			380 	4 	188 	466 	3 	0 	405 	1102 	2 	14 	357 	1 	1 	1 	0 	843 	0 		68 	478 	398 	0 	66 	3011 		226 	1 	1488 	87 	135 	1175 	0 	339 	3 	0 	148 	8 	5 	0 	0 	0 		1 	C 	15 	1 	2 	C 	4 	1242 	178 	0 		4777 	0 	1 	0 	C 	23486 
United Kingdom	35 	8 	38089 	21041 	306 	2001 	1741 	31213 	19801 	72 	117 	50871 	1114 	6223 	90133 	1285 	194 	133 	24077 	1035 	21185 	357 	180 	16264 	244249 	201987 	1691 	65385 	38150 	178 	642 	87 	381 	376651 	18162 	2197 	69650 	182501 	57034 	2314 	9416 	2068 	41 	584 	74 	223336 	1679 	966 	823 	182 	140286 	281 	2000 	84637 	4 	68 	429 	526 	13331 	156 	1499 	57537 	1839 	670 	54851 	50803 	45790 	62756 	324 	756 	46 		958256 	87 	0 	152468 	3457298 
United States	16280 	299 	166646 	26331 	2618 	8568 	8774 	46621 	300363 	4218 	189 	324612 	29132 	32007 	91922 	1128 	8991 	601 	3689 	2408 	58485 	1864 	141 	17601 	218004 	198590 	217 	7070 	30007 	2130 	1343 	291 	523 	475544 	1783 	32348 	119431 	919346 	55076 	13818 	31827 	3837 	80 	1951 	198 	433278 	6011 	737 	1372 	11209 	346461 	6280 	10737 	150452 	3 	3546 	2458 	1016 	11872 	71 	4160 	95141 	1211 	1415 	10410 	49252 	90887 	145458 	2006 	201 		807088 		958 	5056 	1866316 	7331961 
Uruguay	1 		C 	91 	20 		0 	4 	1 	109 	0 	42 	3 	611 	2 			6 	0 	0 	310 	0 	0 	C 	58 	366 		1 	238 	0 			0 	68 	0 		79 	619 	10 	0 	0 			0 	0 	735 				0 	439 	35 	0 			0 		0 	0 		0 		1 	0 		C 	0 	24 	0 	0 		160 	1714 		15 	0 	5764 
US Pacific Islands	0 		0 	0 		1 	0 	0 	3 		0 			0 	0 				0 		0 	0 		0 		0 			0 	0 			0 		0 			0 	91 	0 	0 				0 	0 				0 	0 		0 	4 		0 		0 	0 		0 			0 		0 	0 		0 	0 		0 	0 	0 	0 	0 	99 
US Virgin Islands	0 	12 	0 	1 			0 	0 	0 	16 	0 			0 	5 	2 			0 		10 	0 		0 	0 	0 			59 	0 			0 	0 	0 			999 	2 	0 	0 			0 	0 	0 	18 			0 	0 		0 	1 		0 		0 	0 		0 	C 		0 		0 	4 		0 	0 		423 	0 	1 	0 	0 	1555 
Uzbekistan	0 		0 	0 			0 	0 	0 		0 			0 	0 				0 		0 	0 		0 		0 			0 	0 			0 	0 	0 			0 	2 	0 	0 				0 	0 	0 			0 	0 		0 			0 		0 	0 		1 			0 		0 	0 	0 	0 	0 		0 	0 	0 	0 	C 	3 
Vanuatu	0 		0 	0 			0 	0 	0 		0 			0 	0 				0 		0 	0 		0 		0 			0 	0 			0 	0 	0 			0 		0 	0 				0 	0 			0 	0 	0 		0 			0 		0 	0 		0 			0 		0 	0 	0 	0 	0 		0 	0 	0 	0 	0 	0 
Vatican	0 		0 	0 			0 	0 	0 		0 			0 	0 				0 		0 	0 		0 		0 			0 	0 			0 	0 	0 			0 		0 	0 				0 	0 				0 	0 		0 			0 		0 	0 		0 			0 		0 	0 	0 	0 	0 		0 	0 	0 	0 	0 	0 
Venezuela, Republica Bolivariana de	0 		C 	143 			0 	8 	6 	0 	0 	102 	61 	230 	7 		1 	2 	137 	0 	532 	0 	0 	C 	327 	647 		36 	239 	0 			0 	102 	0 		663 	445 	1365 	0 	14 		1 	6 	0 	2717 		12 		0 	1412 	550 	0 	0 		130 	0 	0 	92 		0 	C 	1 	1 	0 	C 	0 	272 	2 	4 		1325 	9647 	34 		C 	21275 
Vietnam	0 		C 	6 			0 	15 	3 		0 	4 		0 	319 				0 	0 	28 	0 		0 	84 	49 			7 	0 			0 	68 	0 		3 	54 		0 	508 		0 	0 	0 	112 	687 		418 	0 	32 		0 	1 		0 		0 	0 		1 	592 	0 	0 		0 	0 	43 	12 	0 		986 	419 	0 	0 	0 	4450 
Virgin Islands, British	0 		C 	258 		131 	3 	759 	1236 	363 	0 	1499 	55 	0 	5663 	207 		0 	6 	20 	101 	0 	9 	651 	3150 	241 	8 	20 	2572 	3 	29 		86 	2201 	1196 	33 	158 	1206 	968 	122 	16 	118 	1 	7 	5 	6209 	997 		228 	0 	861 	2172 	0 	120 	4 	2 	0 	0 	1790 		2061 	723 	1 	0 	591 	409 	594 		1 	0 		2499 	10314 	1 	0 	C 	52678 
Wallis and Futuna	0 		0 	0 			0 	0 	0 		0 			0 	0 				0 		0 	0 		0 		0 			0 	0 			0 	0 	0 			0 		0 	0 			0 	0 	0 				0 	0 		0 			0 		0 	0 		0 			0 		0 	0 	0 	0 	0 		0 	0 	0 	0 	0 	0 
West Bank and Gaza	0 		0 	0 			0 	0 	0 		0 			0 	0 				0 		0 	0 		0 		0 			0 	0 			0 	10 	0 			0 		0 	0 				0 	0 				0 	0 		0 			0 		0 	0 		0 			0 		0 	0 	0 	0 	0 		0 	0 	0 	0 	0 	10 
Western Sahara	0 		0 	0 			0 	0 	0 		0 			0 	0 				0 		0 	0 		0 		0 			0 	0 			0 	0 	0 			0 		0 	0 				0 	0 				0 	0 		0 			0 		0 	0 		0 						0 		0 	0 		0 	0 	0 	0 	0 	0 
Yemen, Republic of	0 		0 	0 			0 	0 	0 		0 			0 	0 				0 		2 	1 		0 		0 			40 	0 			0 	0 	0 			0 		0 	0 	58 		0 	0 	0 				0 	0 		0 			0 		0 	0 		0 			0 		0 	0 	0 	0 	0 		3 	0 	0 	0 	0 	104 
Zambia	0 		C 	0 			0 	3 	0 		0 			0 	1 				0 		1 	0 		0 	22 	0 			18 	0 			0 	13 	0 			0 	11 	0 	0 				0 	5 			37 	0 	0 	0 	0 			0 		0 	0 		0 			0 	57 	0 	2 	0 	0 	0 		150 	51 	0 	0 	0 	372 
Zimbabwe	0 		C 	0 			0 	0 	0 		0 			0 	0 				0 		0 	0 		0 	0 	0 		0 	2 	0 			0 	4 	0 			0 		0 	0 				0 	4 			248 	0 	0 	0 	0 			0 		0 	0 		0 			0 	22 	0 	1 	5 	0 	0 		8 	68 	0 	0 	0 	363 
Not Specified (including Confidential)	20 	1 	C 	4 	1 	170 	761 	2175 	2623 		0 	314 		0 	667 	10 			1358 		3017 	0 	3 	4920 	177 	0 		22192 	0 	0 	35 	7 	0 	49233 	551 	6384 	5001 	0 		0 	718 	883 	1739 	2 	0 	177 	3002 	1243 	19 	4237 	16155 	1 	8184 	9839 		66 	1329 	1755 	775 	87 	0 	111967 	5 	0 	893 	2888 	1782 	126325 	393 	0 		133357 	13364 	34 	2527 	330606 	873976 
International Organizations	8 		C 	3682 		19 	442 	10573 	1928 		284 	3948 	23 	4 	9610 	266 	1097 	36 	274 	1114 	1019 	77 	23 	0 	45172 	28213 	11 	1864 	1070 	1 	29 	23 	0 	7994 	38 		54233 	121627 	5280 	900 	494 		0 		9 	21110 		129 		162 	719 	18 	98 	5118 		0 	101 	427 	1561 	245 	1552 		154 	95 	111 	7009 	1487 	8670 	0 	16 		53392 	48572 	115 	78 	C 	452323 
World	19353 	476 	392856 	358004 	11226 	31739 	21444 	777993 	471535 	17395 	2592 	616541 	56419 	90401 	811482 	14560 	12381 	1496 	62175 	24847 	296600 	4120 	5006 	240403 	2878603 	2507866 	3085 	129748 	193053 	11801 	6928 	1366 	4193 	1948551 	38695 	51883 	1116480 	2845894 	242774 	28110 	101146 	37051 	2989 	5271 	4495 	2711995 	27054 	17917 	181584 	17423 	1503586 	55717 	37854 	650081 	131 	6020 	5027 	12486 	210684 	1720 	38114 	467924 	26001 	16274 	96561 	631625 	426182 	1075922 	23431 	1922 	49 	3035788 	5952867 	2723 	8563 	3817546 	37561800 